,LotFrontage,LotArea,OverallQual,YearBuilt,YearRemodAdd,MasVnrArea,BsmtUnfSF,TotalBsmtSF,1stFlrSF,GrLivArea,GarageYrBlt,GarageArea,WoodDeckSF,OpenPorchSF,MiscVal,SalePrice,MSZoning_FV,MSZoning_RH,MSZoning_RL,MSZoning_RM,Street_Pave,Alley_Pave,LotShape_IR2,LotShape_IR3,LotShape_Reg,LandContour_HLS,LandContour_Low,LandContour_Lvl,Utilities_NoSeWa,LotConfig_CulDSac,LotConfig_FR2,LotConfig_FR3,LotConfig_Inside,LandSlope_Mod,LandSlope_Sev,Neighborhood_Blueste,Neighborhood_BrDale,Neighborhood_BrkSide,Neighborhood_ClearCr,Neighborhood_CollgCr,Neighborhood_Crawfor,Neighborhood_Edwards,Neighborhood_Gilbert,Neighborhood_IDOTRR,Neighborhood_MeadowV,Neighborhood_Mitchel,Neighborhood_NAmes,Neighborhood_NPkVill,Neighborhood_NWAmes,Neighborhood_NoRidge,Neighborhood_NridgHt,Neighborhood_OldTown,Neighborhood_SWISU,Neighborhood_Sawyer,Neighborhood_SawyerW,Neighborhood_Somerst,Neighborhood_StoneBr,Neighborhood_Timber,Neighborhood_Veenker,Condition1_Feedr,Condition1_Norm,Condition1_PosA,Condition1_PosN,Condition1_RRAe,Condition1_RRAn,Condition1_RRNe,Condition1_RRNn,Condition2_Feedr,Condition2_Norm,Condition2_PosA,Condition2_PosN,Condition2_RRAe,Condition2_RRAn,Condition2_RRNn,BldgType_2fmCon,BldgType_Duplex,BldgType_Twnhs,BldgType_TwnhsE,HouseStyle_1.5Unf,HouseStyle_1Story,HouseStyle_2.5Fin,HouseStyle_2.5Unf,HouseStyle_2Story,HouseStyle_SFoyer,HouseStyle_SLvl,RoofStyle_Gable,RoofStyle_Gambrel,RoofStyle_Hip,RoofStyle_Mansard,RoofStyle_Shed,RoofMatl_CompShg,RoofMatl_Membran,RoofMatl_Metal,RoofMatl_Roll,RoofMatl_Tar&Grv,RoofMatl_WdShake,RoofMatl_WdShngl,Exterior1st_AsphShn,Exterior1st_BrkComm,Exterior1st_BrkFace,Exterior1st_CBlock,Exterior1st_CemntBd,Exterior1st_HdBoard,Exterior1st_ImStucc,Exterior1st_MetalSd,Exterior1st_Plywood,Exterior1st_Stone,Exterior1st_Stucco,Exterior1st_VinylSd,Exterior1st_Wd Sdng,Exterior1st_WdShing,Exterior2nd_AsphShn,Exterior2nd_Brk Cmn,Exterior2nd_BrkFace,Exterior2nd_CBlock,Exterior2nd_CmentBd,Exterior2nd_HdBoard,Exterior2nd_ImStucc,Exterior2nd_MetalSd,Exterior2nd_Other,Exterior2nd_Plywood,Exterior2nd_Stone,Exterior2nd_Stucco,Exterior2nd_VinylSd,Exterior2nd_Wd Sdng,Exterior2nd_Wd Shng,MasVnrType_BrkFace,MasVnrType_None,MasVnrType_Stone,ExterQual_Fa,ExterQual_Gd,ExterQual_TA,ExterCond_Fa,ExterCond_Gd,ExterCond_Po,ExterCond_TA,Foundation_CBlock,Foundation_PConc,Foundation_Slab,Foundation_Stone,Foundation_Wood,BsmtQual_Fa,BsmtQual_Gd,BsmtQual_TA,BsmtCond_Gd,BsmtCond_Po,BsmtCond_TA,BsmtExposure_Gd,BsmtExposure_Mn,BsmtExposure_No,BsmtFinType1_BLQ,BsmtFinType1_GLQ,BsmtFinType1_LwQ,BsmtFinType1_Rec,BsmtFinType1_Unf,BsmtFinType2_BLQ,BsmtFinType2_GLQ,BsmtFinType2_LwQ,BsmtFinType2_Rec,BsmtFinType2_Unf,Heating_GasA,Heating_GasW,Heating_Grav,Heating_OthW,Heating_Wall,HeatingQC_Fa,HeatingQC_Gd,HeatingQC_Po,HeatingQC_TA,CentralAir_Y,Electrical_FuseF,Electrical_FuseP,Electrical_Mix,Electrical_SBrkr,KitchenQual_Fa,KitchenQual_Gd,KitchenQual_TA,Functional_Maj2,Functional_Min1,Functional_Min2,Functional_Mod,Functional_Sev,Functional_Typ,FireplaceQu_Fa,FireplaceQu_Gd,FireplaceQu_Po,FireplaceQu_TA,GarageType_Attchd,GarageType_Basment,GarageType_BuiltIn,GarageType_CarPort,GarageType_Detchd,GarageFinish_RFn,GarageFinish_Unf,GarageQual_Fa,GarageQual_Gd,GarageQual_Po,GarageQual_TA,GarageCond_Fa,GarageCond_Gd,GarageCond_Po,GarageCond_TA,PavedDrive_P,PavedDrive_Y,PoolQC_Fa,PoolQC_Gd,Fence_GdWo,Fence_MnPrv,Fence_MnWw,MiscFeature_Othr,MiscFeature_Shed,MiscFeature_TenC,SaleType_CWD,SaleType_Con,SaleType_ConLD,SaleType_ConLI,SaleType_ConLw,SaleType_New,SaleType_Oth,SaleType_WD,SaleCondition_AdjLand,SaleCondition_Alloca,SaleCondition_Family,SaleCondition_Normal,SaleCondition_Partial,2ndFlrSF_1,EnclosedPorch_1,3SsnPorch_1,ScreenPorch_1,PoolArea_1,BedroomAbvGr_1,BedroomAbvGr_2,BedroomAbvGr_3,BedroomAbvGr_4,BedroomAbvGr_5,BedroomAbvGr_6,BedroomAbvGr_8,BsmtFullBath_1,BsmtFullBath_2,BsmtFullBath_3,BsmtHalfBath_1,BsmtHalfBath_2,Fireplaces_1,Fireplaces_2,Fireplaces_3,FullBath_1,FullBath_2,FullBath_3,GarageCars_1,GarageCars_2,GarageCars_3,GarageCars_4,HalfBath_1,HalfBath_2,KitchenAbvGr_1,KitchenAbvGr_2,KitchenAbvGr_3,MoSold_2,MoSold_3,MoSold_4,MoSold_5,MoSold_6,MoSold_7,MoSold_8,MoSold_9,MoSold_10,MoSold_11,MoSold_12,MSSubClass_30,MSSubClass_40,MSSubClass_45,MSSubClass_50,MSSubClass_60,MSSubClass_70,MSSubClass_75,MSSubClass_80,MSSubClass_85,MSSubClass_90,MSSubClass_120,MSSubClass_160,MSSubClass_180,MSSubClass_190,OverallCond_2,OverallCond_3,OverallCond_4,OverallCond_5,OverallCond_6,OverallCond_7,OverallCond_8,OverallCond_9,TotRmsAbvGrd_3,TotRmsAbvGrd_4,TotRmsAbvGrd_5,TotRmsAbvGrd_6,TotRmsAbvGrd_7,TotRmsAbvGrd_8,TotRmsAbvGrd_9,TotRmsAbvGrd_10,TotRmsAbvGrd_11,TotRmsAbvGrd_12,TotRmsAbvGrd_14,YrSold_2007,YrSold_2008,YrSold_2009,YrSold_2010
LotFrontage,1.0,0.28128262127673026,0.2368910469094296,0.10742720936522356,0.0873247109566288,0.17414607058109197,0.13885170035369535,0.35960554013505214,0.4040987679616025,0.3598656433874854,0.040960027197373204,0.3179247527262427,0.06132945033423377,0.13146778734439446,-0.012273672374368673,0.329220448383294,-0.0841586756613707,-0.043059725731649415,0.3015833510255676,-0.28559991537180685,-0.03707793596357845,-0.15934321946634653,0.016704691973526576,0.17328301547370897,-0.10540127844692544,0.07038162794454511,0.01964066112168881,-0.08212597137148397,-0.009684441033505515,-0.09753724480630496,-0.0473240175815429,0.005823073261471924,-0.11023437795420671,0.06086998168171838,0.003434494781337041,-0.07336101420947672,-0.21998043626027375,-0.09516684853452134,0.016428806001938547,0.023411339505512427,0.010411892775901916,-0.008579727148974538,0.04347137879954838,-0.04307327315382435,-0.17813745627624514,-0.007162345640287627,0.10202119310400724,-0.10509498462429502,0.04984990898580035,0.13227671391982915,0.14074122041808643,-0.07227577973042922,-0.05473142874793645,0.011349641638978893,0.013577412428632401,-0.04516483029165004,-0.036068537419667486,0.05579284052141171,-0.03293913894426898,0.05480645974786628,-0.07545936311415899,0.13943816849089077,0.009173909934938178,-0.028331689189959732,-0.014818168482764677,-0.0004426859901237211,0.030250944980502993,0.003543731932802165,-0.029782692608415807,0.007887162830104447,0.08904798955180955,-0.00968444103350561,-0.009684441033505568,-0.02281535487560709,-0.016216838562909487,0.01903514962901251,-0.3205755071754349,-0.2970446167387896,-0.05841231614838969,0.06546822322454879,0.03481688830660044,-0.025850754706870042,0.004536010240493711,-0.07583401748440802,0.02669314644717889,-0.17546293568654792,-0.03577449263922847,0.1676915220767519,0.04398166537355654,-0.013700563848187887,-0.14554057167904816,0.005544282314956331,-0.00968444103350569,0.031315967981584446,0.0911075852102112,0.013988232427734615,0.0365988759059959,0.00788716283010447,0.004529018206650352,0.021342106741908833,0.025458766693714385,-0.06973751047909793,-0.004549350018502801,0.024287326436140434,-0.1103222069582091,-0.010169836363608065,0.011157957135682484,0.04897754964586212,0.08854073748986714,0.027817291397374162,-0.02292879840424365,0.020438293459745363,-0.09577628325698777,0.0029109191520336193,0.025458766693714385,-0.06253059324288146,-0.01786128728093891,0.04582771248192819,-0.11283600345181939,0.0008585212846604446,0.04365448281004613,-0.007520516432378258,0.04079757955023398,0.09774818923589082,0.0262274326673286,-0.06201050288492065,0.0515405132614182,-0.10816350909771236,0.09989212908224104,0.017692999662322868,0.08300696811521029,-0.14488546419566534,-0.026922181626057508,-0.038513681140763534,-0.015541642321375691,0.04969565441084999,0.005913847518414992,0.06139714704912736,-0.023960684075163392,-0.004600289046100644,0.06239960722649834,-0.04014155558927037,-0.0379670847411816,-0.07345746892718198,0.0044039060768270655,-0.013700563848188,0.03442275474076445,0.13886717269197715,0.028048467627034463,-0.13505499384457315,-0.01579341492648423,0.0761619346331433,-0.05711185607202865,0.03168352416182763,-0.031982884585574974,0.018183321444079324,-0.040486683911981965,0.005914702753543904,0.020716910669449997,-0.019565428459265906,-0.0003039426901831973,0.018939169907442977,0.004938174962483881,-0.021986737509478032,-0.02525205839181759,-0.033368721454157105,-0.04114292438504178,-0.02139884360924569,-0.06431894514309612,0.05534102103486868,-0.022113839872194556,-0.02761417875702044,-0.00968444103350567,0.05568644606994126,0.006192966688307838,0.041419676113474024,-0.13695677675209236,0.002971556182310929,-0.02259465600975736,0.00384431873371465,0.0024293284597763816,-0.00968444103350563,0.021683673069648073,-0.009446853370054117,-0.06572162708164855,-0.021447114979065034,0.05760605689309862,0.16238807487742957,0.03892012304923382,0.06599597731712373,0.023335071866077833,-0.22458619057306925,0.12090017910415563,-0.21788585892467927,-0.04396909979310058,-0.012497538841100235,-0.014078271090325835,0.0422005217464007,-0.035332967479981645,-0.018561318513403615,-0.015027246270451017,0.04148142472425886,-0.01166871577989599,0.07432154470122943,0.017786896064714557,-0.1283646301584057,0.02071691066944991,-0.032966774694598404,0.0010851053952457177,-0.005414390186897788,0.005946705540174768,0.01374436411797441,-0.0017991288421651422,-0.02695844170625221,0.03508172337434358,0.011889817904796733,-0.046341185106728515,0.1476739320799376,-0.01949263415700357,-0.10699459853676116,-0.032287937256713285,-0.017381582887227402,0.01968453631456791,-0.09065042388995917,0.1462957399419665,-0.039010245027744604,-0.04213694675369133,0.04569599939372484,0.028898990483553485,0.20547973934663002,-0.13942663287085685,-0.18334185187550556,0.10882177644912495,0.1384884081525714,0.022751650075167336,0.007156555099476639,-0.009684441033505586,0.04742457724110441,0.09299935641860473,-0.009684441033505619,0.0008928649106292971,-0.04021631956431619,0.13205057276961293,0.07978655079909444,0.1477621582650224,-0.1498882128323249,0.11476798141472223,0.13117836471381936,-0.15906632665705206,0.0005495123581047845,0.2663135548158111,0.011889817904796767,0.03568878967116659,0.010113681856532867,0.004823315227458872,0.0020263871039896187,-0.01121471174980096,0.001837142252663208,0.009647781857346955,-0.06491682484345203,-0.012595977515076892,-0.00288115478938178,0.020424965148756555,-0.033068438113668656,0.04844131809706865,-0.024053011256561528,0.05688273200798965,-0.012413360110813057,-0.0792103764084152,-0.036978523166643774,-0.05404193587890763,-0.06973752514405064,0.18007419301469982,-0.028565655052308264,0.03848276481149364,0.04417217187027169,-0.0008812893322485111,0.01903514962901251,-0.21740303154304141,-0.34446321607490726,-0.16003303928905288,-0.014693171150693388,0.013988232427734521,-0.04150203742663179,0.019900881142080076,0.07077723308765671,-0.03627668396698046,-0.025032290614663312,-0.045185013984754586,-0.01606939634974568,-0.12728520704014296,-0.13326212814089122,-0.1342277859662335,-0.03714471199063342,0.02186776828481377,0.12326152795608812,0.14021643471439643,0.08845558524608814,0.06282112766406162,0.14923233595688207,-0.009684441033505586,0.021941121396119603,-0.009525993766825147,-0.018621760084863,0.020122096012478115
LotArea,0.28128262127673026,1.0,0.10580574175496422,0.014227651757025093,0.013788427078155424,0.10332050563046018,-0.00261835995009543,0.2608331345451572,0.29947457850776266,0.26311616716714803,-0.04219820677575597,0.1804027551511169,0.17169768725711246,0.08477380884021642,0.03806769201918336,0.2638433538714051,-0.08389514543324933,-0.03309189651429294,0.20406490164679564,-0.17370875869418878,-0.19713093862382294,-0.07774663491344679,0.22516000429496244,0.2565258667667156,-0.2161114740461572,0.08960498074516617,0.35947456730329824,-0.2568427836469782,0.010123183947136086,0.17943979139769697,-0.002166945808395663,-0.009511078489306166,-0.13277307653979625,0.09264862925346774,0.5403797885055404,-0.03300581734040616,-0.09194926218577223,-0.06434239010741355,0.28531557650575967,-0.030443558468937638,0.024651518816282976,-0.008103440762384732,0.02067046688405813,-0.038909695865920677,-0.08912270010521829,0.020683539132593277,-0.016123582733555675,-0.05722052399010672,0.03027658540433872,0.0630680011339334,0.008776306771658231,-0.06704812421841963,-0.03160618908915843,-0.001332599797358547,-0.012196855504578259,-0.06709621542775772,0.0020516176133530063,0.21539983408530747,0.04443983836269,0.0051683029495735566,-0.024954562075411472,0.045345851605801867,0.02550236828052983,0.010451603408740644,0.0197793522072209,-0.004249518346251625,-0.008636590644446211,-0.010970460871179689,-0.01804350637755825,0.007827333440097,0.06284913129462012,0.021969772563457876,0.0025796751382932883,-0.012016725735598194,0.07776661378523911,-0.015346054256382663,-0.14186293626488658,-0.16771726367656012,-0.03351050622896132,0.012716556075885461,0.014516042886206849,-0.011906883978342851,-0.01271878784334192,-0.045961025793851105,0.0004523709259922312,-0.11187345890468359,-0.009455507835920869,0.08711228963136244,0.003977228390273705,0.03981291191192718,-0.1835000429221639,0.07500785501978757,0.028694646677219302,0.0021729816199034502,0.08920682502059142,0.03102634106888804,0.12987335089484184,-0.0018152386894673019,-0.002332308015739037,0.08383855480184066,-0.013425682682207972,-0.02758857448648901,-0.01012563355448902,0.005101174952309905,-0.08042767051038446,0.1112052563436941,0.015922949303642863,0.014606425574969826,-0.045291995285861426,0.04894533656578681,-0.0012641408249858305,0.0007193221449227034,-0.04211135799883435,0.10450238520808866,-0.013425682682207972,-0.04300482032754427,0.020272018800417235,-0.007979481021600357,-0.08088925455091671,0.002060156966414729,0.12678180831199362,0.020563928271508998,0.016711817890067687,-0.0404779531303783,0.00812246337811507,-0.007627125684156144,-0.016388155189141895,-0.03054659173217826,0.038327964015255477,-0.021621761093798802,0.00315134760595885,-0.027889834604073686,-0.028664295344908438,0.0013273927466884168,-0.01355687413975303,0.01168205698879962,0.0663396418307261,-0.03372674568364349,-0.018128937544168357,-0.009671040971372837,0.008896128966846304,-0.034578453342675196,0.02548662169618796,-0.05089192665826415,0.014788256889767275,-0.0037985192075153376,0.006609760828264034,0.27806191250141393,0.0054948234619118935,-0.17400026415965544,0.011909730078368562,0.013541722259142446,-0.021709905865716927,0.03537757253014671,-0.06686581519425207,0.057244349020903,0.0002299187013792342,-0.002190844731744447,0.10851176370047913,-0.09645789231597969,-0.07968183609225861,0.12791780282007373,-0.016125536154667178,-0.011476640347235131,-0.01231096040804861,-0.013660815718893625,-0.013071534748127268,-0.014475214342568665,0.011328337623833402,0.04975493824508254,-0.028974345729700503,-0.016881883641016365,-0.004066484100941068,0.04632072237907054,-0.03369449560984918,0.00494107022101162,-0.031153532709829516,-0.009690587081918002,0.02928727644416272,0.010408980916393092,0.04330386371721857,0.020815287737061094,-0.03604806707016647,0.006715044423606296,-0.09197875535567022,-0.013782913856600016,0.08981228273082402,0.09094044132569236,-0.0009556262521876086,0.037552271027332884,0.009136370800787252,-0.126094497278607,0.014501504631845573,-0.10116271147486539,-0.025147202424620242,0.006114417863551761,-0.00431652365827163,0.016968601998660005,-0.02448701051036175,-0.006287735206025296,-0.009815162193503738,0.02812946103985595,0.012567801198880053,0.010430963918537832,0.010761514715883514,-0.033891031047522925,-0.017339415261291284,0.015117004237862613,-0.011054300436580799,-0.006105481880145677,-0.015879107985889988,0.016202596089775638,-0.007818279336745643,-0.0028723934041022135,-0.006018490846891151,0.0010761569053218767,-0.015040470894414218,0.02003945084477463,-0.005721770214430983,-0.002292067264277447,-0.013207920703780785,0.008966334028778507,-0.010781077145227464,0.005711388183253455,0.02263539211251643,0.011727023493156588,-0.03648327546933457,0.01918935672359256,0.034223985405042866,0.08716584487262787,-0.04999559767881614,-0.11616828895708899,0.03749057445042658,0.09962949722549613,0.022342106371284576,-0.008392098333285462,0.000994882331148577,0.03363825615545328,0.3246960891712306,0.0007429947326619994,0.05503947812967648,-0.014312552627025178,0.023981875264459863,0.2788376047175903,0.07267388814776292,-0.11932077069516282,0.08231247536078037,0.10430290445864378,-0.10958592063686544,0.06384100912061644,0.09600118893976067,0.021827078963016507,0.014092727468148734,0.0020939300407741405,0.016554569267611813,-0.013720762310174195,-0.015734220693988034,-0.015769410949220446,0.0022082231826755653,-0.032535578605661405,-0.04214115167187909,0.06420921137448654,-0.018250278853919496,0.019117166977156624,0.004245080491016174,-0.03200385533176621,0.016913749388725086,-0.001071175064071396,-0.058668495563269224,0.010731595007643393,-0.03255168395694461,-0.001249261377817254,0.07838905808154918,-0.008229903889510098,0.011762077770518844,0.00771874179856856,-0.014166189879751859,-0.015346054256382663,-0.12949355832712334,-0.16638066991275402,-0.06882633946685507,0.08121004109293825,-0.010343900369804638,-0.011706974565091892,0.008570093261387938,0.010614226001138446,-0.008711029510237915,0.009165050872258418,-0.027570511960384944,0.010745290174476329,-0.06664399139166885,-0.08132003032013128,-0.054390481908390124,-0.07203705141414422,0.05266191117679628,0.062161329335237735,0.07085271733405135,0.057082684844137956,0.0291294479034295,0.10977441066632009,0.000994882331148577,0.01874919485060913,0.0036418214814271004,-0.012243635808454369,-0.010954431907215286
OverallQual,0.2368910469094296,0.10580574175496422,1.0,0.5723227689623621,0.5506839241941717,0.4072521235240135,0.30815892690564284,0.5378084986123907,0.4762238290781779,0.5930074300286512,0.4379975557573725,0.5620217566126083,0.23892339224918593,0.3088188233594523,-0.031406210500746504,0.7909816005838053,0.17185425194551235,-0.06466554026206714,0.12697235223075043,-0.19551518486767877,0.0588231866704591,0.03876847024837899,0.07775260615906636,0.04208879218509478,-0.19933454104216283,0.10361149626300872,-0.04656292016908583,0.01767153704613905,-0.0018806812153168392,0.07602724857610943,0.012159489734345759,0.04362479713023734,-0.044691441196235165,-0.04913529495335529,-0.04372538906870854,-0.002660596825298638,-0.03135496458271606,-0.15412014399581606,-0.020881743288654372,0.13233719775907973,0.024108951833045057,-0.1999248028735079,0.07917261169713055,-0.15658828075902148,-0.1278695782637339,-0.06840372063897092,-0.22825222748064639,-0.0056575757982451555,0.03807525643917623,0.22469281074550482,0.3687238174263575,-0.14873097150722997,-0.0629455078178306,-0.1792146026112028,0.03305914067564268,0.2240098346507582,0.19673577272047044,0.12516797748880684,0.03957493385775647,-0.13860695490312172,0.09922324839194711,0.02822376191484479,0.04857924322851916,-0.04063445117472192,0.02404103560776239,0.010734132019308118,0.03819038959390355,-0.027846864744807204,0.007319047044505322,0.0738653760084804,0.10449723393155583,-0.020817195521266225,-0.020817195521266253,-0.04284478335911931,-0.12398878761884105,-0.15815576637058787,-0.0037230561956911826,0.12866159155057075,-0.04265429368461756,-0.11008701966903203,0.014801386541661259,0.028116450281688198,0.27961587274712235,-0.09039046361911636,-0.02751675232194427,-0.1598379566148779,-0.04063445117472182,0.18049557994754242,-0.004986077740746698,-0.0026605968252985442,-0.0727388857502735,0.017055833090632393,-0.0018806812153170027,-0.02081719552126621,-0.023446725810619237,0.05515098847058757,0.10380250343921407,-0.020817195521266235,-0.05623951220372603,-0.024424175870390412,-0.03975370982721544,0.11375270610674898,-0.08836821405718943,0.03599234739658186,-0.17289867590850574,-0.05437547115090001,0.02412886086391515,-0.005662872404970041,0.34925951888757467,-0.1529282486707847,-0.04338675689725313,-0.025140676034628395,-0.03367444621952494,-0.0018440300441124934,-0.03975370982721544,0.11989496602876985,-0.06754489984801011,0.04208879218509468,-0.1656439221663019,0.03599234739658169,-0.11052111782009688,-0.04661260478951713,-0.028402803007249733,0.3521516772760227,-0.1588784566580895,-0.0024083060541861797,0.22472693377884875,-0.3895120446638173,0.3315835044558854,-0.16466298353841327,0.5477311929682164,-0.6462466682771527,-0.15092255220472883,-0.07513892413515745,-0.05869022413316509,0.13124506013673798,-0.42976089877047147,0.5682106716460709,-0.16903243536385107,-0.020102784263393944,0.01862133530433723,-0.13757202316105474,0.34756428280826457,-0.5619677879558302,0.09739038288176365,-0.08302896989293981,0.022568055406802148,0.19852080663403676,0.03264283572122533,-0.25189757900065546,-0.18170720897682166,0.4334481274856086,-0.09338960344961876,-0.17081148038773095,-0.024833713879791507,-0.07758774829532593,-0.001984730400019017,-0.04699017671278887,-0.07970453299456103,0.10844404277688775,0.11226383452205005,-0.039453233615094355,-0.09105118317708166,0.024128860863915136,-0.09854530066026823,-0.14817822915994683,-0.1280247929001404,-0.020817195521266377,-0.33902642753420154,0.2720384241063772,-0.134886932019032,-0.03608117886936982,-0.020817195521266357,0.259248224200762,-0.19318104639183747,0.40913358881213896,-0.553890811423087,-0.046612604789517384,-0.08962264999691259,-0.12606549448294196,-0.051536186430619656,-0.0018806812153169422,0.17442706897659088,-0.03758959175172984,-0.155938049882101,-0.09797167626004266,0.143551652876782,0.24280686160507917,-0.02573427399378238,0.1982992724063371,-0.10060080183776247,-0.33722733413817857,0.21867346514558633,-0.5371515950329742,-0.12437952872516018,0.04376852829515457,-0.025140676034628422,0.08405649165104397,-0.14404965450234772,-0.011987124200879684,-0.048018630458914066,0.14373154529061835,-0.07675663047341437,0.22712859771707655,0.01073413201930831,-0.06258081016897134,-0.13220560142319138,0.08586105374614746,-0.05782217653882434,-0.04284478335911908,0.029652005912833297,0.017055833090632563,0.03414679061087046,0.03752358970852166,-0.03730531781141751,0.0042691918405350655,-0.021171706474491115,0.32741184352939645,-0.0579621845388525,-0.22501317729611348,-0.04167726154406613,-0.04495014594584158,-0.02551467373399197,-0.14328185905679897,0.32329471787391845,0.17534662177340357,-0.1653509319287813,0.02577918101696872,0.04484362887036949,0.07390693557589396,-0.04621748176543713,-0.11234247671882831,0.0529366686929996,0.10083390565806669,-0.016999855667102156,-0.055190722578608666,-0.0018806812153169335,0.1198051540978127,0.0025069839301867813,-0.02081719552126631,-0.045596108122791766,0.010734132019308198,0.37426142009411184,0.10589610474443938,0.07211158734727166,-0.5358598747285624,0.4888769178978955,0.18240026923804767,-0.3826354771909466,0.12505938463274885,0.5036501998420164,-0.02965200591283301,0.3000986814873673,-0.039462920771850776,0.1851497204987936,-0.18124861103420056,-0.04284478335911925,0.02361900192383162,0.004720845284005249,-0.013423680073962534,-0.0561010653827971,-0.02634429797032499,-0.0043750478512667,0.0069526427954447355,0.05545105805028493,0.0334642488725749,0.030995586259755806,0.040606653636774556,-0.25647820678368743,-0.013243241985964929,-0.039462920771850964,-0.16665769080380025,0.35271087940652845,0.002598237073905513,0.04002484044446495,-0.019684153212406595,-0.055349910068247896,-0.15815576637058787,0.17445698242161742,0.006688194172305121,-0.09006096392294456,-0.11866302392602351,-0.05509290422785945,-0.15459772447840756,-0.20375437973026336,0.4069051078751197,-0.19143806384186013,-0.16165426065271443,-0.07127452065210763,0.06024771309678511,-0.10477872059335032,-0.1743268786192475,-0.22466706937279038,-0.10749941503853208,0.14504904544749425,0.14740144594895443,0.1695565264615763,0.1609185910218837,0.11768318397892917,0.051033417433825036,-0.0018806812153169335,0.013429188759339942,0.0046465852897677636,-0.008889602254832447,-0.02651003451709863
YearBuilt,0.10742720936522356,0.014227651757025093,0.5723227689623621,1.0,0.5928549763436519,0.31160010682860867,0.14904039195440058,0.3914520020660952,0.2819858586998021,0.19900971367645826,0.7000980209810581,0.4789538198934904,0.22488014230399744,0.188685840001731,-0.03438313873672287,0.5228973328794967,0.23764525883436796,-0.08918303479915528,0.26806383677943063,-0.3886825266275133,0.0211367600512714,-0.016612348178684618,0.07882135087137773,0.0454722571905839,-0.23450098779099818,0.049722535049458096,-0.006969082040212334,0.11832081862920359,-0.011504602518427024,0.11154637738581505,0.0725399226149012,0.018197070954498316,-0.018792938849336284,-0.061089710034030915,-0.041169103769789196,0.010711729086321469,0.000591612417821849,-0.26836398240411363,-0.02175057703379323,0.2983317581649529,-0.1872667931365116,-0.13739149112195229,0.21376910683203326,-0.23136923381847946,0.004746853134499427,0.0647288733646522,-0.15935605655815765,0.013503155679492144,0.0331468048725481,0.13608157030141388,0.2688980655212295,-0.4641378349484924,-0.2012168879111712,-0.05810293960330545,0.1175276448185776,0.27941567536915346,0.11896183536059482,0.11680965283507172,0.03202004593163615,-0.13643078318223145,0.1960579930420445,-0.007111830660792774,0.00318497726961842,0.024149754786312674,0.012356468462736393,0.026658753798723126,0.014624295499575349,-0.1147519186723925,0.10888830868658338,-0.06786652389567147,0.04383247271976876,0.004970420653383406,0.004103314170656634,-0.03712934505087864,-0.20603593233198841,-0.026063085655267233,0.08687806361861963,0.2384770479790841,-0.1228512537798174,0.12325508235188343,-0.14724360468498465,-0.1665736339687143,0.18721316223717566,0.03249040183256971,0.023713184294958677,-0.03264106402834297,-0.12512343393667233,0.07638739625121874,-0.05972971472180589,0.008258340669029193,0.016803547058697178,-0.014973028449332954,-0.001966431208428869,-0.02017566734569459,-0.019661532589328224,0.009187892844100548,-0.014399305453537875,-0.005434857139338651,-0.019955626129833284,-0.0974705906841832,-0.04445464886204561,0.10404227892808912,0.032255118138064,0.019711230859739876,-0.2096379711621639,0.023582575127210875,-0.006461989834725847,-0.17830950792831754,0.518734206594338,-0.40866380108725736,-0.07049228151874942,-0.004911198540808071,-0.0022577160496012423,-0.0450619999364648,-0.04445464886204561,0.10718439499634695,0.022473332872049098,0.036670567436495806,-0.19783008072984445,0.029249402169735917,-0.009801798384399754,-0.04517613371065786,-0.20943117900323013,0.514608561295284,-0.39074543673813317,-0.10560397070750478,0.27527983831675773,-0.41714675400546763,0.2896255418546723,-0.11912672017199712,0.557909879540593,-0.5891256992710573,-0.1759083638820526,-0.1846670502905049,-0.02711251920750854,0.25533412011130624,-0.2905737757332621,0.6511992774741339,-0.050030826735093833,-0.12468079913220927,0.028653633518285912,-0.2511373627967987,0.5598581223007348,-0.6536996651297914,0.08068841031625215,-0.06166322922380341,0.10706163374960224,0.1476484786504725,-0.03614863123609072,-0.2624115855564651,-0.14541241347981476,0.4794247050962878,-0.14818135942928293,-0.2090498385226454,-0.13336595764220582,-0.05247888260287812,0.019379373368844526,-0.02172912213737349,-0.06268056581831996,0.07213837603828485,0.2165381954575894,-0.16956673889643015,-0.10012431950284355,-0.09417062575292749,-0.039958884376429124,-0.1825339544854261,-0.18592006209392672,-0.02624541272478219,-0.2857376032472687,0.38183075179949844,-0.15915965035077265,-0.06202150980553291,-0.044454648862046454,0.3451076858431986,-0.217854425274106,0.4353148693265509,-0.4597919974599135,-0.07274646146342785,-0.08282056394148567,-0.1289244030955986,-0.06299486008050863,-0.0054348571393376165,0.17403447132841232,0.011624421186312966,-0.15292001004091452,-0.05100779889191254,0.14748935597215773,0.37528376402852226,-0.04345380571772514,0.2015466529162871,-0.0563461608166788,-0.48713016719763996,0.31422057403422254,-0.6224276419650292,-0.2917015010678983,-0.049757281726331835,-0.07905440965641801,0.3000515302630956,-0.23586184820329625,-0.024464730050790657,-0.13427910728518294,0.2580014586714225,-0.1807020328612195,0.4330601893627685,0.005804952251737085,0.008276908711073129,-0.0866007002046135,0.1263094913398954,-0.061636418697723745,-0.03896938636384913,0.024207152039537397,0.005837527136111203,-0.028674893043562688,0.036472307467892366,-0.04330375732154406,0.002974861237843889,-0.02343052308875459,0.3469535717842684,0.012121701310073951,-0.2384631622752326,-0.045600880042861974,-0.01010413625409831,-0.035784862318163864,-0.15842691201708803,0.34389539920149675,-0.09694520257885322,-0.45508217803835194,0.029182856690298038,-0.06350458043112506,0.005952569474999973,0.064940807371073,-0.08705266068070457,0.13880957941266087,-0.07532179338541188,-0.12300979153885229,-0.028202218307338867,-0.04965728775840756,0.19706825707884326,-0.0020285631577324696,0.013641485480652716,-0.04769019487221948,0.023592018277106292,0.25460887336823473,-0.0640706821254419,0.01811912577809713,-0.5059415658226853,0.4922301508811749,0.039860400236313764,-0.4434859710802092,0.2834928931232188,0.3241923659897607,-0.030420183645794904,0.25658231454737696,-0.00909909204296762,0.16849960420233284,-0.158871516854356,-0.07638355972755706,0.0549686365568598,0.004075103235071621,0.00716087220773206,-0.04374998442374676,-0.014369932393935789,-0.01067718011133886,0.005683253171180833,0.020891545446634543,-0.0014066041482970104,0.0091092345032435,0.029399132126746972,-0.3292222530574697,-0.04386488137626691,-0.11060855736721577,-0.3882213198100862,0.39040552622458385,-0.35952459811076765,-0.20445193862871602,0.02026402328050322,0.016324420568897734,-0.026063085655267233,0.23130690513847513,0.11255047023649345,0.027318772072779076,-0.20644729445733814,-0.0665334298571687,-0.10031949668899315,-0.18508181763843304,0.6115663677838539,-0.2203383592919817,-0.2966432893513503,-0.21218986759473604,-0.14168771240193148,0.02293300879824053,-0.09409295391252759,-0.09217264179007874,-0.005670711850877407,0.08866006564026012,0.05647374229287009,0.033287010589231496,-0.007272716092092194,0.003942914791409448,-0.011528898405826323,-0.04965728775840756,0.018074779443027055,-0.04008242930696564,0.008900060723986171,-0.0033431865015358204
YearRemodAdd,0.0873247109566288,0.013788427078155424,0.5506839241941717,0.5928549763436519,1.0,0.17652918060206757,0.18113308705016903,0.2910655826041661,0.24037926760355463,0.2873885196503327,0.5713688774711366,0.3715998094973092,0.20572592049010355,0.22629763268298944,-0.010286248783081431,0.5071009671113866,0.20881638351734744,-0.06593888339045076,0.0742207696434395,-0.16181532598246434,0.06546482429568853,0.07342339728786017,0.09190459181691428,0.043997722810915775,-0.1654315669543212,0.047211511392946715,-0.011805908966951382,0.0673127432878176,-0.03407977474666142,0.08378396554618606,0.05082375858997953,0.0428801534824432,-0.029862367306596034,-0.04525964070726226,-0.03718444323272568,-0.008731958639262008,-0.0573320080402832,-0.16043814440135878,-0.00755963926854819,0.23403915064576766,-0.05226525730866577,-0.12817894654258,0.16174657698947245,-0.1600700449433729,-0.04291409211329923,0.006187563629773464,-0.273896773589083,-0.03213604949587597,-0.03718530398175389,0.09712753809686148,0.24355775479836375,-0.132494421448776,-0.09711934276144393,-0.07096784019084114,0.05088302645071876,0.24773607315477406,0.08937124191545961,0.06713922323962637,0.020907672651183398,-0.11020119348673667,0.13282843547503367,0.020713462152788704,-0.005109694446546108,0.012080479334613214,0.03274482594723098,0.023570388353954384,0.027649111866128794,-0.017738791429505435,0.021058759809939806,0.01919811092194081,0.04151613668351777,-0.009977874087055114,-0.011246395174402528,-0.022191269886434342,-0.09872383064995738,-0.13591740907064687,0.03469933410287836,0.1608404637413538,-0.10901612085470354,0.0060709199170363775,-0.012554695827041882,-0.042034053606097535,0.2130975708677094,-0.01943412636072544,-0.03399597908869128,-0.019582349445314725,-0.010563190477457508,0.030136058579724855,-0.0019507375737064004,-0.012321108305175073,0.02873465210880946,0.025540716358680295,-0.02012604278583518,-0.04422794344544355,-0.03397444231705607,-0.002459082282492597,-0.007363566893379111,-0.025200127135227172,-0.05359632946317198,-0.15206376353028747,-0.044227943445444506,0.0988861687932448,-0.09133393583522242,0.012855505485203287,-0.16702751475647354,-0.07830023020755582,0.009213789690302536,-0.07230509486890632,0.48453016339429283,-0.20452205261219805,-0.07365231158648881,-0.012163857910512853,-0.04903432934934191,-0.09046810105828815,-0.044227943445444506,0.10031747773365768,-0.08088934661788331,-0.00026458164556742483,-0.16648665988754932,0.026809237446026722,-0.10325823518683093,-0.05415428355654209,-0.09146881339048442,0.4848357772450975,-0.22745454523631325,-0.031453504279196874,0.09651803273760187,-0.23243268866919037,0.2601775920047797,-0.1338760583797266,0.5314822047435364,-0.5654235164377549,-0.15298805882000538,0.0003982481136141165,-0.023931606047878515,0.05975350371590919,-0.40963040347931207,0.569728388934944,-0.12339564456666219,-0.02033259756353976,0.026678966665070854,-0.13067657212957146,0.4226981310032607,-0.5364801705793073,0.09038702707066347,-0.06256920362795393,-0.0016255598083816688,0.10736011211738224,0.0013982561579837089,-0.1977211948897423,-0.18496412709431836,0.4016790541111335,-0.11681057209107183,-0.23887714673847693,0.0002627781799459557,-0.05237554978991314,0.016305208038554196,-0.08071075920240418,-0.07592220836952464,0.10723360108260917,0.16811905088730272,-0.08739317083764826,-0.11725749294261179,-0.02936956921826231,-0.08854696900208463,-0.20812296370549413,-0.07666962176831073,-0.04422794344544215,-0.4196139004498024,0.2988780217415342,-0.20972076237902396,-0.033417478904697435,-0.044227943445442175,0.3545581377369667,-0.2057754952671576,0.5336284517534783,-0.5769641228227584,-0.026886485082316936,-0.0561345696668735,-0.05642927365548107,-0.036197983839440596,-0.00744083191236005,0.09047057481934531,-0.01687349377298223,-0.05725697000531373,-0.053195766826328476,0.050300839628622376,0.2225552831715471,-0.03966371231635117,0.1840431157452749,-0.06520839366690974,-0.3109212458321846,0.19778795968256382,-0.46120717047676835,-0.1333636909805225,0.019370131843007423,-0.07665760437563014,0.12786109410746524,-0.12590340585318716,-0.03256005390832436,-0.09035258335653326,0.15984890897311516,-0.13567635558824037,0.1872765094678277,0.006521927440865974,-0.014943953534041808,-0.11285014922531741,0.08873062011223698,-0.02399587595919502,-0.06256920362795507,0.04052038431942947,-0.008709352999709766,-0.009182764603214127,0.028954112852822556,-0.017295895060152246,0.011174816954619353,-0.039952305184548016,0.3256474435884277,-0.011430974427954783,-0.18273265199307642,-0.04029353272756912,-0.020727414985590005,-0.048056494889720955,-0.1205765425052441,0.3228366613673708,0.05772903766905884,-0.2313036389663526,0.05356316585099221,-0.04103916888804583,0.009579937963182083,0.030057778936185237,-0.043503651931117535,0.08506152803903895,-0.05889221062731585,-0.048828327904750814,-0.04471032602300843,0.01285550548520343,0.12396211077427854,0.0042829847611747275,0.00397585787376854,-0.016516514700130897,0.011008364523258478,0.1991460481696859,-0.061177037837079264,0.03730645715908211,-0.4471206345229198,0.4181367727570881,0.10414609340423314,-0.38346881102140723,0.19554953162271319,0.29136946654102064,-0.004731398822012779,0.20124788380047096,-0.026608675480967004,0.15998892687412142,-0.16240172154039417,0.0029327777749558063,0.021484941255951347,0.009238075574679993,-0.05191613039056664,0.018607202760150904,0.0030657540967613775,-0.01570318050935977,0.019833315310492736,0.04155967797343814,-0.005278247125077297,-0.01692778518681665,0.019367695642524163,-0.17262465465437923,-0.029500000929324765,-0.09203769849203028,-0.2406053273710096,0.28192406442442836,-0.07020666143281556,-0.04139334998442,-0.026713310894860762,-0.010368500687935447,-0.13591740907064687,0.1765999138356366,0.0382931464402707,-0.0014717354034741775,-0.09286610393952335,-0.03767998864502894,-0.15800378604416337,-0.2116646685899033,0.28907421101410385,-0.2661962137189678,-0.033002646362163865,0.10018901064203617,0.09696784172093023,-0.0005314254968231164,-0.10340487087899819,-0.11501790501456467,-0.0641947843882586,0.09445805081758525,0.09574459492499386,0.08239572039277476,0.021492552219674412,0.05997460684460919,0.0024857039905130194,0.01285550548520343,0.0301180437118439,-0.001731892500090173,0.026623752467901315,0.001991759002855186
MasVnrArea,0.17414607058109197,0.10332050563046018,0.4072521235240135,0.31160010682860867,0.17652918060206757,1.0,0.11386216308161244,0.3600673680536385,0.3398504136832498,0.38805205222176076,0.2092892933688529,0.37088415280889775,0.15999052961835059,0.12252833183190157,-0.02951224865746647,0.4726144990045735,0.03726559892461779,-0.02639575881525328,0.09246913432973557,-0.10886648824029058,0.01710835723201515,0.025223654843217543,0.021758608444669283,-0.010809744474022519,-0.10472650103320112,0.018701771742585954,-0.03288525045762016,0.04508973704123085,0.06345203422267463,0.05205406161850928,0.008344126638111193,0.0012715217568767111,-0.037462253732680084,-0.016260158516717506,-0.013136825792296185,-0.02113889384365316,0.11911567656850587,-0.10776072543229409,-0.014353765485846317,-0.011032506117964106,-0.023166326121701955,-0.07901697956769946,-0.0815454079043545,-0.0775600275749097,-0.059122288519208144,-0.04312611431893601,-0.004665716618771948,-0.04495040100564799,0.09453032911787096,0.2981591638785315,0.2957197099797777,-0.14255484888375922,-0.0679697324653637,-0.07939209812276048,-0.036595844846337454,0.0653718700107073,0.05818435514360171,0.05142055533374197,-0.033945907714461376,-0.01945085962810236,0.038352843102217586,0.014742263568528226,0.060471499269472005,-0.022327929124554172,-0.04600883665743407,-0.008838961590104479,0.032733029093366235,-0.03666396620172162,-0.00737785622919197,-0.014942331805524237,0.1406052152905133,-0.014797425398817773,0.00882231889433645,-0.021138893843653174,-0.07170420277114344,0.00838494680762813,0.051258442951947064,0.030671122392358755,-0.05615984407374822,-0.05033130630702157,-0.042365048435845265,-0.049728822025278514,0.1695562635779617,-0.033802859827450044,0.032688705517031125,-0.23410869063593423,-0.04613382487670346,0.2631265294158191,0.011315668860451386,-0.021036394408206933,-0.049646717093773315,-0.014942331805524232,-0.014942331805524232,0.06721960079704285,-0.020442747692984223,0.02838518926023127,0.0480177465792183,-0.01494233180552424,-0.02113889384365317,-0.10514372717494258,-0.014942331805524237,0.042287063461332076,0.054035427151286744,-0.014942331805524242,-0.046922141132240434,0.014547902766742511,-0.02113889384365317,0.0065771930594153245,0.13017959967099466,-0.1344944280280744,-0.03187692536005763,0.011523826834825108,-0.03961523484341309,-0.07533383486922274,-0.014942331805524237,0.033076276061680204,0.06178261893827236,0.02357238963167291,-0.04641343158642287,0.019545392990615067,-0.008669757426745974,-0.03345796538122585,0.0034958505850997096,0.1306840771773131,-0.14161252911831199,-0.04032238302773918,0.5713282142280564,-0.6877368937680182,0.2336713985933724,-0.05615984407374814,0.14099280234921527,-0.25588736654278127,-0.05294157507267167,-0.04012347421052327,-0.014942331805524234,0.06376006218891245,-0.06574146913091414,0.189235809594964,-0.03696475765075346,-0.03666396620172151,-0.025898634907369076,-0.07063724826957672,0.04130847582394421,-0.20326293833127085,-0.009220197974124326,-0.021138893843653184,0.05710972829357396,0.17239823892975475,-0.01510987897672101,-0.13252377723204653,-0.04367811583213993,0.22076454025768344,-0.06281775347472353,-0.003986487751588325,-0.11964127329549772,-0.02394690865766857,-0.04950767652565954,-0.02922010275245245,-0.02364949833919826,0.056528980587224185,0.06783216031838937,-0.05208666514935669,-0.039615234843413116,-0.02113889384365317,-0.005255980933137406,-0.0577559177494537,-0.07637681730714391,-0.014942331805524237,-0.09840761697408791,0.12640868046224457,-0.027806001981563792,-0.025898634907369156,-0.014942331805524237,0.11059876024058289,-0.08058829100034713,0.09119579627072612,-0.19325143976571507,-0.019441048904253393,-0.03522925044385189,-0.06507962998673668,-0.027059607103171953,0.0014320921523066073,0.0907688647872282,0.00982334025961176,-0.14010186277782127,-0.03435489159822993,0.1147993820178135,0.11976661050091711,-0.009842071581115127,0.11570558724617118,-0.03608677624601388,-0.18201096087454247,0.1154053678943538,-0.2716417743281169,-0.09811002595929165,-0.023365825108609746,-0.02589863490736914,0.10495543491702576,-0.06349941717924192,0.003823752726327508,-0.03961523484341316,0.06914143547782954,-0.07334187184277374,0.14916933870777382,0.007868446387632653,0.009390065970146758,-0.01497170227236748,0.0299789109728459,-0.02636134055954081,-0.02113889384365317,0.021452735991226757,0.0117204470284658,-0.017730763851831095,-0.021138893843653167,0.001547302651448814,0.01560124228817761,-0.02268570549614519,0.16569246353064046,-0.025898634907369072,-0.1281871812256839,-0.011783483623151625,-0.013747580541281813,-0.009534784789422103,-0.08153884041317078,0.16220456399923971,0.06520302369702907,-0.13200332929138672,0.015896942630325286,0.04927913147247664,0.019602917200196645,-0.006104850663045921,-0.0827544834675138,-0.007150155696438419,0.12963950142546718,-0.0287026140724698,0.009559430801697447,-0.014942331805524236,0.0944514580547794,-0.01036721221281209,-0.014942331805524237,0.024881339910133433,0.01186592437003598,0.20469128606392356,0.09701678811345711,0.029618158765150112,-0.2445805758348999,0.19900591429340592,0.16408502111437923,-0.20396554732839672,-0.020265272562913043,0.3803932931425271,0.013070410146502124,0.19811246490123516,0.025680526006806693,0.03119473723907795,-0.030781225954442444,-0.021138893843653167,0.02544491765124932,0.03369941942650199,-0.04372134423752027,-0.0533271741131192,0.024092553492758368,-0.002132977007686224,0.009243256935349855,-0.002264589437415587,0.004952872745734169,0.013301085573218517,-0.010875510023521086,-0.11216415078273234,-0.02991543553985754,-0.05195799263793858,-0.12579751314967558,0.2140766802392372,-0.11387867223947269,-0.06007896145038265,0.028692106873889053,-0.03298505653125225,0.00838494680762813,0.012568545393950418,0.07745767908956636,-0.036274587113802235,-0.07010837860227527,-0.01074536923798353,-0.044153290167168936,-0.06520962966150769,0.20954341063250334,-0.058430724165968916,-0.12358195021453158,-0.08700837962357963,-0.0059305405582114985,-0.020355106395592275,-0.1077339998285577,-0.14123301983751196,-0.07970307510928662,0.08233020919230573,0.06416484500146366,0.09742917272722883,0.13517212117471938,0.12085895248208711,0.07026516816557417,-0.014942331805524236,0.04059103873770956,0.008462852971046271,-0.0029623161919254204,-0.02395670506110188
BsmtUnfSF,0.13885170035369535,-0.00261835995009543,0.30815892690564284,0.14904039195440058,0.18113308705016903,0.11386216308161244,1.0,0.4153596051815893,0.3179874383527259,0.240257268349935,0.17235001173701692,0.18330269774258412,-0.005316424333062066,0.12900541461542128,-0.023836645134507763,0.21447910554696928,0.04685618577786114,-0.014519442459853071,0.011715927179011728,-0.03544767560868257,0.03522875328125888,0.0431106044807015,0.0019723744626064213,-0.010705177034394022,-0.0201180280200824,0.02847780383124915,-0.09006638808227373,0.041177042294048234,-0.012638604464522573,-0.02916688836975626,-0.03631065672579661,-0.007296489491411139,0.0014550966212725333,-0.09756078526387979,-0.06406325256806429,-0.03502676132536999,-0.05571646654525344,-0.0040167200381332115,-0.038075375311609844,0.08147866223505497,-0.019662934330816197,-0.07246336810490729,0.047519137002018916,0.004993377466023331,-0.09891261688229395,-0.0593113807883951,-0.11714255002211256,-0.02377621849729148,-0.00028138703597983556,0.034944905161572413,0.17392563544110184,0.03330684816800228,0.018801270107928286,-0.1068681035692122,-0.07010638040789474,0.13514466098684863,0.021562313821735617,0.006728348298033415,-0.057447487936884443,-0.05676090821878087,0.04223461897147339,0.008298706152178382,0.017683011669777784,-0.027931552402333106,-0.004845176364235165,-0.005637984174600292,0.009019064796130034,0.01867688739156001,-0.026946937886032665,0.03969616497242138,0.007777720088233228,0.005023639354514023,0.06595245360273404,-0.02576154056885056,-0.0571635044379827,-0.019824909911270883,-0.06736741299157521,-0.010064276278544408,0.024625067216898142,0.12110949991433856,0.042096239092422855,0.023855824161326807,-0.0335474270063988,-0.17941747820638393,-0.11676225041253953,-0.027912150875368438,0.004991447379827486,0.044536510240669056,0.010849447242284926,-0.017125180949651545,0.022127156095415244,-0.02793007730113811,-0.033619927658948556,0.00834271872990345,-0.04735181861370555,0.01172639314283023,0.031765487195212064,-0.03361992765894861,0.005933060752093614,0.0005369842859101337,-0.00872683234352789,0.005086382328902789,-0.1327787082959611,-0.023662689532780272,-0.060014468529497246,-0.08916460832548062,-0.03791952255704352,-0.006896755799802157,0.24012063335995656,-0.03764522888446194,-0.04507209119305382,-0.05258710261390992,-0.021699986128296534,0.029068527900830945,-0.00872683234352789,0.021805546125436302,-0.1273821448856377,-0.014164499756441387,-0.061319525146399004,-0.010386372031222635,-0.10242732864549409,-0.02373429971198764,-0.01624143436878531,0.24081316261347782,-0.03854801779102515,-0.02700764831570455,0.05267759212590324,-0.12095946611156104,0.13007452194564692,-0.009091243693172475,0.24101641272123514,-0.2828231635450591,-0.018233448027332084,-0.09678483026660364,0.009528104221113935,0.09192016340064972,-0.24548392050616155,0.2586874053033983,-0.1660170992999693,0.04100022150112215,-0.05155982432625981,0.009646364585841822,0.10991718594727584,-0.18675752428197612,0.005754224161681391,0.006687694116878004,-0.024704537827936062,-0.09227561971734179,-0.008879500510657045,0.04826271799948062,-0.1484639357446604,-0.15973476645891369,-0.09346522399096747,-0.10231254140243784,0.5192402138561939,-0.07231738151138817,-0.07421670879695663,-0.17038960109756604,-0.10496101474237207,0.24337870883107185,0.038620454999990894,-0.010107994025809915,0.0045415915339170835,-0.01230391223019573,-0.06730909150097429,-0.028875552250150954,-0.059791078393057515,0.002178714175608788,-0.17214202192645886,0.020060143083866524,-0.012009945258266635,-5.893950540786698e-05,0.0233378451937164,-0.0009252188623507881,0.0006310887412271256,0.16145980105846944,-0.21894505951530838,0.03081040374358914,-0.07548137324321054,-0.03332424962784279,0.006587504386566557,-0.027041038182730244,0.05394856318098278,-0.07815958026967727,0.08786540027351132,-0.06326981688252933,-0.05901515036380583,0.05526268199603901,-0.03909714197871846,0.06346516984483964,-0.07047030453078881,-0.07567781107489158,0.10503140808140088,-0.1420898858406081,0.06120641664108383,-0.00011719963782569981,0.03586155795275271,-0.058481974783776834,0.005044099223357895,-0.022765867038781383,0.0442294523609432,-0.0053742802037332225,0.024459495120184624,-0.015492524468648258,-0.04198615791171495,0.05031095954275403,-0.080641246700949,0.10998502651194565,-0.06578582938498047,-0.02840275734559595,0.03010448405716456,-0.02573711414239868,-0.02868506391004437,-0.012681228912587978,-0.0008352971452380025,0.0018526074078060845,-0.033900052229498975,0.24923603905882236,-0.0025928926149444455,-0.1989601199422069,-0.03461809426195361,-0.05912958916705702,0.02153357539799186,-0.1539300888855266,0.24931485450379107,-0.03513187558020089,0.0007186604590335624,0.00811234351841316,-0.02281914895480025,-0.037278818376009284,-0.1411622772410933,-0.048305517126088604,0.02862205854636513,0.0835839007217846,0.019859723956410728,0.05531870759202422,0.03655489342071353,-0.3965036917294804,-0.11041772937282747,-0.0336199276589486,-0.10215697100411347,0.005178427387309246,0.14671210075366106,-0.07000094234122933,-0.011206270499806503,-0.2696521115265543,0.24590255165356512,0.10662082045677723,-0.12587642955512596,-0.05601593195347424,0.27251154051382454,0.003577865667958146,-0.03823390004487595,-0.012449486127504964,-0.01978416777518429,0.021091338062725312,0.01888760018089228,-0.00016316213427763576,0.01724920278476527,-0.023769603271018083,-0.028910236676874528,-0.02121244082661628,0.016779019422755115,0.016158268638780185,0.02289990401194922,0.016096289590010863,-0.004482492976520649,0.02617273608652715,0.006338615304207006,-0.0064362000903842856,0.027309321281090777,0.017408172859567222,-0.004222376537219911,0.017907758610598297,0.03442250300096596,-0.099190208531124,-0.12039237874271348,-0.019824909911270883,0.04502088521000368,-0.08601919635954883,-0.09656782307564502,-0.06211871930899855,0.0364108574803905,-0.008522305345593487,-0.00145463524802754,0.18046235705002128,-0.11303756513794444,-0.09884159004531638,-0.06002884304778388,0.0012309549626479468,-0.1135838181013497,-0.10067351098989838,-0.16005651204808177,-0.041662198244115205,0.1323155066944119,0.07026905141515022,0.09421643469468151,0.07408050482229918,0.04106941751476505,0.013885678257796736,0.03655489342071353,0.0844358110174797,-0.06176385801692508,-0.0036440940778808286,-0.027159895416290446
TotalBsmtSF,0.35960554013505214,0.2608331345451572,0.5378084986123907,0.3914520020660952,0.2910655826041661,0.3600673680536385,0.4153596051815893,1.0,0.8195299750050339,0.45486820254790317,0.2629452665212424,0.4866654637737961,0.23201860912901803,0.2472637462881078,-0.018478922431472124,0.6135805515591943,-0.03268929315912043,-0.055128276441648735,0.257372678520263,-0.2473792369123703,0.005067534070866026,-0.05603665356088866,0.032344142757694865,0.12289009027106422,-0.18902430820265756,0.05165148659773232,0.05969584510587515,-0.026688542223646618,-0.014233382855474225,0.0746017060714487,-0.016875184022473157,0.012258797196168087,-0.04414553126576967,0.003779263283371631,0.04361514129685866,-0.03537960713897662,-0.11366380627215213,-0.1354322230007901,0.05386221742424055,0.07728017493856626,-0.010640415763115854,-0.09745153439525663,-0.10275028012636471,-0.11419945056433156,-0.10000708696269209,0.015851861503079122,-0.03042499072472023,-0.022325368231950353,0.05043173163747312,0.16911741916557455,0.2934449566076675,-0.16325957016629197,-0.06330839675552617,-0.047417455873096384,-0.013993054002228132,0.04313715722387125,0.1401217102259186,0.11074291322103173,0.052418435642794414,-0.041036601464772435,0.052031523796066244,0.03365106614625526,0.07201504370863658,-0.009170077598045617,-0.022852451539349936,-0.012112964703168175,0.018629465281608724,-0.052989910668462474,-0.017355245002899335,0.01071971745287577,0.1309494392396972,0.018122072568271468,0.03716522806674908,-0.03250822476940302,-0.0710944759150114,-0.04336812396874858,-0.11951970906005518,0.025170443707624057,-0.05173243217369409,0.3391550166292131,-0.016088295131715884,-0.035087824372416865,-0.17880959581143027,-0.06926254917009725,-0.07988790451835087,-0.25470249552395796,-0.05686956835143534,0.27874545396068356,-0.036379083811857484,0.024412708086258842,-0.12189096282818683,0.01955478646157384,-0.007129509801183123,-0.007726473923392425,0.0004203917658504682,0.021757310396783483,0.10627936336246932,-0.0631247444644182,-0.035421833350293926,0.05375549467361372,-0.012979758198834507,0.09392234422757159,-0.05930251806250507,0.03382222898237686,-0.12665099322562579,0.06049987308992753,0.022090266463809585,-0.0008756511758258165,0.17259572106302032,-0.10998953999498987,-0.06830544998110959,-0.07236867879855435,-0.04300371446450511,0.07445055188861374,-0.012979758198834507,0.0964100621579163,-0.03933252444670949,0.060249278618852736,-0.12119136158432021,0.04516454730435412,0.03217286904577756,-0.034303298205964554,0.002359850791945753,0.17032433632609026,-0.11280450542223215,-0.07977167213404902,0.170289464564626,-0.3341735147515817,0.3007934824116761,-0.0851308141096003,0.28325352425982003,-0.3903977035154653,-0.11707434930504554,-0.05811269536493508,-0.019665756367579085,0.10654770980141304,-0.1117523776107153,0.3077008479592464,-0.3117135490696135,-0.023792171284496406,-0.020738066712677312,-0.11592697167546054,0.14385620478954225,-0.32958935292733665,0.03776408083193988,-0.01988258758554346,0.022535349514414695,0.2922416404870907,0.028377839239176583,-0.2901014836651638,-0.04175169153539466,0.31739606633836354,-0.016780208184814255,-0.030998141857727948,-0.24353740808090976,0.010033029830993436,0.014759835893520378,0.010006852507017796,0.029905536794524158,-0.04722452611366683,0.09574302985323913,-0.0015813475318386845,-0.06513857251550136,-0.02938348513192605,-0.1263794867208831,-0.11678486992766657,-0.12359755296967542,-0.020143327665346596,-0.1578881313710064,0.20795754081444398,-0.12201621902133598,-0.05077832264240271,-0.005756492320101754,0.17165209379728533,-0.1254996652306984,0.173052497560552,-0.31119000610209857,-0.015456026358116666,-0.043739250507342634,-0.06390048383945658,0.009533787289713469,-0.002174707586845763,0.06168228838071151,0.016905053844371628,-0.09314298588488407,-0.06107588969086518,0.061785966860916204,0.3150170957272282,-0.038615347851072665,-0.031858703115287317,-0.06261165451400702,-0.307182366881789,0.16856160375619048,-0.3720254128853411,-0.08865182236002589,-0.004968287025433714,-0.01459895585677479,0.08386920420329266,-0.1004687227179328,-0.01590031415427708,-0.03303285399413789,0.10528422493740432,-0.07369285532299434,0.20912389254475874,0.013391666932454865,-0.05851139708918426,-0.05840899135299947,0.077351556648049,-0.03337201535251078,-0.054170271175155715,0.019893823701014182,0.019972661347120464,0.008494050693248123,0.0152073940190968,-0.031424202577972196,0.01927107453600358,-0.0395431071168558,0.2656435336255995,0.0036459297767782333,-0.21285105340115418,-0.05589506608288252,-0.04700186970803315,0.019568771894334966,-0.16022247819009228,0.2662684590600525,-0.3013768931035609,-0.14286632086552287,0.030359008927809964,0.07856330243142447,0.15123588258974507,-0.008943945987646595,-0.07403195699291773,0.050925968834937774,0.011934894987882774,-0.010493874317675506,0.036401414723543545,0.022838089133725127,0.2558115549124931,0.16512658765934568,0.008510950200701209,-0.0015396760225703185,0.003721864540803027,0.20357764040714327,0.15696832758400767,0.18862918397730494,-0.3167309073183339,0.2728312141207584,0.14180986951260727,-0.25548640734835015,0.01686762173781721,0.4196538411445928,0.017426447929618432,-0.050139907926537344,-0.002078438250662689,0.06975784825855684,-0.06640907759400766,-0.022373934053261477,0.018174240514038455,0.02750300896056187,-0.015040348961636812,-0.040108093147651576,-0.04467000672683698,-0.022088379021071667,0.004755463904545964,0.0265628188654461,0.027636962319406922,0.042518786732725876,0.005556989437806531,-0.1383684636155979,-0.005220382995960167,-0.0528659602987332,-0.15608151998423092,-0.0294609077919453,-0.12461135170385355,-0.035071381673995546,-0.0620183966235343,-0.04491202299859647,-0.04336812396874858,0.13481801337198596,-0.17711947283486,-0.0888350956670784,-0.07090758243543627,0.009780604314746703,-0.05320791979035686,-0.06277618765787539,0.2580637018504115,-0.08811175669449828,-0.14165307464927113,-0.09495834519799622,-0.04825989684132776,-0.09472233175506385,-0.1640366606758942,-0.10619122764035223,-0.019533077871875523,0.081380288169177,0.028104902722061592,0.08382902225250388,0.12244002525054097,0.07844127828944744,0.11734826118555702,0.022838089133725127,0.042459575443029744,-0.024011673839862684,-0.00860199619865221,-0.005564120035006053
1stFlrSF,0.4040987679616025,0.29947457850776266,0.4762238290781779,0.2819858586998021,0.24037926760355463,0.3398504136832498,0.3179874383527259,0.8195299750050339,1.0,0.5660239689357486,0.1822400511017404,0.4897816541041918,0.23545862278369778,0.2116712254979847,-0.021095719463122223,0.6058521846919153,-0.09548581327245005,-0.03934252353668337,0.3047310462627002,-0.26702912852836935,0.005949724112527035,-0.08513390611479718,0.040544271324049225,0.09175239545970269,-0.18332049400643236,0.046424507485909774,0.05833677620571434,-0.06201683724545052,0.012287014946219584,0.08835244350220885,-0.03355184264872708,0.005136686039933176,-0.062335161340608354,0.0428567522979428,0.053370971180604944,-0.05023116343947418,-0.15764107611140352,-0.13047332614554105,0.05234240558187221,0.0017511799212149815,0.05026328191781016,-0.04881268895623381,-0.13623154241963545,-0.1366354562379679,-0.1231272121543876,0.011634924758566083,0.011039856817187972,-0.04949079818136942,0.09134143026737118,0.15931363559425601,0.25469259495018154,-0.14365225553002367,-0.04046141783729458,-0.029462172392988404,0.01792875754792602,-0.018494607169747594,0.13173065211936455,0.1273480078676067,0.056058872700670226,-0.0033041787591473674,-0.004993104984216865,0.10439040262848714,0.10704619516323838,0.012361294100548153,-0.03763414987392288,-0.022965302603962665,0.010341140795666118,-0.04041353186929938,-0.022806663862413413,0.024277764374674698,0.13880894375928438,0.013438668846127714,0.0350491155561683,-0.04697267743452741,-0.046158058739785734,0.08105101792953151,-0.17990703741422093,-0.019014447825674304,-0.06777750795089724,0.37194603134972987,0.03305993727915461,-0.02979908074956953,-0.26981275817325756,-0.09505679202934479,0.013149922732327056,-0.3141313973145444,-0.06175242269965867,0.3239944583286351,0.0005288839307329896,0.017622015722361505,-0.19034484341566169,0.013574157540234433,-0.011829972604797661,-0.015894633428002618,0.0710209892007121,0.09656119309243875,0.1173331894868597,0.0339652060033136,-0.005043629576754567,0.12309271309081146,-0.021856135968703463,0.07937290750617826,-0.07529243535726407,0.031255432121176874,-0.14944950328457643,0.11718037879206593,0.11422654198667016,0.027710466412445945,0.0704832724107514,-0.051757444268864986,-0.03882684505395899,-0.008097092470479367,-0.043474188810996586,0.0959916442641902,-0.021856135968703463,0.08048181417824256,-0.03955337281499279,0.053244063109321484,-0.14456638321332968,0.04493979022596749,0.11023024211125408,0.05354218037012245,0.014831036978223956,0.07150408272633273,-0.05725786538137394,-0.06250209396076967,0.17051211626073515,-0.31915056495166094,0.26744547997273976,-0.07948970607218363,0.20873242466967398,-0.31284438744684895,-0.0703577607888392,-0.025247030515565122,0.009712729758189535,0.05500568543232422,-0.09332088877382896,0.19718828347759307,-0.014789383529594453,-0.011435121167061366,-0.012284971050618999,-0.09029429321256283,0.04875194952485391,-0.22905556237082825,0.03121291253473498,-0.016496249505906207,0.017402756088288337,0.2859224456767058,0.0198607147937423,-0.2611775128112189,-0.05022372073311992,0.24640508955532453,-0.024210270692680606,-0.04061119192491624,-0.14890389355774905,-0.0019994793292881104,0.007751620616965307,0.026097383249672066,0.04923841603153455,-0.051677472443816666,0.04643510333384933,0.005825756697318315,-0.07852270039420509,-0.01213562852869774,-0.015004102463871885,-0.08126409994240695,-0.10749829782079953,-0.024362676809680055,-0.10519519782706559,0.14695261189405368,-0.07603571775606308,-0.025983639303412173,-0.005800725717043255,0.12440330989122719,-0.10019570059618943,0.1330580059638983,-0.2735663086888609,-0.012958296278197853,0.057323049942410255,0.03203157034821506,0.05584962833028144,0.020484080939683288,-0.09053142513682143,0.007098737623269116,-0.1392078076617682,-0.04710830485843016,0.10948110377902802,0.2889831742890287,0.05484526416886649,-0.03559786096794929,-0.006558505713960137,-0.31105894201022616,0.1286553524441203,-0.32168712919873604,-0.09723854289052823,0.02662935609816961,-0.02794059191095399,0.0787283379565552,-0.09426852664888898,-0.0027317349191329733,-0.03831697737012906,0.09886302893655158,-0.06261320166512811,0.16384794735061836,0.018005367017061173,-0.061761461799789114,-0.030331403549547668,0.0402284558323789,-0.03955520054959672,-0.043953785988767625,0.021058491198408285,0.01553874360478378,0.033381259817154736,0.007559044236496012,-0.011789180587362873,0.006093847579076208,-0.04372083428978394,0.22121871834368628,-0.00821450962693178,-0.19805630190374193,-0.03745057045969519,0.06810674472510174,0.021948548270913255,-0.15877220774383918,0.22103652835445006,-0.3385381105110184,-0.11355478942984683,0.05094485899475997,0.08558389001290644,0.1467268480603979,-0.03697786998539435,-0.0840686367035128,-0.006840598547851708,0.09721133552987309,0.04728853656044778,0.0574634719271748,0.018790472263347843,0.20295881243967703,0.13476607006470992,0.0025318289705272973,0.0011671068884904713,0.0027192341409131037,0.24106080872484556,0.21070692441268557,0.17826091189441273,-0.3677621330949244,0.3123228422595525,0.18053722461533375,-0.2916538936686067,0.06625085761393236,0.3888157163195078,0.020716671367621328,-0.12295356932020121,-0.00576188137348279,-0.0724352555323427,0.07999673418472068,-0.024642464518273625,-0.007847357184817931,0.023862047429806767,-0.03196548685927501,-0.030865482757232696,-0.022188759982553864,-0.035734083881484434,0.010161178044608693,0.02741005343531504,0.03829977462800849,0.04519105141130615,0.007704448576466915,-0.1492348125652834,-0.012020281944789735,-0.0673419717458612,-0.1457288363858855,-0.10958752040192085,-0.10178619432074006,-0.005379994771887694,0.021139928301902214,-0.05862032166405027,0.08105101792953151,0.10286697835068342,-0.25013430546359594,-0.08819669778923211,-0.0440733625107304,0.016196337872822045,-0.01740046781453669,-0.014189547980286786,0.18373093993869993,-0.0823690348627741,-0.0942790217307273,-0.09680969455631551,-0.014676067132212388,-0.11833604769140395,-0.20834138725595822,-0.16692524403982448,-0.05125124665155924,0.10720322038487183,0.06468622026082807,0.12067935064146959,0.19449126703238587,0.13457347258214372,0.13289856415088483,0.018790472263347843,0.0448075286606613,-0.03894250446892101,-0.0037641847691926725,-0.0003037999326755271
GrLivArea,0.3598656433874854,0.26311616716714803,0.5930074300286512,0.19900971367645826,0.2873885196503327,0.38805205222176076,0.240257268349935,0.45486820254790317,0.5660239689357486,1.0,0.1781859399905334,0.4689974773229655,0.24743282051884846,0.33022396171200064,-0.0024156395502935623,0.7086244776126515,0.024275256955015145,-0.001069803647101008,0.1329355659007244,-0.15423907751126692,0.04412133574789912,0.009478681807831749,0.09495338558153542,0.09413336440557936,-0.19222789918655536,0.04457953317450325,0.003264833814694669,-0.06341922281960323,-0.00854548695398785,0.07593977441682985,-0.029369470716933573,0.0022486622217826346,-0.08542191735187182,0.04219787935086507,0.018140639309776753,-0.008669727105078143,-0.07459916032255409,-0.12095838147439893,0.07257630270832063,-0.022522657037846488,0.10001328771526204,-0.09055471812520811,0.057302255172673934,-0.1145495058922982,-0.0943291186986548,-0.07849264487475974,-0.16669671941734238,-0.03935039234925683,0.09272577985713751,0.3214495119802198,0.17989210325070887,-0.019705087444924253,0.07180629827206299,-0.1321061869171303,0.031078291903108696,0.038666700078386004,0.09136496087181219,0.07279025889023251,0.004009396040347172,-0.004024541648150769,-0.05579572447673806,0.07542605324769744,0.12038963234403913,-0.02925405054930437,0.017173751417381863,0.014914662019159447,0.0050369976458331635,-0.005885791231077176,-0.05208431811245126,0.06277335154566872,0.13146173293803678,0.055048390003078394,0.008200236131885391,-0.05943433149805544,0.012894387560424974,0.018966669092227304,-0.0792722913190589,-0.11254229653877582,-0.11595445499305951,-0.3916504002185988,0.18829249413796897,0.0650476697461085,0.46883599327743425,-0.1664019197991035,-0.058187771803880725,-0.15684245290628251,0.012604212248915406,0.14229422659032603,0.06064401331817384,0.039239368290794316,-0.15302033610153437,-0.007598556184250835,-0.026287979271162897,0.020161466907509154,0.03152788653269259,0.07808726004867857,0.12392347477512643,0.007402820746843823,-0.028587783689822694,0.03867891448474424,-0.007050333107034812,0.07757780356356196,-0.09245489642479938,0.005409282284239828,-0.12808819114855027,0.023922525173664073,0.05915742487553886,0.06931372462111857,0.13680925101445443,-0.040914060196674824,-0.052913582243960616,-0.0008750809536418899,-0.02199520563559984,0.010939257828033757,-0.007050333107034812,0.07042642558745935,-0.05659599668501678,0.0422793819493582,-0.12870753557808942,0.015476651520389875,-0.008932094654409025,0.016553629298710668,0.07362614592362006,0.13687669253207146,-0.05820954559654143,-0.018513065944711627,0.16332164588471546,-0.24169797203096222,0.15578716658086053,-0.06239579537898476,0.3025157520975239,-0.38614600954372974,-0.0599032100628386,-0.012468186697100538,-0.010439348493461481,0.036162862553101444,-0.26678661333237497,0.29276399367510625,-0.04331582412120961,0.04637217046462149,0.031143837480846332,-0.06551000881939024,0.14913984593679303,-0.29878640583258587,0.05018877695522317,-0.03701329789115707,-0.03265937801912536,0.14867547760555772,0.049886395499669556,-0.10601283264978714,-0.1171769712588328,0.1935214865805982,0.0018348989660833049,-0.0618066088887069,0.028062476069128917,-0.03829460702332444,-0.016436765707651697,-0.02230577041723213,-0.014349855789917007,0.038691965732536866,-0.0034656381054981116,0.06615413194417938,-0.08279486855248085,0.04882823800946785,-0.03524350723263908,-0.0777469383353236,-0.07395246310686497,-0.03550809466070623,-0.18790461443344927,0.09366559623177144,-0.06934816929927555,-0.020224643173044638,-0.021852356191869104,0.1306508086892739,-0.08225700254988148,0.22625286969607383,-0.35017920024756155,-0.03835124253477518,0.0031170410601791677,0.037713951261204526,0.05143779697984288,0.043087159227454624,-0.06276870731606012,-0.046558300889903856,-0.24247289402051173,-0.07083036041560045,0.24307415646148328,0.07166857046031352,0.011461079930827732,0.2834008852232358,-0.023757985377617835,-0.2315499494123212,0.08107578172810806,-0.31784213161692665,-0.041287158056656455,0.05546536688441373,-0.021664342742940757,0.009587792161072762,-0.05357620607227449,0.010442026922355442,-0.008763115072192958,0.05236466838228754,-0.03094534001742637,0.08046552114243101,0.0374414552185431,-0.14016895823874698,-0.07880206774648757,0.035913233836885695,-0.0563201822938307,-0.023652336040505487,-0.02554820789582241,0.0632218976997546,0.030311663310421635,0.008287060890076232,-0.01662812407007352,0.017267839013618027,-0.022348481110137167,0.16836778259796256,-0.03652204230426834,-0.12110152224398543,-0.04020754031409613,0.03228341998178835,-0.007743147427099559,-0.09157229691623892,0.16323934401415927,0.5109366377225834,-0.05020948111965532,0.018405292766785954,0.07359807500463056,0.18939735102573182,-0.1405478971879132,-0.3330445600166742,-0.034477121424492864,0.44789939701966,0.19052769099474834,0.05598163618670243,0.09367319771603004,0.012158481893539335,0.0661526179580147,-0.015722225419362048,-0.012404660217939286,-0.022876765695612804,0.31321415426255755,0.2156484023034069,0.14653979741180892,-0.5721471485564885,0.46749226808781685,0.36881951713826233,-0.3258314197144147,0.08036753271780701,0.40758526819409474,0.0342526387962531,0.4110516036707684,0.06067574012622571,-0.09450523648194811,0.09640828042473305,0.019709096878496223,-0.020030596224148878,0.010536513971430385,-0.03659168828106306,-0.05527122403326457,-0.012409667790698731,0.023235415760585267,0.026972205338640604,0.05036471011941351,-0.00947862504729653,0.04576960874354737,-0.0008366632570935382,-0.25717615983889286,-0.01793175367218087,-0.11068909753089283,0.024673665263653288,0.48466163675309865,0.11310063632470449,0.15658435098253748,-0.04727741518702702,-0.10627765647599538,0.018966669092227304,-0.09340177992230582,-0.06012109875137971,-0.11336161112426861,0.018428809938628065,-0.0008552325021505332,-0.05573708733472908,-0.01771405414187172,0.17887045933685372,-0.10876026639380205,-0.08836763845620303,-0.06620675235371687,0.07312006137439567,-0.15704598483583007,-0.2870206779093763,-0.3717259427265835,-0.22660728631017585,0.1460881712578947,0.27529552409041036,0.30789998845430944,0.33914194530768077,0.2757595598117892,0.26238163416984867,0.09367319771603004,0.0424564612218428,-0.021573184713464578,-0.012722849389618016,-0.025102694571233077
GarageYrBlt,0.040960027197373204,-0.04219820677575597,0.4379975557573725,0.7000980209810581,0.5713688774711366,0.2092892933688529,0.17235001173701692,0.2629452665212424,0.1822400511017404,0.1781859399905334,1.0,0.33048936822908054,0.18796076506546547,0.2024170598528087,-0.02965798658147691,0.397778041486978,0.21456739453792073,-0.030477712844056544,0.09926106855820954,-0.2191080304206494,0.01638165714713591,0.011727021367743506,0.06585208852311639,0.03968793160503333,-0.16988575570807105,0.029409560623065465,0.0037243445339588494,0.0701814374312268,-0.02325415665695426,0.054734150823512275,0.061971988696961064,0.003758160022650711,-0.014607894520119033,-0.05401797903147942,-0.03998671169014843,3.5886448156216213e-05,-0.017448099022710332,-0.16648863410005815,-0.05739173172050409,0.2570896798919143,-0.21784089171700838,-0.04390596358794938,0.18084724813689596,-0.11345870274319993,0.011717888059489697,0.037687131446842714,-0.2547611382398251,-0.010888113013922241,-0.03763030604188449,0.1065715662901633,0.2464575017026893,-0.26586547835883034,-0.1099836398830849,-0.07676205233120241,0.077238530670112,0.2536290624961861,0.09914291007434681,0.08900858201852939,0.008408226515745689,-0.059628325322062685,0.12505691056714624,-0.03480464350200559,-0.025048557455872606,0.00232544639977847,0.05622914274669076,0.019496594619718286,-0.0027864419309470245,0.0026586478127343474,0.032022006402397586,0.00849064812953878,0.04045428034293801,-0.003149113625508829,-0.004207273785059555,-0.05759774929069881,-0.06111669341948489,-0.00354815256682924,0.07925613986729954,0.19251011826275521,-0.0899559940457458,0.053065392266653764,0.024448014527829402,-0.1378986425893815,0.15875057295939757,0.033095766231572316,-0.037642459003758524,0.035329874510278754,-0.14494186167102774,0.012615233777202663,-0.030391408873722665,-0.0029580686551614107,0.04089691977993797,-0.027486797295151084,-0.011614394901906371,-0.03383575825245068,-0.04377562395282357,-0.012263914777029967,0.003524116220000685,0.02647937084188109,-0.034394597239992206,-0.16010991448788917,-0.013730715221005647,0.11822197155281385,-0.05386657490241922,0.014839609086835117,-0.1813692728942419,-0.03992025760000381,-0.02092179927506447,-0.11126400651547727,0.4905766059395807,-0.29114123170111245,-0.04947917961526438,0.002489359684951076,-0.025582146502160615,-0.08522988499016478,-0.013730715221005647,0.11734422309658285,-0.05690629575616747,0.015520664210483487,-0.18408840344418098,0.026479370841883416,-0.04947909881490811,-0.06391614178818311,-0.12420763720579472,0.4879587564120303,-0.2927017757933917,-0.08017191470190137,0.1447980093785188,-0.2652445406358473,0.24746329475160234,0.02140086039212622,0.4715846377468309,-0.5320697384268399,-0.04770293677211957,-0.14750868182833052,0.026479370841882666,0.15473027979794698,-0.36817009679670043,0.5933756311123088,-0.03383889168368182,-0.0765317114521791,0.01899576149836215,-0.1712389757851415,0.44358746872718013,-0.5483924809033455,0.07510702315430941,-0.026161220705869348,0.0453863550778308,0.10328950735747817,-0.04119719499073339,-0.19690487797158465,-0.19761418267973593,0.396856442174657,-0.13393357761899066,-0.23030732187503866,0.012475811177548174,-0.04455407554516222,0.008333474412172238,-0.07446948394173551,-0.088995373281965,0.12000042633292951,0.15036068153434648,-0.15694050166885765,-0.022776743452080833,-0.003706557430990093,-0.043908078102472166,-0.14292851576316928,-0.12887490515466843,-0.04124287936929741,-0.29226550818841107,0.20413495988906338,-0.14267708511305938,-0.03663692609498814,-0.06346424271984148,0.266947531487827,-0.08156480597584999,0.3631522496481631,-0.42741406276720145,-0.05443866894210049,-0.1114300604699232,-0.08594037859171853,-0.03833633726937863,-0.0158470355401047,0.13586016109414367,-0.02890857790064545,-0.06071317756215764,-0.018462888286187175,0.052920022240215116,0.3350733906091022,-0.08123067410204603,0.17251779674076353,-0.06323439091020469,-0.4173384506504623,0.19341412178618178,-0.44494370646762477,-0.3449496326988273,0.00378829668001462,-0.11244410479362027,0.310744919692407,-0.2586537274992903,-0.023620991421126933,-0.1606422647702286,0.27866471744352006,-0.1278727083156555,0.17741041784243192,-0.005952023758478228,0.02854895692882177,-0.1013170212790084,0.13982218535513444,-0.05305986728772026,-0.004455046206819939,0.014633282988550225,-0.0020909534659590955,-0.05344132572749723,0.031472415032986506,0.027310522207687447,0.039388312234125755,-0.016054903915462177,0.3275214595830994,0.025720591866788125,-0.2242524066720218,0.01858765632824299,-0.015549545600968035,-0.050615523744814525,-0.16926999760398356,0.32235472180464847,-0.032237958829945214,-0.2986780656967132,0.013406118289983152,-0.11149764703149465,-0.017165937351924152,0.08451482165934504,-0.03323134747231098,0.05271991636914448,-0.05834007503873287,-0.07265813897534794,0.020105846027692116,0.02647937084188286,0.10832503097605059,-0.0018230326907502981,0.026479370841881615,-0.09416328297349365,0.03820881401545008,0.14981823789817264,-0.13979303614771973,0.0014784208497930732,-0.4488236655216231,0.4226634823041563,0.08042364968661846,-0.588680576327259,0.1973540359216696,0.31202258855963205,-0.01652877755776688,0.16247400156365374,0.008980261613958391,0.057458440256321165,-0.056031362641445766,-0.03364610846416261,0.03543855496244777,0.04177285314481948,0.004346894750015093,-0.02332464069051823,-0.04607452303581801,-0.019272163663205482,-0.005209586034127359,0.060015940473259075,-0.013059608016211382,-0.007599821212070177,0.04096801881400551,-0.15399273554112822,-0.041259953762187905,-0.06491578262100323,-0.2668015258635572,0.30212816021926986,-0.27941011103144003,-0.09722124486767551,-0.036938685770690094,0.003210369689628486,-0.00354815256682924,0.1944906664609304,0.07704617336999159,0.04975762635276263,-0.06093905562015285,-0.018898145769287417,-0.04639209714092743,-0.12400783676528761,0.475144221653553,-0.22738471991965364,-0.23053748162590829,-0.15550683556975886,-0.04578300193987357,0.04758828858431038,-0.04198199774729791,-0.08888700243460092,-0.06478736571823662,0.06486080812366785,0.07393395508100804,0.024805347144357462,0.018683928571757717,0.04626955085716283,0.022814811000932713,0.02647937084188286,0.014635916746263673,-0.0007985582443724011,-0.006425320733816315,0.0038521290594300864
GarageArea,0.3179247527262427,0.1804027551511169,0.5620217566126083,0.4789538198934904,0.3715998094973092,0.37088415280889775,0.18330269774258412,0.4866654637737961,0.4897816541041918,0.4689974773229655,0.33048936822908054,1.0,0.2246663071787637,0.2414346721380881,-0.02739991441262488,0.6234314389183622,0.11485939513158822,-0.07318826700193777,0.16959264041423056,-0.2355797848707237,-0.04779429321486588,-0.018295542416670568,0.06507536563829659,0.05098551678178905,-0.16980284602243956,0.05677554359522922,0.05060148419939617,0.008448150659669152,0.0063719565388315165,0.0772171080818541,-0.0015081232190347737,0.022689009446544946,-0.07010232970807927,0.007136339299817951,-0.0007416865753686387,-0.002769159558330041,-0.09307301890304892,-0.16152965142556655,-0.002977827633669871,0.12602408378360508,-0.05599164924483187,-0.18622118297031975,-0.022755316997960632,-0.11843344504113752,-0.10842759988674847,0.007864402303055794,-0.09170039037315814,-0.012152657278537425,0.0649830080540942,0.18526292876267483,0.3011390487107763,-0.12312363981591867,-0.11818766747313356,-0.08388057916204585,0.02498291961976183,0.18453338050601706,0.09790700804253412,0.11367513616761234,0.03013755095041992,-0.05978252512724957,0.03363730206562225,0.03252197343146527,0.049098314077596183,0.006790003816802968,0.018379555084141092,0.0014763865992056579,0.018162391387492587,-0.022034766164741,-0.03178930771746394,0.04985620352136402,0.10033696141039446,0.015558769281620076,0.0067394290485430575,0.0012164552018054929,-0.0858375485051364,-0.0416715222528366,-0.09595039149689881,0.002714486401345634,-0.09486085541961138,0.031165021036963236,-0.0021636675309487457,-0.04590874542764664,0.13794589108022692,-0.03803369256937991,0.0068411225017790045,-0.13527658677951537,-0.07500053034810601,0.15487388763980814,-0.0034730001756589465,0.020797953805949822,-0.06267368635784455,-0.00416225540623272,0.008209319087389226,-0.008939398032482788,-0.006662630483995299,0.027158580905228668,0.06843243702002982,-0.0579357326606885,-0.00588833632713177,-0.03698712235146701,-0.01653382989985469,0.048996718601930146,-0.051920346061781905,0.034789830623190805,-0.1198900081927466,0.03440802811670364,0.0163791200501474,-0.012635249951591413,0.27868016460314876,-0.17933211418392733,-0.058238630412275824,-0.04189081724933287,-0.010803042908039477,-0.045958491523452064,-0.01653382989985469,0.046189001346126295,-0.03315461472069506,0.045623522679453854,-0.11511487307841033,0.03491232145976129,-0.0027381537148592717,-0.013653400809379016,0.001272521889811467,0.28027352549432955,-0.17649230313108125,-0.08343338730608273,0.1931246957343685,-0.34294554447046544,0.2859591539948206,-0.0933153129611863,0.37053119875278634,-0.44526024731709624,-0.1570052049972234,-0.05426619829859501,-0.05793573266068849,0.12195445327549165,-0.25466250648321137,0.3888714024534485,-0.05923971550276934,-0.0025988443288102237,0.017413302227953713,-0.06706822573498462,0.20529207167779226,-0.3871851695418142,0.06367812498737203,-0.05267598785915805,0.036819921943533444,0.1682549867207835,0.050849526419421025,-0.2417480016705139,-0.10982027502802591,0.3108154531386922,-0.09235405831363769,-0.10590614804396642,-0.07609061473742523,-0.009752851780837122,-0.014262460406853429,-0.01680598668438779,-0.016877043445531942,0.01895557244901744,0.08700998549023005,-0.004897554837135815,-0.12242382021251831,-0.04765064750942186,-0.026480393164424208,-0.12872111940648362,-0.11747728048640359,-0.013839031495303335,-0.18540056748769435,0.2307407974913725,-0.128147644054362,-0.033610886486990926,-0.0165338298998547,0.2359466033482266,-0.20030231508185178,0.2916259931921111,-0.37093479742428664,-0.05106438404776943,-0.02163807384713131,-0.028650123749539295,-0.014609257320039454,0.015068805935338015,0.06629018421517321,-0.011714872921230576,-0.14816431562601035,-0.03778736411136174,0.12435485090588824,0.044295793901795076,-0.017068208893074328,0.12632712595933673,-0.007976503738586058,-0.12959773422965776,0.23878241066770436,-0.44720813003823345,-0.13940863622636482,0.03874635752891385,-0.031204752761182217,0.09694233382177293,-0.09780228371085387,0.00864622505769104,-0.057752430535692234,0.09293123767133236,-0.08331843384589138,0.27897213981127933,0.008841109525543124,-0.04684455137761989,-0.07542462545262674,0.06287351469050786,-0.03942331566830865,-0.05700817781582711,0.03356569833948996,0.011149099165081557,-0.038067696273493025,0.012220217691745036,-0.002572069745707793,-0.005534888317763548,-0.04190363008763572,0.29667139364348355,-0.08060126277925643,-0.21866531224827998,-0.10127674127587352,-0.00545763335146432,-0.016172571870957008,-0.1308743564445308,0.2947137660447441,0.0017500902767733357,-0.1802511412991592,0.0291464253016653,0.035421970488520346,0.07205427557317383,-0.017850445933855295,-0.10289988735835927,0.050386235829141535,0.07375483098163864,-0.024938795415049026,-0.01776194423624886,-0.05793573266068849,0.18381459909205486,0.03642916422121451,-0.0579357326606885,-0.017340025198180748,-0.025816410127809636,0.26913685446977464,0.054251668304342394,0.05968748568582325,-0.4080753077861767,0.3640095615775102,0.14061127385766312,-0.46927431744403836,0.24932835234106868,0.5959572333440397,0.11448744500422786,0.1774580860592012,-0.01820002036230006,0.07282327505599984,-0.057951195804651474,-0.05076982427822359,0.03401260270395599,-0.01105199884285495,-0.05101528608833273,-0.01838420102259052,-0.005621715387535855,0.002512692589368659,0.021509690473592597,0.0023380913968806113,-0.009285306369712434,0.05564873119712336,-0.00024130768757249044,-0.19937498832741052,-0.030281519052055266,-0.08290579061509483,-0.19378544220962904,0.265263334796133,-0.09401532867465624,-0.017258554611351173,0.008616448809419211,0.01784866999723107,-0.0416715222528366,0.029183026598489394,-0.07386800126969266,-0.08881488017619767,-0.08955307816853537,-0.02270444514124771,-0.10223005883308763,-0.06440723269611111,0.30527876275148375,-0.11838120517370487,-0.17088833840398163,-0.09666913709181278,0.017793763304989607,-0.1084574725278006,-0.12596185031535584,-0.17239237317240275,-0.0784359810573631,0.11078360448015287,0.10033226382825654,0.13182112073604402,0.09791208680639706,0.12267979232401838,0.1011066823168905,-0.05793573266068849,0.019938737369353345,-0.02107271823716582,0.014942305479180398,-0.03577102951377182
WoodDeckSF,0.06132945033423377,0.17169768725711246,0.23892339224918593,0.22488014230399744,0.20572592049010355,0.15999052961835059,-0.005316424333062066,0.23201860912901803,0.23545862278369778,0.24743282051884846,0.18796076506546547,0.2246663071787637,1.0,0.058660608565887375,-0.009551228238372468,0.32441344456812926,-0.0636874807734629,-0.022363506127973862,0.16773384510344275,-0.13590108367690004,-0.017989759827088406,-0.09542874563927535,0.06316555348640161,0.008321709855116688,-0.1708620913298581,0.05163387614807082,0.09341900228956505,-0.044486994685586305,-0.019692086396920133,0.08510454281055632,0.006054896970027614,0.0009435207424842091,-0.04511351458889481,0.07466596818454745,0.05788984322095065,0.018106914396942557,-0.021838433134836764,-0.09480119741451029,0.1055494288077685,0.05421746114358963,-0.06328164731032435,-0.050803138842620915,0.01637492790006759,-0.09558376966191656,0.04335659323522628,0.012779177273781969,-0.10717944259048247,-0.027880437595026116,0.031005217460164713,0.14376970801804145,0.10820287771288664,-0.0984925181649261,0.0003323367746807682,0.005779320830242631,0.05226008210472708,-0.0500581999040024,0.07449408894312853,0.06470916519746282,0.0669662404934366,-0.023445763565185573,0.04034950466894872,-0.006068992380951282,0.08539149590197864,-0.039238038642898036,-0.01762284256050939,0.04810997416775334,-0.004044433374848118,0.005087006697456795,-0.003053798413723446,0.002247322490249325,0.030669771936444646,0.012694660055568146,-0.019692086396920133,7.551886965725619e-05,-0.021408779173500515,-0.083258256380702,-0.05000323240570756,0.040670168606828636,-0.07131900352922003,-0.010042375417079539,0.027920732782606664,-0.056369800336913745,0.07257313967334342,-0.023305873925268856,0.03644649052220051,-0.08323647453608977,-0.03987020697109045,0.07885455531788801,0.025425905496978297,0.03466032668428647,-0.10154159343739087,-0.002767399541103692,-0.019692086396920105,-0.019692086396920137,0.025559214996829775,0.057151775541085796,0.13018389796752716,-0.019692086396920137,-0.027858364365235463,-0.06781898964516758,-0.019692086396920133,0.0827562583409081,0.03190501693232024,-0.019692086396920137,-0.10829064159446575,0.07806473892189342,-0.027858364365235498,-0.03266121546844122,0.07129781272166169,-0.04634519678431934,0.012881269047693995,-0.0028650735978499146,-0.016675158749096478,-0.031565644129589156,-0.019692086396920133,0.06775116550245903,0.03396553606469919,0.005206573036295524,-0.11658973595237004,0.01791832883822755,0.08186118712875905,-0.044093328506376754,-0.049821627035835106,0.07150278636378236,-0.06459599273957392,0.014341503838148488,0.10690507882622535,-0.14338373428881512,0.07773489045938223,-0.04484271511118341,0.16059865495963224,-0.18755140737994028,-0.07863321936480641,0.031510805139008495,0.03526090919665672,0.004219034202998506,-0.08238549045856804,0.1721613812916477,-0.07350944404077019,-0.010293758622633854,0.009931058981390257,-0.054769502538231325,0.16083641323301348,-0.2335467158381575,0.06660860257473214,-0.027858364365235488,-0.009728224110025005,0.1843444733676936,0.02736557863544639,-0.21944863102190765,-0.019926581900502435,0.1723134854224395,-0.04346461246336646,-0.1083160298284366,-0.09304787516780166,0.01044255694495027,-0.02969738063476417,0.07009057006235281,0.04697533916620035,-0.08523058754431631,0.0886283803618788,-0.05679120487074891,-0.052207823874073155,-0.027858364365235495,-0.02980327879470945,-0.06908288263116034,-0.013943458855089777,-0.01969208639692011,-0.08892141243083107,0.14597281977144463,-0.07411433798165672,-0.03413109565467254,-0.019692086396920116,0.15675991116259605,-0.08440193239356415,0.16014170314167345,-0.18437585445907528,-0.04409332850637674,0.03634311209084337,0.03569126525891444,0.010426431558947171,-0.01969208639692012,-0.02550592450681624,0.039828598737308284,-0.15637142746380545,0.004849155165851984,0.11657090147573532,0.1616708703040147,-0.04435832235875591,0.09992686731486744,-0.0033663674412306318,-0.21488105584891665,0.09391259564825306,-0.2432948329381688,-0.05471413352592084,0.04103694075325298,-0.03413109565467249,0.04198905322217201,-0.09168613997099097,0.07806783711525236,-0.03954584966472738,0.062426835057158694,-0.04224527545062135,0.11470825513285102,0.011308191493212051,-0.006172568282823199,-0.010983651991280076,-0.04540750500014865,0.009186055296644978,-0.027858364365235477,0.029589639848931024,-0.019692086396920137,0.014748206248979316,0.015150947917059723,-0.03954382709839883,0.0028799083067713024,-0.008723042619185627,0.026611981585973245,0.004619456778686809,0.019758137774640257,-0.039424726268933216,-0.0018729574367710507,-0.012598655297382884,0.027466653357834023,0.020796332288324556,0.03222993244077833,-0.14496253415176466,-0.02940038542722946,-0.06768109147250888,0.06167080667123077,0.002728538290597432,-0.08646286558387202,0.022038677120278457,0.05046770511598824,0.03961558855621252,-0.027754386182274108,-0.01969208639692011,0.15018275240860532,0.0836106576328593,0.005381523759844965,0.0454089283575911,-0.010122565485938496,0.19331294554065714,0.039752190893579335,0.06510541125645962,-0.19764530402583172,0.15394027256842555,0.10735397136655661,-0.13351379066555985,0.041172318293176566,0.1851321179849776,0.013921426123407687,0.10570610432790192,0.018833913241833432,0.09524623051388781,-0.09088108970658933,-0.021946431405469796,0.03676017870489311,-0.0113322992010158,-0.018626675181527295,-0.027007280797679164,-0.002467738726711374,-0.011402371160942084,0.006364120042070951,0.015807858318014387,-0.014206069790657125,0.02966464002726402,0.030024386931516506,-0.10721705384624138,-0.011397031452715964,-0.06556777601540212,-0.07493438244850631,0.15145648587690427,-0.06445610286095903,-0.03480773606532267,0.05359234040917291,0.0015571154558076433,-0.083258256380702,0.06153483630983392,-0.038696876665595216,-0.042315833327423065,-0.018123517445529706,-0.008910186988959123,-0.03497877022370524,-0.057120781374504076,0.0891021845720365,-0.056496224526159294,-0.03543702846313391,0.027150017077805868,0.0017778411865725413,-0.015448027279346825,-0.07714717375220903,-0.09480845380196738,-0.01711224208113688,0.04614072357106109,0.02405064542086758,0.05920054978763486,0.09097503856864468,0.07735952700456701,0.018921447550808875,-0.01969208639692011,-0.04920095355027497,-8.527908373949179e-05,0.012860985949987105,0.02610736072732726
OpenPorchSF,0.13146778734439446,0.08477380884021642,0.3088188233594523,0.188685840001731,0.22629763268298944,0.12252833183190157,0.12900541461542128,0.2472637462881078,0.2116712254979847,0.33022396171200064,0.2024170598528087,0.2414346721380881,0.058660608565887375,1.0,-0.018583738987649336,0.31585622711605504,0.18516912676375735,-0.029259037367954883,-0.04425290525200207,-0.0530391082918448,-0.005663817901614733,0.07492186270822151,0.06290360561966342,0.022493404462640025,-0.08324684864517205,-0.04287538816829763,-0.004252385478476992,0.041723430004911605,0.028198576073716328,0.030207406311885985,0.03807980950445772,-0.015360464925246082,-0.059632629210013006,-0.015338552046173829,-0.031107444880964612,-0.026091972234579795,-0.06144191023463822,-0.06545725808899912,0.03834196350448805,0.02584998946851376,-0.05647321913191988,-0.054943372710189925,-0.014543228384964147,-0.019044247872957935,-0.029133700767480657,-0.017016560838870633,-0.10853945224423034,-0.005937796680562943,0.05996558540936809,0.07304401003813417,0.10285784959841017,0.009689819445572723,-0.007055118511731475,-0.0786766553287929,0.023843834443775372,0.2059152202327369,0.008807705605266388,0.01019133965281704,0.004632534710610968,-0.029566272745327974,-0.02330741519248359,0.020833299721082624,0.10269342820837392,-0.007804767617332543,0.05737983599034371,0.013051348215981761,0.0013627630324617901,-0.021654393628693126,-0.05651594668358807,0.17998291581380155,0.10000543864544334,-0.008956965425158725,-0.018443486658914033,-0.012112214930807786,-0.03231400938961104,-0.09705176461432213,-0.05647942140534121,0.023076957857124852,-0.046610192689818516,-0.08168337050778407,0.06580094206699186,0.10006491218848512,0.1858810960270537,-0.0716177435321663,-0.04331636769407126,-0.02363353045775643,-0.036865002864354283,0.03210509858159994,-0.048897525823520555,-0.019381688728769247,-0.0706724703597118,-0.018443486658914026,0.03294183669059397,-0.018443486658914023,0.05856737461351972,-0.017223675835544565,0.04462055742116642,-0.018443486658914033,-0.0260919722345798,-0.03423223087099506,-0.018443486658914023,0.0848495554500888,-0.06864619351564898,0.026617489201423757,-0.0821030600334503,0.025630710306368643,-0.005961121717148148,-0.04858542687834404,0.14974234143904347,-0.031518324420088284,-0.07179329329316099,-0.031966973670170665,-0.04889752582352061,-0.03870105406172218,-0.018443486658914023,0.0900375919908386,-0.050121406522432105,0.01283889724787983,-0.07643859131862284,0.01120189219657136,0.010862216279672314,-0.0412975395122004,-0.0598299223607298,0.15696002291828984,-0.04534421185950032,-0.0619035978443688,0.03985727200805258,-0.10984849406408016,0.1239001547532029,-0.052128152928165396,0.2006913040855463,-0.2543089382838142,-0.05379715830614841,0.007466339421362498,-0.018443486658914026,-0.0005838015683418331,-0.17028044242184653,0.2283208671155793,-0.07407740775292945,0.020535270332315003,-0.02237556767788762,-0.0803903305352262,0.11398476505621048,-0.20585264191806976,0.04282321525053046,-0.026091972234579815,-0.006568751694831926,0.07247820565818688,0.0275479758846841,-0.07196049803989643,-0.049431959846638396,0.1528650541335098,-0.04171580321926136,-0.061017279385618156,-0.015483252007157023,-0.04820093247952925,0.019499215550378066,-0.02524114533391513,0.004402443721638279,0.027383844614320262,-0.0017566353108769803,0.046680358682205325,-0.030034467596726535,-0.010993834346506068,-0.03692495545246708,-0.03412766774051493,-0.07287384336753322,-0.018443486658914026,-0.13279769746544232,0.02585755970715621,-0.08042816491073863,-0.018264965109766294,-0.01844348665891403,0.09803671436977013,-0.06091211232366906,0.1606546506065095,-0.2213128974999885,-0.0359871284070557,-0.06057729504241674,-0.017995735851372163,0.03108306826550023,0.08630351863046751,0.04564986228657652,-0.002698755089790631,-0.11820463282588703,-0.0006410472294241678,0.11687767159250707,0.09270722014841778,-0.026054903494939243,0.09124367296161356,0.001064561084950938,-0.1442694247513615,0.1130202933111618,-0.22356828671164802,-0.04121616218317398,0.06937308693543792,-0.018264965109766315,-0.0003975646608866655,-0.06531430737085828,0.02920611210484655,-0.0018895870678590897,0.04566837622267806,-0.02586356653585209,0.03216300714386822,0.005222684125869424,-0.0038299532503542275,-0.04770675127380833,0.01705878699139267,0.010612006983660742,-0.018263308144467496,0.01226729213740973,0.025826945765277467,-0.02109780644166266,-0.005122336278921811,-0.030379988880941754,0.023489475970564635,-0.019524853981107215,0.17146721529353748,-0.025572703008648633,-0.10660481502536155,-0.007051211694573744,-0.028854715640603608,-0.038807731799532785,-0.09561564299449106,0.16707479289249322,0.1417922825251939,-0.1082363811438632,-0.004541895029569692,0.023226053533352903,0.060987273688121214,-0.05083619094212894,-0.047242969231016924,0.0011047468051763347,0.06372822547902945,0.06445636590947894,-0.021351472539948284,0.02503640232913117,0.06658178749121293,0.018469180985561332,-0.018443486658914033,-0.019531131689237997,-0.02161844989737275,0.13693180666130486,0.0540551536158794,0.06845095666078933,-0.24661663511578086,0.22133080592988003,0.1002725331927983,-0.20380132228455444,0.0837563642861107,0.17671449609663645,-0.04129753951220041,0.22217211464806993,-0.036757817404660956,0.08091765168257807,-0.08347807080153688,0.017524870553188802,-0.021277774304093146,0.0011561740204032644,-0.06015053920700641,-0.02295792600151694,0.02480685752393851,-0.01078217382688597,-0.006821900801141984,0.011216875469096372,9.662888115198652e-05,0.043280158762497474,0.07142187055284725,-0.0657698909743298,-0.031385453298685514,-0.051304106158795444,-0.100270740844532,0.2591907239587883,-0.03206963021960719,0.1343372330376865,-0.04862034369516205,-0.043700896488008234,-0.09705176461432213,0.02282766380003506,-0.032449002570568396,-0.030292927192087905,-0.0317680207625805,-0.041297539512200374,-0.06811503445957247,-0.017652521879874112,0.14236940922635974,-0.08678390157597694,-0.07710527243784249,-0.01588202739273696,0.0619216335556687,-0.07415133225200561,-0.04102674003602682,-0.12495701563033743,-0.07874610512224843,0.044348237387728584,0.10640475702063368,0.11245165765290711,0.023315813524808483,0.13064810835455068,0.05306626012231404,0.02503640232913117,0.01902788359444717,0.015339236716213922,-0.01971595788830488,-0.05538462281829233
MiscVal,-0.012273672374368673,0.03806769201918336,-0.031406210500746504,-0.03438313873672287,-0.010286248783081431,-0.02951224865746647,-0.023836645134507763,-0.018478922431472124,-0.021095719463122223,-0.0024156395502935623,-0.02965798658147691,-0.02739991441262488,-0.009551228238372468,-0.018583738987649336,1.0,-0.021189579640303213,-0.018928177754250517,-0.009230295949231445,0.016580706366598356,-0.006047348637040341,-0.02273301614101194,-0.014905273927919457,-0.006713039925372181,-0.007282076384811583,-0.03939169421543614,-0.008159280839374936,-0.004502616165713017,0.019461317720293032,-0.0022956812402709086,0.07096678366948965,-0.00855954598704863,-0.0045960901589666625,-0.024271922202133662,-0.013209791486108983,0.009330020248736092,-0.0032476967228777303,-0.009230295949231424,-0.0031985990185387494,-0.003199018314593684,-0.018528083847364485,0.002121576171482904,-0.015029673137562214,-0.010717242516929766,0.022011388039900246,-0.009517667450584492,0.006664017255424256,0.06366746635346972,-0.0069060032714017274,0.0036454749037137775,-0.01490527392791946,-0.020690619959957583,-0.00524187163925546,-0.011573994856880584,0.04269800700527511,-0.015189496846920492,-0.02193790191964237,-0.011573994856880569,-0.00826267908841479,-0.007640141131252129,0.03847490664176695,-0.029530850569098637,-0.006508799844839615,-0.005803950443737228,-0.007640141131252131,0.015342784119944157,-0.003247696722877729,-0.005140350546553728,0.007319568811729046,-0.11295639579484205,-0.0022956812402709064,-0.0032476967228777303,0.4358412335800718,-0.0022956812402709086,-0.003247696722877729,0.027320431384039164,0.053194608181756024,-0.015275257284944839,-0.025519321714574238,-0.008628178130067932,0.0019085061106709669,-0.006508799844839613,-0.007640141131252138,-0.02361923587540985,-0.005352304090807663,-0.010892974567166378,-0.06644455102340431,-0.0076401411312521355,0.04372643082067489,0.0029105125706274187,0.3066681133365951,0.011807319890816811,-0.0022956812402709042,-0.0022956812402709042,-0.0022956812402709086,-0.007640141131252112,-0.0051403505465537225,-0.0056329079355674026,-0.0022956812402709086,-0.003247696722877732,-0.007779585868204929,-0.0022956812402709086,-0.0010548689757738149,-0.015978954858533383,-0.002295681240270909,0.05903549062138731,0.038536422284993495,-0.0032476967228777316,-0.011573994856880578,-0.03632172993218675,-0.005176089994665546,-0.011807319890816848,-0.003978964667582318,-0.006086329271936484,-0.01157399485688057,-0.0022956812402709086,-0.0007606915984551158,-0.013865755628036457,-0.007282076384811581,0.0607319607636004,-0.0022956812402709064,0.03157463724203294,-0.005140350546553725,-0.011807319890816842,-0.045281297583223724,-0.0028835126144207807,0.01602443059846391,-0.03126967833677032,0.038835219685339505,-0.0254735581245719,0.04967275721991476,-0.041785060412068094,0.028599614937052813,0.022981740068177752,0.07586794271892262,0.021458729804205472,-0.08036156661971942,0.048542423912240805,-0.061322025868720285,0.045141873667938315,0.048335745178167744,0.01736951912757479,0.005668877314897476,-0.017459303197556012,0.03010761995017934,0.0010259101603418085,-0.003247696722877732,0.0056603027802392975,-0.020221906179858203,0.07922943026885895,-0.014514725404020006,0.0697508963098866,-0.008335823156176356,-0.005466083024615274,-0.017825633888907802,-0.02248930150191685,0.0010672482964276518,-0.0029596379890876024,0.0069533429800654155,0.058186727858456924,-0.03441594309053398,0.0022793230112006973,0.0045955759588441145,-0.006086329271936486,-0.0032476967228777334,-0.004596090158966654,0.020313552202308172,-0.020649484464561146,-0.002295681240270906,0.024940546141631742,-0.0024779062895322447,-0.012036438970147077,-0.003978964667582304,-0.0022956812402709073,0.02360397524484366,0.02319354179500682,-0.041091192493967636,0.04481736117957825,-0.0051403505465537225,0.022722063900531837,-0.006214290721954266,0.07871749174220663,-0.002295681240270907,-0.03592756220340476,-0.013334729633039439,-0.02627906137404173,0.018180959363634272,0.03152456952470294,-0.0012406041855260025,-0.004536637274681394,0.032803278929129716,0.0372047472467859,-0.02096503734927975,0.06171532454821591,-0.026175454125950345,0.002420514139203548,-0.008628178130067948,-0.0039789646675823164,0.000702913752829305,-0.006068235996482808,-0.006906003271401721,-0.006086329271936492,0.007420028105891976,-0.006859892274311303,-0.03864364232772427,0.07143081172518795,-0.04824584476473724,-0.002183637983267676,-0.009102052288729429,2.5881577810562212e-05,0.12743969306123726,-0.6875043581833267,0.103279478957402,-0.004596090158966657,-0.00324769672287773,0.002974804844672328,0.01377145037439863,-0.005140350546553723,-0.026478360446223568,-0.003978964667582317,0.025008788821477276,-0.004596090158966659,-0.007156625567626559,-0.010334107691928768,0.03714201498025726,-0.026832034575712538,0.005264594329687631,0.021827359791518935,-0.003733385389584851,0.010852883326279452,0.033899634472792,-0.011196840608734899,0.020946067508147752,-0.036412794501271474,0.02283566858128568,0.025943761567887073,-0.006086329271936484,-0.0022956812402709064,-0.0276562185404974,0.008870127474830498,-0.0022956812402709073,-0.006669929941201926,-0.0032476967228777308,-0.02358627046753326,0.025115135427853326,-0.005140350546553718,0.01624531667021895,-0.018308653728159482,0.005248467695305187,0.044180244409877306,-0.020056642295037546,-0.03064024971589261,-0.005140350546553729,-0.04324183173443918,0.11897611321382914,-0.0651615844032958,0.06745025650690423,-0.0032476967228777295,-0.016851539226460117,-0.009898567174042501,0.052590160757016745,-0.004866726680028436,-0.016852635751738582,0.0035520394040230467,0.033458561317953925,-0.013184085883373638,-0.009931310717018652,-0.0035749953380156026,-0.017994764585538923,-0.0033891861784600403,0.011256490318144524,-0.007982622159210188,0.010595614171051145,-0.025746111581542303,-0.0007606915984551507,-0.009230295949231429,-0.009350235281806792,-0.005581596516001585,0.053194608181756024,-0.02207311311845908,-0.01862135599807226,-0.007282076384811591,0.02818568789887753,0.0054975374714819805,-0.01157399485688058,-0.010829671115670824,-0.03827859322576513,-0.009718135007667923,0.012461291132187722,0.0902438654594298,0.017494534688626558,-0.009517667450584516,-0.0164387135384267,0.03168481611540456,-0.008572152716740451,-0.009446617779898123,-0.023896611985356808,-0.004765136432689707,-0.015992526509454756,-0.0097969942600283,0.15685992950071811,-0.0022956812402709064,0.054612937692892896,-0.021124286015427624,-0.025274484652690995,0.025271153889101287
SalePrice,0.329220448383294,0.2638433538714051,0.7909816005838053,0.5228973328794967,0.5071009671113866,0.4726144990045735,0.21447910554696928,0.6135805515591943,0.6058521846919153,0.7086244776126515,0.397778041486978,0.6234314389183622,0.32441344456812926,0.31585622711605504,-0.021189579640303213,1.0,0.08994971967036074,-0.06542929310102465,0.24506340389709286,-0.2880651218971258,0.04103553550004942,-0.027655379955633712,0.12609608820325494,0.03672047549953584,-0.2676717602887935,0.12001380186770814,0.04552825032749518,-0.027544579330838505,-0.014314296147248775,0.14181753652525775,-0.006858890782775965,0.018185562475503302,-0.08053786914590563,0.042981159944370684,0.027997864142057603,-0.020250412762982364,-0.10130283618166967,-0.14364786671580423,0.055718310532911174,0.07262599312707735,0.07115960252664812,-0.17994896448338465,0.03593962229468401,-0.16405585189091743,-0.1125441547459984,-0.057845054186763493,-0.18851259699796932,-0.037909739904049986,0.023482773020255216,0.33042362576535794,0.4021485981752677,-0.1921887988609724,-0.06370549244437915,-0.12839406550544372,0.014560153318488735,0.1400579963436251,0.21536272276938623,0.12623630766971297,0.06347063934055396,-0.11732867748568138,0.11296832108736445,0.04201689908541696,0.0495411684479438,-0.04665127135276292,0.005892711711544368,0.004583875135268439,0.023236333124508835,-0.04833482100357296,0.030676288435637394,0.04749723328144334,0.04848110233569785,0.0029929320927850416,-0.014510444733969162,-0.03925505561469539,-0.09734830194128397,-0.11465483002228453,-0.09873019861048882,0.003804383453308906,-0.08768640584636471,-0.061811100535888175,0.03652572237598761,-0.02585567459562445,0.24288002726854338,-0.09308987468225177,-0.03864543349361012,-0.224744116213091,-0.035121434493649226,0.2358969186646028,-0.00030831909381732716,0.02055710256278189,-0.10450516998583911,0.01997049884253247,-0.00030368281007857925,-0.01447912689239193,0.004920811214208656,0.044642917004405626,0.16932390580208084,-0.02667660203298711,-0.0512641244105631,0.03237139069159011,-0.025028294581555425,0.13349176235033494,-0.09514764583955196,0.026728559393402882,-0.16706804265413447,-0.017719256492840126,0.036180551287503165,-0.02980225815683771,0.3050088024776266,-0.15861908165107294,-0.05131740614311971,-0.02452440779344116,-0.047376909721541585,0.024758995691036522,-0.025028294581555425,0.1281831600269245,-0.06786360534380842,0.07440111895297526,-0.16238867058442746,0.0455192643397252,-0.05294086897596908,-0.01675352766894576,-0.042415692314698446,0.30638888087148164,-0.1618004951731794,-0.040329435645520155,0.19819120620063868,-0.36745636519324876,0.3304756465434122,-0.11514885538092047,0.4524661278447931,-0.5890435234097585,-0.13791439943313424,-0.05046730552645486,-0.03442364705471658,0.105222033981493,-0.3432629994446493,0.4977337525869374,-0.11974016023647908,-0.012102630775853216,0.0027114775829150052,-0.1287254112936621,0.2348217284540196,-0.4985446331135728,0.08882400808170195,-0.054528725636624344,0.02494549544195918,0.30729831458669377,0.04349308394088889,-0.3199897631727146,-0.13291383782570157,0.43459734688277624,-0.084577068527557,-0.1356666273433355,-0.13300083026731052,-0.057102002531656856,7.551406179755978e-05,-0.03760394773113718,-0.03949393653165606,0.055904710882168245,0.09252891316304215,-0.020102599035433287,-0.09233803351104583,-0.02573027910672787,-0.058622156149098124,-0.1337575333426305,-0.1347224933066348,-0.03096220140670987,-0.31267704543518277,0.25132816384015527,-0.12660098635768424,-0.0477606176949478,-0.03755543121243701,0.24235702166420806,-0.15719868628269515,0.3216411088189485,-0.519297853654885,-0.0702144778822131,-0.06405145656743295,-0.0713200082049921,-0.01607254127138044,-0.017116418814682826,0.11646204021800413,-0.026085813898165305,-0.19596812492707003,-0.07591630695525038,0.16314664820995167,0.23219245725423848,-0.029424968522136784,0.23544865016730768,-0.0703706264869265,-0.3541407884127035,0.16979152720952215,-0.5139062609657621,-0.1331423480721334,0.04329050472499082,-0.046141701431318224,0.09518121970352987,-0.13077383506503146,-0.0009829759782898,-0.06329621903329327,0.13598620043305673,-0.08862292093317292,0.2319680345104215,0.016126572327413203,-0.11340733351365019,-0.10004697881045686,0.08723920391775536,-0.0511644644139644,-0.04053757752493361,0.018469597538048943,0.02277262150996653,0.01958806646757452,0.04135727608882871,-0.04179084064107886,0.014371054765972297,-0.027475125928901892,0.35750940508319323,-0.034894994917515264,-0.24259751727295026,-0.05068563355867178,-0.015525374015419788,-0.0464801960323448,-0.15398979048536576,0.3520598546714349,0.13765568369462577,-0.18337376974724515,0.046014824800032716,0.08714300564991477,0.0937081251255179,-0.01839774169192524,-0.16308818711251633,0.001891346144921812,0.2055654710627559,-0.00015538394215448834,-0.03246232732768527,0.0062895469956486365,0.2233647653210228,0.041236207871620564,-0.0006333443003648936,-0.01462261209008101,-0.009360402630247957,0.3488089556471263,0.2196950856623183,0.052467392491540324,-0.5207959650034525,0.4256715226636108,0.31959622548211813,-0.3866942088050689,0.042001798460099854,0.609717680656478,0.008661992661010314,0.3045365712461168,-0.02165641480910728,0.1405836420211061,-0.13542944911780044,-0.0333088176672268,-0.007354529617364089,0.008218710540249943,-0.03877382453985997,-0.043713670898706286,-0.020324429707782074,0.0297615492367991,0.014185025824274809,0.03947420969933852,-0.00435433527926725,0.03400130358128924,0.014464981029118246,-0.23863980017239503,-0.016365535870343118,-0.08291208642778079,-0.1566922256381895,0.3771970684281052,-0.03688301717653506,0.015264598404934472,-0.028645606731152004,-0.04913652981950298,-0.11465483002228453,0.06294383548205998,-0.11304188140989786,-0.08221508458044859,-0.09357770607048006,-0.028740033588784377,-0.13128705457159104,-0.15350977582021372,0.3172289613670502,-0.15505157620576399,-0.11591051061608233,-0.07247084684067144,0.054642279904582834,-0.09526690334153287,-0.19508987907681347,-0.23882147634536055,-0.15227148032526427,0.10693537627233468,0.15688103720602892,0.21117276978515415,0.26492401778298896,0.19288101726818,0.10976812076170046,0.0062895469956486365,0.03492133784614948,-0.02299044061343595,-0.010291517451967942,-0.016392040045442632
MSZoning_FV,-0.0841586756613707,-0.08389514543324933,0.17185425194551235,0.23764525883436796,0.20881638351734744,0.03726559892461779,0.04685618577786114,-0.03268929315912043,-0.09548581327245005,0.024275256955015145,0.21456739453792073,0.11485939513158822,-0.0636874807734629,0.18516912676375735,-0.018928177754250517,0.08994971967036074,1.0,-0.022721969326411743,-0.416608375363687,-0.09043510005196555,0.013866376769979994,0.4457412933541422,0.02361224148578701,-0.017926090036371325,0.07456380993150273,-0.04064854645663662,-0.03432146602468146,0.07277150602960085,-0.005651216278606728,-0.04309430631348091,0.017074660854130563,0.05221878717708689,0.04562057721151324,-0.04659498207885313,-0.020460063869954172,-0.00799476698521895,-0.022721969326411694,-0.04390455346498461,-0.03018402008647823,-0.07304316047017488,-0.041067585124056,-0.05853291060117453,-0.05162811643976164,-0.0348071116645689,-0.023429383961320917,-0.0402257460621126,-0.09213557589959352,-0.01700032104755588,-0.04952138404602976,-0.036691908781120955,-0.05093353828094132,-0.0625208679336684,-0.0284913893951564,-0.04987740145524046,-0.04429722418409149,0.8628071099772279,-0.028491389395156264,-0.03528674301728946,-0.018807528316383212,-0.05231544825822578,0.07634168762159692,-0.016022536139647155,-0.024786453110637565,-0.01880752831638321,-0.003955695053520031,-0.007994766985218954,-0.012653861597527936,-0.013866376769980008,0.021992838267822418,-0.005651216278606723,-0.007994766985218954,-0.005651216278606728,-0.005651216278606728,-0.007994766985218952,-0.03179320475747115,-0.04148297730782203,0.13917702853557523,0.1599753844114399,-0.021239752212987704,-0.09512483366721099,-0.016022536139647128,-0.018807528316383212,0.19614579293933387,-0.03480711166456891,-0.04659498207885314,0.08198956111874188,-0.018807528316383198,-0.07307172126348317,-0.014982551782524063,-0.007994766985218955,0.02906575930629933,-0.005651216278606726,-0.005651216278606724,-0.005651216278606727,-0.018807528316383177,-0.012653861597527929,-0.01386637676998003,-0.005651216278606728,-0.007994766985218954,-0.04064854645663654,-0.005651216278606727,0.087703792484882,-0.0914083225916486,-0.005651216278606728,0.12258605370612373,-0.061008887608656276,-0.007994766985218954,-0.028491389395156295,0.07695067044537741,-0.08748919417552681,-0.02906575930629936,-0.00979490946172851,-0.014982551782524094,-0.02849138939515639,-0.005651216278606727,0.08914483220070281,-0.08773627904733305,-0.017926090036371287,0.12650120718735244,-0.005651216278606723,-0.070852640765803,-0.012653861597527943,-0.029065759306299316,0.08075779375177564,-0.0852513003991255,-0.035286743017289415,-0.049141451335978616,0.014748112179689153,0.06225010399715093,-0.02123975221298773,0.24128508418775121,-0.23498218688199357,-0.03018402008647817,-0.07195290286697037,-0.005651216278606726,0.08043323997000022,-0.1891142173742268,0.24197065883576668,-0.02790602477222562,-0.01386637676998004,-0.009794909461728516,-0.03382954561212296,0.19818879191200117,-0.20321752231877388,0.017810862972153313,-0.00799476698521896,0.01230735570085739,-0.06861992067357409,0.011444979806859787,0.04181896391604246,-0.05049324074309025,0.10572075839470868,-0.049877401455240396,-0.05679651760876396,0.04420699167376688,-0.032825742464210377,-0.021239752212987698,-0.03893353034009951,-0.042303255865217465,0.07731370401992779,0.03231323655514834,-0.024116995196229923,-0.014982551782524119,-0.007994766985218955,-0.011314070555035527,-0.04022574606211265,-0.04230673660883046,-0.005651216278606727,-0.13901178192269456,0.056946239652993315,-0.029629775533002303,-0.009794909461728481,-0.0056512162786067285,0.06605169216110815,-0.03576060347344334,0.20941945598032916,-0.19077444219677786,-0.012653861597527929,-0.031793204757471154,-0.033331071120207646,-0.021992838267822553,-0.005651216278606724,0.05853291060117432,-0.010482812861531082,0.06276935839294952,-0.02543919277164588,-0.05611737812431418,-0.016300381775748912,-0.0247864531106376,-0.012806858893579066,-0.017000321047555857,0.03589401129523932,0.08213911041731736,-0.10340896123375128,-0.03979906275841504,-0.021239752212987732,-0.009794909461728498,0.04770945035605959,-0.033829545612122924,-0.017000321047555875,-0.014982551782524103,0.0418948327117489,-0.031265269974036135,0.06459632313286365,-0.007994766985218954,0.011314070555035497,-0.0247070297788307,0.05385004639006591,-0.018807528316383205,-0.007994766985218954,0.01265386159752816,-0.005651216278606727,0.05221878717708681,0.08179261607954746,-0.017000321047555864,-0.012653861597527905,-0.012653861597527924,0.19883100797719558,-0.009794909461728509,-0.15106896487390212,-0.011314070555035527,-0.019650604579045095,-0.02543919277164591,-0.12406417488568384,0.19506588964994334,0.12675118389047868,-0.08798306306842298,-0.02790602477222567,-0.051136519832208925,-0.014982551782524129,-0.00412739087098153,0.062230081553899856,0.0013718212581511834,-0.060989322316241226,-0.026076471488537447,-0.014982551782524079,-0.005651216278606723,-0.03506154971020438,-0.021992838267822546,-0.005651216278606725,-0.051972669561826265,-0.00799476698521895,-0.026316302798799804,-0.06311859928353382,-0.012653861597527932,-0.1800035111437908,0.17829673154220918,0.011860116741148275,-0.12553660582298382,0.13606148320587208,-0.0005866790551984798,-0.012653861597527934,0.1597728488212541,-0.019650604579045102,0.04770945035605947,-0.046594982078853146,-0.007994766985218954,-0.005645612296330784,0.016392136415225623,0.019366995567806203,-0.010365813752889173,0.02400817266751024,-0.04904328334347003,0.03082332699109072,-0.01315302382239261,-0.013357304035924828,-0.007590891511591059,0.023159304951526283,-0.048076246680924736,-0.011314070555035537,-0.01965060457904503,-0.07140405501411028,0.09618576566882744,-0.04468699814688172,-0.022721969326411736,-0.043904553464984494,-0.02543919277164589,-0.04148297730782203,0.015806190986822025,0.31371361074259896,-0.01792609003637132,-0.03126526997403615,-0.012653861597527915,-0.02849138939515636,-0.04350890634358657,0.1770476837473821,-0.08101539246914552,-0.08724180494928269,-0.0491633071574825,-0.0266993981603391,-0.02342938396132094,0.10242870942213916,-0.0020651854130084688,-0.03640880285482757,0.010752119100781549,-0.01317049755763375,-0.005100419510950137,-0.02055402570742501,0.005977716758039895,-0.01880752831638319,-0.005651216278606723,0.0028037171326088604,0.0038093372343099862,-0.00037748480912665303,0.0021359223936724954
MSZoning_RH,-0.043059725731649415,-0.03309189651429294,-0.06466554026206714,-0.08918303479915528,-0.06593888339045076,-0.02639575881525328,-0.014519442459853071,-0.055128276441648735,-0.03934252353668337,-0.001069803647101008,-0.030477712844056544,-0.07318826700193777,-0.022363506127973862,-0.029259037367954883,-0.009230295949231445,-0.06542929310102465,-0.022721969326411743,1.0,-0.2031584154302335,-0.04410053352814415,0.006761916703879384,0.061751812390249836,0.021929530548480913,-0.008741629458288413,0.039091734135190084,0.052528828406841636,-0.016736808631679367,-0.09490962127273926,-0.0027558066815460197,-0.027613087674780913,-0.019197922880772593,-0.0055172886143258874,0.036231389467449464,0.009176179920281649,-0.009977317791061298,-0.00389863547758285,-0.0110803324099723,-0.021409986067446877,-0.014719189662786042,-0.035619381694337544,0.05163706660616797,0.023548372065840945,-0.025176369338214176,-0.016973632959980525,-0.011425302037994897,-0.0196160214550264,-0.008486733934049157,-0.008290179674884511,-0.024149024617953877,-0.01789275129328794,-0.024837659397456992,-0.030488202378645912,0.23966772195423292,-0.02432263594455686,0.1454438047953544,-0.026334935194276973,-0.013893780982854036,-0.017207524430655603,-0.009171461441647943,0.06070802983728607,-0.03459872290178493,-0.007813364410791654,-0.012087074662618078,-0.009171461441647946,-0.014173871561726255,-0.0038986354775828493,-0.006170635597479463,-0.006761916703879318,0.010724772802284,-0.002755806681546018,-0.0038986354775828506,-0.002755806681546019,-0.0027558066815460192,-0.003898635477582849,0.07576908911174021,0.08626547619117049,-0.018336890744996438,0.018407381383989282,0.05715137960311788,-0.02573939145458988,0.08130782339980061,-0.009171461441647932,0.01605414693368174,0.024887015894025463,-0.02272196932641174,0.023816113006324094,0.0669099800629316,-0.03537828661607176,-0.007306217683650352,-0.0038986354775828514,0.014173871561726177,-0.002755806681546016,-0.002755806681546016,-0.0027558066815460184,-0.009171461441647953,-0.00617063559747947,-0.006761916703879321,-0.0027558066815460192,-0.0038986354775828506,-0.019822199398808145,-0.002755806681546019,-0.02198024125719071,-0.026253141702012164,-0.002755806681546019,0.06600327968410549,-0.004614142284257587,-0.00389863547758285,-0.013893780982854055,-0.02263331329144901,0.032929955255285755,-0.014173871561726248,-0.004776472109544654,-0.007306217683650366,-0.013893780982854065,-0.002755806681546019,-0.021791543979232254,-0.023924159336259555,-0.008741629458288415,0.06798393916619272,-0.0027558066815460184,-0.012348396442926516,-0.006170635597479468,0.03557096613087068,-0.03491658966906074,0.01619645581252791,-0.017207524430655558,-0.026822172316029336,0.04619604285555714,-0.03263091613861599,0.12466029078479433,-0.06063875648593186,0.04163926306954653,0.0332495980775434,-0.013157894736842101,-0.002755806681546017,-0.0009915962934919518,-0.01258223665941062,-0.040928713131304105,0.0381316714655677,-0.006761916703879313,-0.004776472109544655,0.026512914247084237,-0.050234265932366184,0.05908362928346676,-0.022721969326411726,-0.0038986354775828545,-0.04381943026507579,-0.0334623958023451,-0.00611340038665337,0.030147006088861703,0.05183682024426195,-0.037561705716192405,0.005669803649237925,0.058130371396762484,-0.001661696841721576,-0.016007421402721964,-0.010357531578558614,0.01867632220001226,-0.020629115825179355,0.016977213471994813,0.01575749870663389,-0.011760614569324094,-0.007306217683650357,-0.0038986354775828506,-0.0055172886143258805,-0.019616021455026396,0.0063602959607022705,-0.0027558066815460197,0.04783233747318226,-0.1322716740022358,0.034383061925628434,-0.004776472109544654,-0.0027558066815460205,-0.08535650855839864,0.06416511150382159,-0.05934927382239553,0.051911816100673226,-0.00617063559747947,-0.015503906022864338,-0.016253844122702747,-0.0107247728022841,-0.002755806681546019,0.028543481291928453,-0.01600742140272198,0.04868107010585208,-0.012405382126079794,-0.03895705742166431,-0.04724215412245098,-0.012087074662618075,-0.026658804824899816,0.07576303091769446,0.04112354358632202,-0.06711721748879099,0.08544735139650486,0.017487371629654396,-0.010357531578558583,-0.004776472109544659,-0.007954726969866438,0.02651291424708418,-0.008290179674884511,-0.007306217683650357,-0.014744255588679913,0.031128188065365922,-0.11221980031210849,-0.003898635477582852,0.005517288614325527,-0.020629115825179383,0.03206889592666885,-0.00917146144164794,-0.0038986354775828527,0.006170635597479406,-0.002755806681546019,-0.005517288614325886,-0.0038986354775828506,-0.008290179674884508,-0.006170635597479475,-0.006170635597479465,-0.03178544187845332,-0.004776472109544655,0.02165927177082252,-0.005517288614325888,-0.009582586247911652,-0.012405382126079806,-0.036497100840454724,-0.03221000322958449,0.014408528982116609,0.07002971217913219,-0.013608328850165437,-0.03092471849436868,-0.0073062176836503545,0.016353314504016742,0.0011731191496584152,-0.063629860468763,0.0496828173393734,0.042538549687744176,-0.007306217683650355,0.2487115530095275,-0.019367792032520884,-0.01072477280228408,-0.002755806681546019,-0.025344390123319807,-0.00389863547758285,-0.09429541226080164,-0.006356674102143326,-0.006170635597479462,0.011605589201329475,-0.005486891016326821,-0.01600742140272195,0.044751983581276585,-0.0667416465286902,-0.019635243540143364,-0.0061706355974794624,-0.06639983549278708,-0.009582586247911652,-0.13283538692690955,0.1367687769070555,-0.0038986354775828493,-0.020229108283837036,0.02125570749731396,-0.03441625043515405,-0.02344677100326472,-0.030811070550116,0.025745096650818543,0.03953640004143684,0.010023660969495425,0.028175671477340375,0.032984230715255344,-0.021601471322657963,0.007559939146297827,-0.0055172886143258935,0.06328499667891666,-0.012755270350286632,-0.05341901540049259,0.077632375426015,-0.01108033240997233,-0.021409986067446804,-0.01240538212607977,0.08626547619117049,0.029086058372621924,-0.022353651011618108,-0.008741629458288437,0.07750283559131929,-0.0061706355974794755,0.0368185196045633,0.04671473151724292,-0.053009009298149896,0.038967695451011024,-0.023606358951969355,0.03679405824084387,-0.013019919291013291,-0.011425302037994921,0.024751909838224333,-0.0002304946691999632,-0.0059720338184825065,-0.02528044812011747,-0.0009708539532972067,-0.024495264859560457,0.05534720319882306,-0.011760614569324115,-0.009171461441647958,0.2487115530095275,0.037704968697922635,-0.005371382313919926,0.004615145317757141,-0.038845780802849096
MSZoning_RL,0.3015833510255676,0.20406490164679564,0.12697235223075043,0.26806383677943063,0.0742207696434395,0.09246913432973557,0.011715927179011728,0.257372678520263,0.3047310462627002,0.1329355659007244,0.09926106855820954,0.16959264041423056,0.16773384510344275,-0.04425290525200207,0.016580706366598356,0.24506340389709286,-0.416608375363687,-0.2031584154302335,1.0,-0.8085853546363103,0.045348049940267504,-0.26716628873737186,0.027174755345278193,0.022697953489345588,-0.26876403363298096,0.023808382444391915,0.06075786507833014,-0.0029630545865658737,0.013564816774682818,0.12908701367794595,0.018498646285053072,-0.06908041734840398,-0.09473003559981459,0.02241326887440811,0.049111023877263814,-0.07148166468841541,-0.2031584154302334,-0.152168865736005,0.07245178414891082,0.12010070333906495,0.05291289686205354,0.07411416989013483,0.12392481642907849,-0.3112123579560233,-0.20948344977103975,0.050002648169794536,0.21186791527056809,0.04080647930497086,0.11886795123309499,0.0880729023968612,0.11475555342538978,-0.4523278187286155,0.0037624962318234855,0.10443388592989833,0.06375260266640109,-0.33329323839852276,0.06838890209608525,0.08470003270213917,0.045144383619183596,0.008373649773184317,0.01790389893973959,0.03845946718104237,0.05949581087754084,-0.013029314601476633,0.0317314846155798,0.019190125446325243,-0.027031447223990108,-0.07155872013535482,0.06361019440266899,-0.05052784500860816,0.019190125446325246,0.013564816774682908,0.013564816774682832,-0.07148166468841544,-0.0981594451214274,0.018144757637742877,-0.23702942119349854,-0.20544477005333722,-0.08666795710126526,0.19670390819000888,-0.052399468230481576,-0.1293767110427971,-0.09404892146429861,-0.023143436674260397,0.08745351246523714,-0.1157075712725592,-0.051811780081916954,0.12053765719677306,-0.012586273096410245,0.019190125446325368,-0.0570888833778932,0.013564816774682827,0.013564816774682794,0.013564816774682886,0.04514438361918359,0.030373517062592476,0.007073290449907087,0.013564816774682836,0.019190125446325278,0.042248827202382606,0.013564816774682886,-0.15997859378838516,0.14002391167267558,0.013564816774682884,-0.16141956941346006,0.13362837773388198,0.01919012544632531,-0.035013347286733464,0.07719186005623316,-0.08381794595467663,0.03173148461557975,0.023511071886583683,0.03596315549212073,0.016687777404675884,0.013564816774682886,-0.16303635010315465,0.13368433294515417,0.022697953489345488,-0.16455170164131047,0.013564816774682784,0.1587522768824759,0.030373517062592597,-0.057019411052517066,0.07642236105006296,-0.07512206872604801,-0.010084367715686441,0.139083621886917,-0.16221608644979468,0.04203879554578983,-0.12108058080750617,0.06498620424854878,-0.05961057572278574,-0.0742605665548476,-0.03409507724929638,0.013564816774682806,0.06830103483784589,0.13593613690190856,0.04365728043378617,0.014234967200919362,-0.07155872013535453,0.02351107188658376,-0.1051537480987753,0.08754597709428881,-0.0934417085059175,0.046803360220968905,-0.026145769621045083,0.039667895157351335,0.09501722995021158,0.0132956506185287,-0.12662131637483026,0.04068593241521103,0.08334152104238907,-0.040808067128127436,0.030003116394173725,-0.1803352307859529,0.05622979716434061,-0.03504902154190439,0.06465612635962553,0.06600292136189688,-0.10106366535759982,0.08277111167664693,-0.07887126685721799,-0.036860987390675726,-0.07148166468841544,0.027157568652235238,-0.043102652592735644,-0.04513960785070649,-0.050527845008608144,-0.016268458137768033,0.20323077250506824,-0.04089289333080269,-0.05054753642930019,-0.05052784500860815,0.1411010241377263,-0.07015294276163687,0.05823376481190869,-0.07526283927068779,-0.027031447223990136,0.006524842590248219,0.0021779600551628934,0.0029043150533000117,0.013564816774682817,0.018824089775776542,0.05622979716434068,-0.19153864751046437,-0.011066362117796515,0.17669048505536103,0.26486690056554846,0.0003141492313411572,0.08190260775827708,-0.023462625101995108,-0.32327990569609355,0.1565171893895726,-0.2412695013055073,-0.14896464641181245,-0.0006363978356633217,-0.05054753642930029,0.14806986930274527,-0.10515374809877505,0.01938344450264891,-0.061135701684941236,0.10563365435429636,-0.06678953209130006,0.22956856563251754,0.019190125446325302,-0.02715756865223551,0.021579048418706125,-0.04357029184519505,0.006361918138743443,-0.026145769621045117,-0.0016710349193014748,0.013564816774682888,-0.03700108868152431,-0.026145769621045097,-0.04488565990431718,0.001671034919301131,-0.027031447223990146,0.004972009439293967,0.02351107188658375,0.015608354181624515,0.027157568652235124,-0.008548254972450292,-0.025492155592781257,0.0460979022695648,0.002729663448773458,-0.18770118626123017,-0.1965865275732964,0.05379661462479407,0.07161682493006302,0.03596315549212077,-0.10527473086154215,-0.1762969097721447,0.15898089749155472,0.05263299159746244,-0.03598887766924731,0.01168844119785525,-0.05052784500860815,0.13828364038909363,0.036161569781284486,0.013564816774682832,0.0658076152712579,0.019190125446325226,0.18073663682427854,0.09548257065634631,0.03037351706259247,-0.13303935790785995,0.11935753763159591,0.03366678936993712,-0.11152178180096571,0.06896953383240459,0.11859263687801727,-0.027031447223989976,0.04255937049813206,0.04716804975869871,0.07645480442354646,-0.06701706606298174,-0.07148166468841542,0.045287530333546724,0.009268245116266574,-0.006574984781912716,-0.04267995090751523,-0.03745328642065798,0.05724646186098832,-0.019265499012690035,0.019256916810157107,0.026886541454617364,-0.024311824418453018,-0.00436837429303215,-0.16907995019096497,-0.03700108868152426,-0.10140876285769868,-0.14353683936493836,0.1549093771066617,-0.1461425906176606,-0.10652137594452289,0.10538567167944507,0.06106260525712689,0.018144757637742877,-0.06790834809277095,-0.31908151590366884,-0.16027818690942736,-0.09042897860119048,-0.05573392936728153,0.003762496231823495,-0.08601901123908356,0.11072670889008285,-0.0029540349268859663,-0.031918067082316114,-0.07559584586927616,-0.05978862320510385,-0.16259136053931542,-0.15129195052681688,-0.042018973490065586,0.045349925333130967,0.05470521720713348,0.043038435316852794,0.052208949749057,0.008998813862901254,-0.0028934035611383473,0.025753150878963665,-0.05052784500860815,0.010558401049826565,-0.03163476029390198,0.014055500666422993,0.015682169170187284
MSZoning_RM,-0.28559991537180685,-0.17370875869418878,-0.19551518486767877,-0.3886825266275133,-0.16181532598246434,-0.10886648824029058,-0.03544767560868257,-0.2473792369123703,-0.26702912852836935,-0.15423907751126692,-0.2191080304206494,-0.2355797848707237,-0.13590108367690004,-0.0530391082918448,-0.006047348637040341,-0.2880651218971258,-0.09043510005196555,-0.04410053352814415,-0.8085853546363103,1.0,-0.0031274956533018346,0.010214470402954538,-0.047949050612309335,-0.011491043020903957,0.24283769621459717,-0.026056669085266784,-0.06661372266694948,0.007922547429957053,-0.01096831218233347,-0.10990210886825742,-0.02196967780725159,0.05157392975789209,0.0681842190390635,-0.02520950213163472,-0.03971045465834968,0.08840336308164656,0.251251663495206,0.209973577066935,-0.05858345158008047,-0.07847083118294348,-0.04830603340119421,-0.05273780057152885,-0.10020379164054617,0.2748316953912215,0.25907400940407016,-0.02471855115946099,-0.1788237628404789,-0.03299552154026916,-0.0961148845027034,-0.07121445901841497,-0.09025750495141503,0.5618807428263608,-0.05529826465455094,-0.07928335966843626,-0.08597543603157154,-0.1048149684978281,-0.05529826465455084,-0.06848720598016632,-0.03650308743855518,-0.009188890742662943,-0.051070077213003946,-0.031097761909706704,-0.048107441337791254,0.03017060855013203,-0.02735057329550146,-0.015516854389532181,0.04123305811932413,0.0632083332035727,-0.07166444579124985,0.06248919142412002,-0.015516854389532172,-0.010968312182333467,-0.01096831218233347,0.08840336308164658,0.09826683799825411,-0.01829590155305545,0.19982507851946715,0.14310099417601232,0.09681904345382823,-0.15913897306860825,0.04700326857453353,0.14129343519794393,-0.0018587085012993557,0.04249698367815738,-0.06248127237182372,0.08665100972520613,0.030170608550131994,-0.09056987835445021,0.026563903989113617,-0.015516854389532177,0.04188180947142298,-0.010968312182333467,-0.010968312182333474,-0.010968312182333467,-0.03650308743855518,-0.024559581065608366,0.003127495653301777,-0.01096831218233347,-0.015516854389532172,-0.026056669085266743,-0.010968312182333465,0.14303313971725956,-0.09177810548397874,-0.010968312182333469,0.076018463877684,-0.11841070881003664,-0.015516854389532174,0.063212511706028,-0.11220335593154301,0.13382389995662697,-0.012819337119579992,-0.01901070839929304,-0.029079280837437216,-0.010856723519333844,-0.010968312182333465,0.14561417299905333,-0.08764450019629047,-0.01149104302090393,0.07632527121670621,-0.010968312182333463,-0.13751621678398315,-0.024559581065608366,0.07436807993594885,-0.11016978676294449,0.12704213993300514,0.040146532139025456,-0.1104072849771823,0.14810755985968863,-0.06871600372554763,0.05737825008257008,-0.18278297125946577,0.18899497252675823,0.0675283691542343,0.08455973859983584,-0.010968312182333467,-0.11407800279193754,-0.05298619565470978,-0.1609649162471855,-0.008819982211607728,0.06320833320357278,-0.019010708399293013,0.13536245537676078,-0.18389113587861314,0.18702434889070996,-0.05316332981177646,0.036443254346057295,-0.030883029212109715,-0.05330593933945654,-0.02880859290323451,0.11535716058035636,-0.032465309279571544,-0.13355522510628204,0.07841923585733623,-0.03245195443303158,0.17004496374136413,-0.03785092668777882,0.05737825008257014,-0.053561749475971934,-0.0413735281698875,0.059246297448885314,-0.10791898427814474,0.09251877480920492,0.05438549640238911,0.08840336308164665,-0.0219592122797275,0.08199074716346336,0.07255187848627835,0.062489191424120016,0.06794275540844957,-0.18556134751367528,0.056608867794642616,0.06586890708378902,0.06248919142412,-0.15341439605709956,0.061700473995140157,-0.1548607366239767,0.1700975363672655,0.04123305811932416,0.018280078951171258,0.02450805450163654,0.014489532755607978,-0.010968312182333462,-0.06899688533271162,-0.05078081741406733,0.1573774249365532,0.033293698458931625,-0.14861302417978176,-0.26213129032348664,0.0027642614771594223,-0.07380377850550619,-0.00844227921162847,0.32314732125340456,-0.20777921848451475,0.3025431113203844,0.19219728615831683,0.01793745671131197,0.06586890708378912,-0.1992384268393986,0.12279861654331689,-0.008442279211628484,0.08220708881566446,-0.13446081681964347,0.08833224280765944,-0.23847799117709897,-0.015516854389532169,0.02195921227972792,-0.010824631780118906,0.010444364170826241,0.007946043220569576,0.03644325434605724,-0.008336738526857774,-0.010968312182333467,0.014807358739082293,-0.015516854389532174,0.016110963117012086,0.008336738526857922,0.04123305811932417,-0.10567417110587621,-0.019010708399293013,0.07840360099362123,-0.021959212279727452,0.004432100859884785,0.049827303816088145,0.050686089139463854,-0.10072377244963235,0.13493630436399098,0.23061308085095913,-0.03904809026077954,-0.044914845710890224,-0.029079280837437174,0.11131988070316721,0.14985179756741887,-0.15086805369937797,-0.03704350587358052,0.046233304917012566,-0.0012576884241617848,-0.010968312182333462,-0.12067824589611184,-0.023627075934820142,-0.010968312182333463,-0.04176030059961784,-0.015516854389532169,-0.15102156988434406,-0.06543068544466224,-0.024559581065608366,0.23953684286811736,-0.22197804420380632,-0.03785092668777881,0.1808800424902517,-0.12804247564963336,-0.12844743213894513,0.04123305811932417,-0.11121523920459274,-0.038139394241640534,-0.07155992656985663,0.05865198090879059,0.08840336308164658,-0.03903504461785435,-0.02094056422056778,0.006158671564166629,0.06950914646177205,0.04175374154977682,-0.04159260904996781,-0.008447845151424006,-0.022763772395802805,-0.04248415863803928,0.010228676443158722,0.0018582779674060671,0.20556498388024216,0.051573929757892205,0.11086083861369786,0.1901325482960734,-0.20784933985882348,0.16497634900803498,0.1404945896114499,-0.08521331070850952,-0.04937432832685103,-0.01829590155305545,0.06502481868002391,0.19476823587143072,0.19822049211059306,0.08833224280765914,0.041233058119324165,-0.010856723519333868,0.08422794090213047,-0.19984244147915803,0.03749306172474962,0.09619995363313086,0.1087212996260409,0.09015596520220807,0.20533032458878983,0.08886857233142782,0.05867901570772092,-0.03452506126378702,-0.060370189580366745,-0.03405580742532805,-0.05396398539623248,-0.011081785886481975,0.005439474124935234,-0.014278522108992837,-0.010968312182333462,-0.018972407976879702,0.03601066301457212,-0.015803376020345924,-0.018520664609249143
Street_Pave,-0.03707793596357845,-0.19713093862382294,0.0588231866704591,0.0211367600512714,0.06546482429568853,0.01710835723201515,0.03522875328125888,0.005067534070866026,0.005949724112527035,0.04412133574789912,0.01638165714713591,-0.04779429321486588,-0.017989759827088406,-0.005663817901614733,-0.02273301614101194,0.04103553550004942,0.013866376769979994,0.006761916703879384,0.045348049940267504,-0.0031274956533018346,1.0,0.010919283769821878,-0.05388622153074709,0.005334692865344541,-0.004413594320237,-0.04677411749791971,-0.05882423756194297,0.11981240987015779,0.001681766804742925,0.016851245241139123,0.011715781675507393,0.003366997005230332,0.007713406486614421,-0.14186370080056449,-0.10788082844940441,0.002379192914327938,0.006761916703879372,0.013065721953341193,0.008982576583964444,0.021737190108486706,0.012221457825645012,-0.024967276368968592,0.015364206241492208,-0.194009655486212,0.006972438897956924,0.011970931758420946,0.027418974154358147,0.005059189774064153,0.014737255788424924,0.010919283769822041,0.015157504102834587,0.018605821315421604,0.008478860221147307,0.014843204354397605,0.013182578316295742,0.016071236096264978,0.008478860221146994,-0.12398685117127864,0.0055970034134938795,0.015568751914343763,0.005545174904744261,0.004768207068885268,0.007376294233612968,0.00559700341349394,0.008649789133186947,0.0023791929143278465,-0.1794988663941528,0.004126547455295595,-0.006544931837226009,0.0016817668047429577,0.002379192914328083,0.0016817668047428708,0.0016817668047429668,0.0023791929143278626,-0.06480591371615589,-0.10319217336842018,0.011190325636278625,0.01869490737052901,0.006320818112728941,-0.021765053157263917,0.004768207068885214,0.005597003413494048,0.04253440934040975,-0.05776429857910762,0.013866376769980133,0.017852621133488015,0.005597003413493962,-0.022245982612896998,0.004458714194601973,0.0023791929143279116,-0.008649789133186859,0.001681766804742775,0.0016817668047427157,0.0016817668047429345,0.005597003413494247,0.0037657104837933676,0.004126547455295618,0.0016817668047430236,0.002379192914327831,0.012096754525324058,0.0016817668047430703,0.01341372758623464,-0.002614058675758657,0.0016817668047430009,-0.03279744188617687,-0.022750868343634226,0.002379192914328018,0.008478860221147171,0.04742213823958256,-0.03547332356512513,0.008649789133186842,0.0029149041155187047,0.00445871419460213,0.008478860221147182,0.0016817668047430703,0.013298572622593334,-0.004582874420658553,0.005334692865344372,-0.033920290504869104,0.0016817668047429176,-0.0150467904746766,0.003765710483793636,0.008649789133186809,0.04664227702118286,-0.03730415056284601,0.010501115180925431,-0.0039826225974168,-0.00909073180349238,0.01991344020527852,-0.32326469776529115,0.04551664053984285,0.015958317763748505,0.008982576583964102,-0.0142751574859674,0.0016817668047427934,0.008785656611804003,-0.07332276209852931,0.05730602560119302,0.008304659351284343,0.004126547455295804,0.002914904115518708,0.010067462299289471,0.01169548148479396,-0.025330682700158823,0.013866376769980097,0.0023791929143276587,-0.01851643978414216,-0.09082711517168468,0.018694907370528948,0.07044954494157994,0.021575325778702484,0.01700127349605819,-0.03396553068483792,-0.016870924390379866,-0.001855201617680895,-0.06226336237593352,-0.1035410205132777,0.011586376399236582,0.012589185750330018,0.044445322011622504,-0.009616218157846131,0.007177067723403879,0.004458714194602283,0.0023791929143279537,0.003366997005230347,0.011970931758420948,-0.000276541193680015,0.0016817668047427058,-0.05271008704353408,0.06986857817990928,0.008817636853153827,0.002914904115518517,0.0016817668047427038,0.018608222097334984,-0.05575750079533527,0.052600093195000884,-0.04238647897975344,0.003765710483793203,0.00946145993030214,0.009919119391819,0.006544931837226012,0.0016817668047427788,-0.01741903002486193,0.00976873672776134,-0.01458480581928805,0.0075705454956251535,0.0074690363938102085,0.042872038495670194,-0.087092035424939,0.016268881742997898,-0.13172631152470446,0.014321684225867952,-0.006276521125401453,-0.0038789444506044128,0.011843953461905709,0.0063208181127293595,0.002914904115518568,-0.0141980355954687,0.0100674622992895,0.005059189774064132,0.004458714194602136,-0.012467641560914932,0.00930434982336631,0.01975744897748985,0.0023791929143281414,-0.003366997005230524,0.01258918575032991,-0.019570460074496275,0.0055970034134941934,0.0023791929143278877,-0.003765710483793442,0.001681766804743052,0.003366997005230431,0.002379192914327827,-0.13172631152470465,0.0037657104837932652,0.003765710483793299,0.019397478561623372,0.0029149041155188287,0.006538560590721752,0.0033669970052300864,-0.11273447163290354,0.007570545495625126,-0.0021403319747665193,0.019656572638029494,0.03443181665085999,0.026183212171195673,0.008304659351284339,-0.020716047643364533,0.004458714194602467,0.012096754525324029,-0.03804556615708165,0.0065455357257903045,0.026549111834418753,0.007760195676860476,0.004458714194602125,0.0016817668047428896,-0.01273898601410467,-0.09962840685555191,0.0016817668047428747,0.01546674310693696,0.0023791929143279532,0.057544999524711586,-0.0607067484857998,0.0037657104837934053,-0.05016743548308182,0.046232059244520965,0.009768736727761221,0.037358912850746336,0.008341211087817258,-0.04081003274178385,0.003765710483793577,0.026633758829017192,0.005847897663954719,-0.014198035595468615,0.013866376769980012,0.0023791929143278843,0.012345075955117751,0.01797368070610669,0.02100296363788813,-0.06675276548112366,0.0011237152363781841,0.028064422865656392,-0.05798044138365022,0.013641605736675501,0.016367023193865637,0.015364206241492406,0.013182578316295596,-0.03614812252913796,0.003366997005230357,0.0058478976639544265,0.021249402522667733,0.032599647661859105,0.013298572622593409,0.006761916703879301,0.013065721953341217,0.007570545495625151,-0.10319217336842018,0.016170288918499327,0.013641605736675616,0.005334692865344446,-0.06616426541060429,0.003765710483793029,0.00847886022114715,-0.09760202340883053,0.008070729777831579,0.0010090478878003626,0.025962618366772442,0.014630694334214642,0.007945574778770129,0.0069724388979571375,-0.02585252057289879,-0.05120110059868452,0.01562871456602293,0.009021443615526937,0.02462067885518393,0.014948553390937645,0.011715781675507245,0.00717706772340409,0.005597003413494384,0.0016817668047428896,-0.01660366859978299,-0.019794157284452805,0.03525781085494958,-0.04221951012939288
Alley_Pave,-0.15934321946634653,-0.07774663491344679,0.03876847024837899,-0.016612348178684618,0.07342339728786017,0.025223654843217543,0.0431106044807015,-0.05603665356088866,-0.08513390611479718,0.009478681807831749,0.011727021367743506,-0.018295542416670568,-0.09542874563927535,0.07492186270822151,-0.014905273927919457,-0.027655379955633712,0.4457412933541422,0.061751812390249836,-0.26716628873737186,0.010214470402954538,0.010919283769821878,1.0,0.021296344041664497,-0.014116165112019841,0.051832834650664836,-0.009212432675610064,-0.02702694677467194,-0.024867499712531094,-0.004450133961766882,-0.044590188445965934,-0.031001205265668085,-0.008909432437295358,0.04118380479342041,0.0035108580634843917,-0.016111580339312464,-0.006295597677267973,-0.01789275129328791,0.07156002435115442,-0.023768853688715626,-0.05751891859344195,-0.032339278179841946,-0.046092607415048566,-0.0406553249820555,0.02534960712236114,-0.018449815425442582,-0.03167635954158749,-0.07255352391128421,-0.013387154609718944,-0.038996347354674346,-0.028893587033121997,-0.04010836912312489,0.05937074869991225,0.07343674914845785,-0.03927669853672094,-0.03488250529357336,0.380082446269413,-0.022435966580378268,-0.027787068439733283,-0.014810266741067642,-0.004974353030948562,0.031548590895411205,-0.012617183401492503,0.017062992305806483,-0.014810266741067626,-0.022888262674206943,-0.006295597677267975,-0.009964470738065615,-0.01091928376982185,0.017318586241652903,-0.00445013396176688,-0.006295597677267973,-0.004450133961766882,-0.004450133961766882,-0.006295597677267975,0.061240768879868776,-0.032666384907543776,0.09299770785980949,0.1668643036913172,-0.0167255574734141,-0.07784151163621118,0.04354466954417529,0.033134277476135725,0.07658620875477913,-0.027409375626957833,-0.03669190878112091,0.02967986452262572,0.12902336591054273,-0.06300550400673677,0.048220649847844604,-0.006295597677267979,0.022888262674206884,-0.004450133961766878,-0.004450133961766877,-0.004450133961766881,-0.01481026674106763,-0.00996447073806559,-0.010919283769821856,-0.004450133961766882,-0.006295597677267974,0.013584434623357261,-0.004450133961766881,-0.03549415086386957,-0.07198083752220633,-0.0044501339617668825,0.148593747388622,-0.048042352182605996,-0.006295597677267978,0.04147917723884577,-0.012688060315614971,-0.00934800881196004,-0.02288826267420692,-0.00771314653326564,-0.01179823231571306,0.009521605329233756,-0.004450133961766881,-0.035189438573722656,-0.06908923244464008,-0.014116165112019834,0.15227433525810427,-0.00445013396176688,-0.05579396140727899,-0.009964470738065613,0.07115544324795654,-0.018778253470935074,-0.006458075297730748,-0.0017478387080191616,-0.049504979883777896,0.05505023046497074,-0.00871524302315346,0.0683591599871593,0.07291043554756363,-0.07213068492531148,0.006459827831776365,-0.01520156512315927,-0.004450133961766881,0.012653783049124963,-0.12382757514839532,0.0737010106728028,-0.02197501253790391,0.1186917268313158,-0.007713146533265638,0.02756778500917431,0.04736954364734217,-0.0354236617331448,0.003510858063484394,-0.00629559767726798,-0.02889426000646587,-0.05403577290064508,-0.003111639305166009,0.07254335948418733,-0.029617869987272366,-0.025115259125079677,0.036325120663823034,0.003819148602317387,0.06120395567233226,-0.02584911710301965,-0.016725557473414098,-0.030658785131592,-0.033312325407147916,0.06088182136499288,-0.031186298070244024,0.018579549899128283,-0.01179823231571305,0.105796751210674,-0.008909432437295353,-0.00865620775924914,0.036095783836675575,-0.004450133961766881,-0.07303614707826271,-0.05601077607089237,-0.02333240560586928,-0.007713146533265621,-0.004450133961766881,-0.007256501282567307,-0.0024479488089805693,0.08072130153802931,-0.06335396140668154,-0.009964470738065627,-0.02503602999238121,0.05622215084268312,-0.017318586241652938,-0.004450133961766878,-0.003147787823466742,0.0020442391204900847,0.06514164535178192,-0.02003246914148309,-0.058488955418238626,-0.1279440212028999,-0.019518459627346857,-0.043049192646868344,-0.013387154609718939,0.17031962415280633,0.010511239415504744,0.031031264229452574,-0.008089890050184175,0.02581680125687262,-0.007713146533265621,-0.0017787574461816875,0.027567785009174322,-0.01338715460971892,-0.011798232315713033,-0.011341029815713364,-0.024620299927641708,-0.06989088626214873,-0.006295597677267977,0.008909432437295313,-0.011344847948053077,0.007170929641768578,-0.01481026674106761,-0.006295597677267979,0.009964470738065796,-0.004450133961766882,-0.008909432437295353,-0.006295597677267978,-0.013387154609718925,-0.009964470738065632,-0.009964470738065615,0.05354426687668214,-0.007713146533265638,-0.03158242926813124,-0.008909432437295339,-0.015474159631352864,-0.020032469141483062,-0.06096205618190923,0.05170891473381912,0.11114254561204756,0.07305321611940137,-0.021975012537903977,-0.01927795320799193,-0.011798232315713055,0.013584434623357297,0.09585416663654889,-0.088165103727301,-0.011527630193296392,0.014285769941926117,-0.011798232315713019,0.15401805101822422,-0.05505023046497084,-0.017318586241652938,-0.00445013396176688,-0.0409266484413853,-0.0062955976772679735,-0.052166111305835046,-0.04970367588905297,-0.00996447073806561,-0.0521661113058349,0.06171532235372921,-0.02584911710301968,-0.02253639831550962,0.05736130538354384,-0.06394472821594209,0.06100200378669437,0.042815866257769314,-0.015474159631352848,-0.0017787574461817495,0.003510858063484359,-0.006295597677267973,0.012073691982713158,0.01634952751810669,0.01460302045939649,-0.03263069322235024,0.04266642023293481,0.004845493812449065,-0.006382624376637823,-0.03609714070381732,-0.008652282114485018,-0.004004028610458723,-0.013828988249911847,-0.018320284417131433,0.07040624657765109,-0.01547415963135283,0.027199811000827124,-0.07598864686242932,0.06923450516130795,0.021929530548480864,-0.034573290919757124,-0.020032469141483038,-0.032666384907543776,0.02726599901644146,0.2699529488872006,-0.01411616511201985,0.03382789177049956,-0.009964470738065632,-0.022435966580378316,0.008547107481321033,0.03296415479075385,-0.02278307465983609,0.002901659402704934,-0.019567021210175867,-0.021024836540383604,-0.018449815425442603,0.12112401556287482,0.03475147910644155,-0.03980834080972786,-0.042063761386792076,0.009287568518566918,-0.039555463300078524,-0.007513006154160335,-0.018991285076948347,-0.014810266741067642,0.15401805101822422,0.007550951510862177,0.025149007368617086,0.004995350897757953,-0.024435886427239505
LotShape_IR2,0.016704691973526576,0.22516000429496244,0.07775260615906636,0.07882135087137773,0.09190459181691428,0.021758608444669283,0.0019723744626064213,0.032344142757694865,0.040544271324049225,0.09495338558153542,0.06585208852311639,0.06507536563829659,0.06316555348640161,0.06290360561966342,-0.006713039925372181,0.12609608820325494,0.02361224148578701,0.021929530548480913,0.027174755345278193,-0.047949050612309335,-0.05388622153074709,0.021296344041664497,1.0,-0.014116165112019864,-0.2235088407193253,0.059178169221291946,0.10664291193474897,-0.10703999970565542,-0.004450133961766881,0.1918974741994786,0.08643979029187046,-0.008909432437295353,-0.14359909317337025,0.06381500833039216,0.11628752263665129,-0.006295597677267972,-0.017892751293287885,-0.03457329091975722,0.1273745539137445,0.0790300588804201,-0.03233927817984189,-0.046092607415048524,0.08762421231853357,-0.0010298842522983062,-0.018449815425442564,-0.03167635954158746,-0.06107079817573134,-0.013387154609718966,-0.019973738888979548,0.0463913095790578,-0.021559677669288183,-0.033718164600827126,0.009521605329233719,-0.020376243736584965,-0.013828988249911873,0.027908573353665728,0.04147917723884577,-0.0017478387080191971,0.03313427747613595,-0.004974353030948594,-0.02874060112985097,0.04354466954417534,0.053644444238959726,-0.014810266741067661,0.008459639299847544,-0.006295597677267974,0.06100200378669455,-0.010919283769821866,0.017318586241652854,-0.004450133961766878,-0.006295597677267973,-0.004450133961766879,-0.004450133961766881,-0.0062955976772679735,-0.02503602999238119,-0.010296346462415283,-0.02961079265971544,-0.003111639305166013,-0.016725557473414105,-0.02809018798721004,0.04354466954417535,-0.014810266741067626,0.06757969528059654,-0.02740937562695788,-0.0366919087811209,-0.010452205125935221,-0.014810266741067645,-0.00032912255102315527,-0.011798232315713043,-0.006295597677267975,-0.07115544324795671,-0.004450133961766879,-0.004450133961766879,-0.004450133961766879,0.08107882169333917,-0.009964470738065624,0.053886221530746785,-0.004450133961766881,-0.006295597677267971,0.013584434623357216,-0.004450133961766879,0.005946441108341192,-0.014250655813559235,-0.00445013396176688,-0.02524188657563134,-0.0005207843055025166,-0.0062955976772679735,-0.02243596658037828,0.04804822840831236,-0.009348008811960032,-0.02288826267420689,-0.0077131465332656406,-0.011798232315713055,0.009521605329233759,-0.004450133961766879,-0.014304649826716516,0.0022223825211955687,-0.014116165112019862,-0.02355651690642615,-0.004450133961766877,0.0001724993653952293,-0.00996447073806562,0.008459639299847568,0.04226301576346583,-0.018592940078537602,-0.001747838708019159,-0.031491952935412536,0.038143765071858224,-0.02337452276255903,0.02581680125687263,0.046544211332047634,-0.08067447853158712,-0.023768853688715546,-0.001381960465741727,-0.0044501339617668756,0.012653783049124883,-0.09873435875393015,0.09873866108363613,0.010630188991912827,-0.010919283769821873,0.08384127573151354,-0.02663957675970716,0.10610731798316332,-0.10187858769574211,0.043713624908089665,-0.006295597677267972,-0.013316113917307864,0.075201587112911,-0.0031116393051660034,-0.04287896954673519,-0.01588150080639008,0.039086328733428134,0.017424665863687044,-0.02499716643325558,-0.018794052637072595,0.0020442391204901315,0.11090151871744593,-0.03065878513159205,0.01062262951104172,-0.043599470663087676,0.02544553673393054,-0.018991285076948347,-0.011798232315713073,-0.0062955976772679735,-0.008909432437295346,-0.03167635954158744,0.002593021979367054,-0.004450133961766875,-0.05482077729106369,0.028034170551412763,-0.02333240560586923,-0.0077131465332656276,-0.0044501339617668756,0.05201338331910171,-0.028160216874531668,0.038431542586714995,-0.04677004681165581,-0.009964470738065652,-0.02503602999238122,0.0012426865223097846,0.023795455893002845,-0.004450133961766879,0.013265677256038336,0.002044239120490094,-0.037929765914190304,-0.020032469141483083,0.03243082148885416,0.002556377676682218,-0.01951845962734688,0.06147157442257913,0.03958099100055117,-0.0363311644917802,-0.026071381673021896,-0.052037393223794075,-0.008089890050184149,0.02581680125687263,-0.007713146533265623,-0.02145289283576809,-0.026639576759707136,-0.013387154609718944,-0.011798232315713048,0.03299070654557587,0.004603795921428924,0.03577255421109975,-0.006295597677267974,0.008909432437295282,-0.03331232540714788,0.0071709296417685605,-0.01481026674106766,-0.006295597677267975,0.009964470738065915,-0.00445013396176688,-0.008909432437295353,-0.00629559767726797,-0.01338715460971894,-0.009964470738065659,0.0610020037866945,0.008599098436692154,-0.0077131465332656345,0.005139375933465571,-0.00890943243729534,-0.015474159631352862,-0.020032469141483055,0.014667005990840485,0.007256501282567347,0.05255897677636105,-0.04556076912784741,0.01063018899191291,0.042041897954683854,-0.011798232315713059,0.013584434623357278,-0.029425552600587664,-0.004818139571732838,0.035451686156215655,0.014285769941926067,-0.011798232315713034,-0.004450133961766877,-0.012784066982189247,-0.01731858624165295,-0.004450133961766879,0.08659479883634591,-0.006295597677267973,0.014569943464389787,0.04264079935762862,-0.009964470738065632,-0.08553413869094714,0.07001834213224419,0.05783095156750972,-0.07977584431257091,0.06572267777371699,0.036698638656743984,-0.009964470738065619,0.06002472096839358,-0.01547415963135289,0.037569513332991196,-0.03669190878112086,-0.006295597677267974,-0.010296346462415297,-0.015605372316479325,0.00056720092633601,-0.020672658055525057,0.042666420232934786,-0.0064554981462979265,-0.00638262437663779,0.025112877214386185,-0.025980583742946078,-0.004004028610458693,0.0072245287937495505,-0.037858352531822265,-0.008909432437295355,-0.015474159631352836,-0.01451418486178589,0.10893418298706059,-0.035189438573722594,0.021929530548480992,-0.03457329091975715,-0.020032469141483062,-0.010296346462415283,-0.007761153261609192,-0.01569380139774946,-0.01411616511201985,-0.02462029992764162,-0.009964470738065659,-0.022435966580378316,-0.03426173273387178,0.04967805164593727,-0.022783074659836106,-0.020965510895600257,-0.0004196680152316247,0.01300649533207773,-0.018449815425442606,0.0045950276072520444,-0.02886878358372104,-0.0026827083713997445,-0.022217876227730398,0.009287568518566925,0.03556775805681863,0.03946339206885511,-0.018991285076948354,0.0810788216933392,-0.004450133961766877,-0.03214081880726124,-0.0054829871459943684,0.004995350897757982,0.013857202142101838
LotShape_IR3,0.17328301547370897,0.2565258667667156,0.04208879218509478,0.0454722571905839,0.043997722810915775,-0.010809744474022519,-0.010705177034394022,0.12289009027106422,0.09175239545970269,0.09413336440557936,0.03968793160503333,0.05098551678178905,0.008321709855116688,0.022493404462640025,-0.007282076384811583,0.03672047549953584,-0.017926090036371325,-0.008741629458288413,0.022697953489345588,-0.011491043020903957,0.005334692865344541,-0.014116165112019841,-0.014116165112019864,1.0,-0.10919681574922951,0.030025667669549044,0.09389656809501366,-0.10916857746707254,-0.0021741442384047532,0.045887237452807116,-0.015145856819374113,-0.004352765864448564,-0.022309545115219286,-0.017926090036371304,0.08053074153489925,-0.0030757585131014832,-0.00874162945828841,-0.016891024383013622,-0.01161244060174063,-0.0007493672567080164,-0.015799581750333632,0.010358679029554039,0.12696879328632737,-0.013391043193216988,-0.009013787057082378,-0.015475708188262273,-0.012445672033036936,-0.006540388517157802,-0.01905193970527867,-0.014116165112019878,-0.01959522575950288,0.007024362555534042,-0.010961249232686885,-0.01918890724657372,0.025129866302462337,-0.020776474636195818,-0.010961249232686862,0.03858319233284614,-0.007235659955626422,0.016151196949373572,-0.08767819450076546,-0.006164213669280103,0.06373983412695382,-0.007235659955626432,0.11440272938974101,-0.003075758513101485,-0.004868212244854893,-0.005334692865344429,0.008461117085036236,-0.002174144238404753,-0.0030757585131014832,-0.0021741442384047524,-0.0021741442384047532,-0.003075758513101486,-0.01223152849512256,-0.015959392042222856,-0.014466560963966446,-0.024168288393205464,-0.008171388710395805,0.00045505055658605895,-0.006164213669280105,-0.007235659955626418,0.035216633063836746,-0.01339104319321696,-0.017926090036371304,-0.01638041107984931,-0.0072356599556264315,0.021784245455711868,-0.005764109357818919,-0.0030757585131014832,-0.05161025386003347,-0.002174144238404754,-0.0021741442384047532,-0.0021741442384047524,-0.0072356599556264115,-0.004868212244854888,-0.00533469286534443,-0.0021741442384047532,-0.0030757585131014832,0.03002566766954903,-0.0021741442384047524,-0.017340916983791616,-0.03516674430904512,-0.0021741442384047524,-0.03497973352540497,0.008258465749227834,-0.003075758513101483,0.05305244628620446,0.04297379245200116,-0.009803583920567908,-0.011182221669673942,-0.0037683119742788415,-0.005764109357818934,0.05305244628620466,-0.0021741442384047524,-0.017192047651837593,-0.033754030315905716,-0.006896551724137933,-0.03441627509106811,-0.002174144238404753,0.0007678459764537327,-0.0048682122448548875,0.05161025386003349,0.04450560656601472,-0.008490854261172312,-0.013575567672668074,-0.054987374433008225,0.05126150619521139,0.003620190353004244,-0.008171388710395796,0.029180203842769842,-0.03774443157701863,-0.011612440601740605,-0.027681826617913283,-0.0021741442384047524,0.030944394380906282,-0.03924708919554608,0.04293879508904198,-0.010736046894010056,-0.005334692865344435,-0.0037683119742788432,0.041275992352987456,0.04651007937621905,-0.0781821440748648,0.06260342212701972,-0.0030757585131014863,-0.038471094891561024,0.059891531859260085,-0.024168288393205478,-0.03179312793330807,-0.027892018144954782,0.020888251436897466,0.018670288131801466,-0.02629095476431488,0.014268187114859773,-0.012628767920295691,-0.008171388710395792,-0.014978565055123565,0.027727728055651657,0.0035836436050652766,-0.0442875603694452,0.06597920613476864,-0.005764109357818926,-0.0030757585131014832,-0.004352765864448559,-0.0154757081882623,0.007814043073835203,-0.0021741442384047532,-0.035237360863528785,-0.01176137362958825,-0.011399210821955219,0.17962287077395805,-0.0021741442384047537,-0.004269132698168969,-0.013757871964304386,-0.00023208200631346634,-0.0005688179992016315,-0.0048682122448548935,-0.01223152849512256,-0.012823178704058523,-0.008461117085036196,-0.0021741442384047524,0.022518867455552267,0.04324396287858829,-0.024939832735299955,-0.009787003658578399,0.017324955754837765,-0.02637904829146409,-0.009535880696158457,0.1185439197979527,-0.006540388517157799,-0.031058301241862783,0.002007617992858496,-0.044903447180024446,-0.015311553960106231,-0.008171388710395798,-0.003768311974278837,0.018354849911116335,-0.013014952543734786,-0.006540388517157799,-0.0057641093578189185,0.016117841658970587,-0.01202842064876319,-0.00538451169591679,-0.0030757585131014837,0.004352765864448701,-0.016274970815273817,0.02530018008079359,-0.007235659955626416,-0.0030757585131014854,0.004868212244854535,-0.0021741442384047524,-0.004352765864448561,-0.0030757585131014845,-0.006540388517157801,-0.004868212244854896,-0.004868212244854892,0.03494273931272382,-0.003768311974278842,-0.016625864302209806,-0.004352765864448556,-0.00756000949537789,0.061658123049043875,-0.02608853019454396,0.03394976955210591,0.01136735043141072,-0.033848973427464575,-0.010736046894010082,0.006309698747512068,0.11445874296240438,-0.015638368577890117,-0.028029770973702798,0.024928293449433578,0.012729755484187843,-0.01003217846383807,-0.005764109357818924,-0.002174144238404753,-0.03432897247462136,0.15624862883700175,-0.002174144238404753,0.01649587654623076,-0.0030757585131014832,0.042575499416967304,0.006545873833470569,0.13728358530490778,-0.057682934693955606,0.06219779438909907,-0.012628767920295691,-0.04829662762902072,0.056210819280083986,-0.006041009011259661,-0.004868212244854892,0.023019869266053775,-0.007560009495377895,0.018354849911116418,-0.017926090036371297,-0.003075758513101484,-0.015959392042222867,0.008768266182002146,-0.02715208330546158,-0.009515554237621054,0.027801858693434225,-0.013644119273186584,0.004933092608855112,0.023234087119599196,-0.0211588604772229,0.016845364653829627,-0.017042093239600885,0.020640423965471923,-0.004352765864448556,-0.007560009495377876,-0.027470673064726236,0.060749340143805675,-0.017192047651837593,-0.008741629458288436,-0.01689102438301359,-0.00978700365857839,-0.015959392042222856,-0.02090452753993452,-0.017635511910057224,-0.006896551724137936,-0.012028420648763216,-0.004868212244854897,0.053052446286204535,-0.016738810440559262,0.056525044187617966,-0.03792999645655577,-0.033563795513640804,-0.018914179838064225,-0.010271831729202067,-0.009013787057082402,0.011191241917864492,-0.01876636621545319,-0.05119012518031967,0.03471578002996751,-0.006978544472751633,0.05591395522419087,-0.01514585681937411,-0.009278325862701836,0.08880128127359688,-0.002174144238404753,0.034715780029967516,-0.0016810535034069514,-0.0062032466826276375,-0.030646681817125158
LotShape_Reg,-0.10540127844692544,-0.2161114740461572,-0.19933454104216283,-0.23450098779099818,-0.1654315669543212,-0.10472650103320112,-0.0201180280200824,-0.18902430820265756,-0.18332049400643236,-0.19222789918655536,-0.16988575570807105,-0.16980284602243956,-0.1708620913298581,-0.08324684864517205,-0.03939169421543614,-0.2676717602887935,0.07456380993150273,0.039091734135190084,-0.26876403363298096,0.24283769621459717,-0.004413594320237,0.051832834650664836,-0.2235088407193253,-0.10919681574922951,1.0,-0.1459966269292847,-0.09907247132987641,0.14275587383934038,-0.03442439603293317,-0.3391394279116091,-0.022367790750100043,0.012666320478117003,0.2581595858923822,-0.07017353812167071,-0.09436832597219436,0.02816710809740967,0.08005388617158549,0.04551295320639712,-0.08021953891991243,-0.04229760340451761,-0.04886602328190642,0.10492305065898852,-0.22024178032492228,0.09549760052048917,0.08254624455151263,-0.016137454515715764,0.05688621449129909,0.023572546221629114,-0.03424244297688146,-0.12025571245557905,-0.03678709076712704,0.15111779836114334,0.07846578517328903,-0.0316478562636222,0.01169333290941163,0.05743966473911765,-0.1078107129616732,-0.10781097121874009,-0.08168816192893064,0.016651730233744222,-0.009457981039379088,-0.03983188724670809,-0.03810106154959551,0.016945649028675517,-0.04807332644141427,-0.048700140168418594,-0.0770810249517866,-0.062246899206103025,0.07758157117486271,0.019910326354182994,-0.010266516035504488,-0.03442439603293317,-0.03442439603293317,-0.048700140168418574,0.08243147386753918,0.061781232096410475,0.11566578929211078,0.046486453723093915,0.06024505295278344,-0.008431867991798188,0.017937538627656565,0.016945649028675475,-0.07082547882001056,0.014093872279215915,-0.04260451944487573,0.021005616214456794,0.049823586014544174,-0.018619883247654262,0.032207470662519964,-0.01026651603550446,0.09106692926191358,-0.034424396032933145,-0.03442439603293316,0.019910326354182994,-0.08168816192893065,-0.004083211051500048,-0.04002673469732293,0.019910326354182953,0.028167108097409674,0.002516260163431003,0.019910326354182998,0.04513281128017343,-0.06987629209786846,0.019910326354182974,0.09781560206554894,-0.0674822107421305,-0.04870014016841858,0.023678579839476396,-0.09009534511228287,0.07140369380865982,0.03791387919958391,0.0345093576989715,0.05278642347095735,-0.009193743360811022,0.019910326354182998,0.04286709290831462,-0.053577155299836705,-0.005784479969418637,0.09010156617454,-0.03442439603293316,-0.10537784798872059,-0.004083211051500028,0.005668677084209713,-0.0846600460854892,0.08399844918917446,0.0528964776541181,-0.036856322784491066,0.08850043416437309,-0.08090269849166644,0.016484964738323817,-0.17230252408915286,0.18746474708183714,0.06488553855999994,-0.011845980040966719,-0.034424396032933145,-0.01836045303122041,0.058282092566785654,-0.1485577751974353,0.05360032732336523,0.026633758829017216,-0.05966571190943662,0.0634290331237672,-0.1799369281893857,0.21184076571452257,-0.06328128345247197,-0.010266516035504472,0.01046319497782572,-0.1472015318304234,-0.043583318439840694,0.16481752863902116,-0.003613037673913852,-0.11581645797337285,0.020196037307080077,0.04809919685572015,0.08572174540467535,0.02001218461727503,-0.027275123476135758,-0.025583579460523573,-0.009131370591384507,0.03211276802802945,-0.06530172257105545,0.046322571814690246,0.03220747066251998,0.028167108097409695,0.03986165562230937,0.023327677130758267,0.0394841350217763,0.019910326354183012,0.08067931338608056,-0.11418195691283689,0.07273794791546898,0.0031176678295020983,0.019910326354183012,-0.10569948952057238,0.04664674973423141,-0.1428755050508833,0.15731505958322378,0.020249393581928832,0.023267220604151772,0.013750947525533061,-0.007096758533108174,-0.03442439603293317,-0.02613439689448726,-0.01824351363637014,0.1609250392358396,0.01625016326452999,-0.15692617374627527,-0.138761439973415,0.01207034757095413,-0.10006686721105602,0.005411112193355522,0.19263513137491867,-0.0920769285456096,0.23747468837304403,0.10035979894990033,-0.01268842740464923,0.034509357698971475,-0.08714046177707031,0.07272219803703364,-0.030911755863191726,0.052786423470957244,-0.07160244524166395,0.060052577109787404,-0.11889737835463428,-0.010266516035504469,0.01452901466607536,0.058657448375165254,-0.043027773993650965,0.016945649028675427,0.02816710809740968,0.02841581568492868,-0.03442439603293317,0.012666320478116994,-0.01026651603550448,0.02357254622162907,-0.004083211051500058,-0.004083211051500013,-0.04260773163617936,0.0031176678295020284,0.022149193830600704,0.012666320478116999,0.037743779206673045,0.02847966757701132,-0.0037298427527688817,-0.041636029369996726,0.0063778602499202225,0.11476662933978854,-0.03583564741047861,-0.04989842571324762,-0.0295293877627918,-0.020933143061734636,0.11625978025825691,-0.07825553922797691,-0.03200916601624112,0.020238923160581315,0.011628517854082698,0.01991032635418298,-0.07400843843983476,-0.021193721061459055,0.019910326354182998,-0.03550960148043228,-0.010266516035504467,-0.16250601673053813,-0.08369258183015986,-0.028415815684928826,0.17214470994710537,-0.15537026654520403,-0.05649921189001522,0.18061031187822946,-0.13203460900805392,-0.0978073011084067,0.0202493935819288,-0.12967921192220205,0.021999231309032335,-0.08714046177707001,0.08834831926990012,0.0281671080974097,-0.00724983846029305,-0.022776063706009295,0.05133911097565276,0.03178987103383311,0.006418135725213062,-0.03585538811349755,-0.0015129087203598157,-0.006396833260018276,0.02740792214476477,-0.019172977652125653,-0.04605640424996581,0.08899260428799625,0.03986165562230938,0.05348832710431393,0.10854356140576578,-0.20231566081618124,0.06434968637952954,0.03909173413519004,-0.05638023009467151,-0.03266785398539535,0.061781232096410475,-0.0007197727430054201,0.1265231327571406,0.06315707721712191,0.08009297998528216,-0.004083211051500021,0.04559346197300144,0.0872389836400187,-0.10359546899368205,0.05395046378291013,0.004582170090322624,0.03534384609425117,0.0007192899107355058,0.0692952806103135,0.054478535039026645,0.04279334716535758,0.03598681866357541,-0.042330986870250296,-0.0318010146991693,-0.04840622923494672,-0.04652831442098486,-0.04385203465124014,-0.032371256450127533,0.01991032635418298,-0.011710058300193152,0.0013907995046632585,0.006255568079561941,0.03556717706557382
LandContour_HLS,0.07038162794454511,0.08960498074516617,0.10361149626300872,0.049722535049458096,0.047211511392946715,0.018701771742585954,0.02847780383124915,0.05165148659773232,0.046424507485909774,0.04457953317450325,0.029409560623065465,0.05677554359522922,0.05163387614807082,-0.04287538816829763,-0.008159280839374936,0.12001380186770814,-0.04064854645663662,0.052528828406841636,0.023808382444391915,-0.026056669085266784,-0.04677411749791971,-0.009212432675610064,0.059178169221291946,0.030025667669549044,-0.1459966269292847,1.0,-0.029941372309214936,-0.5585777823548428,-0.004930009996542105,0.04267192142119339,0.008330293196457214,-0.009870172753618222,-0.017016067556227206,0.25152069822860357,0.06233405171819502,-0.006974477566247301,-0.019822199398808103,-0.019018660677098176,0.02858896972760019,-0.05131698147807288,0.21032294644872837,-0.036152576131600805,0.08814030530086808,-0.006401278706751575,-0.02043933402078412,0.006731963499031876,-0.04908371669046322,-0.014830745909717512,-0.04320148200905867,-0.03200929997457742,-0.02758334235747687,-0.026353910635754884,-0.02485532805835657,-0.043512064598685604,-0.03864402763584904,-0.04711197437595221,0.14933081097460618,0.2057631339409696,-0.016407318007103038,-0.012733835712857597,0.02025671114728556,0.037041025776917376,-0.021623214470990422,-0.016407318007103044,-0.025356397078554464,-0.0069744775662473,-0.011038980123063596,-0.012096754525324058,-0.01816286007325276,-0.004930009996542097,-0.0069744775662473005,-0.004930009996542103,-0.004930009996542105,0.09485289490096342,-0.0016104638831960555,0.004454022643707384,-0.03280384479930856,0.015383333967580409,0.020117354523987174,0.016096953712205184,-0.013977745576195206,-0.016407318007103044,0.0225838229816655,-0.03036504001920617,-0.04064854645663652,-0.04625785449917422,-0.016407318007103065,0.04939715864600915,-0.013070483665821466,-0.0069744775662473075,-0.003120787332745302,-0.004930009996542095,-0.004930009996542096,-0.004930009996542104,0.027146653429934078,-0.011038980123063575,-0.01209675452532405,-0.004930009996542105,-0.006974477566247303,0.005957446808510625,-0.004930009996542102,0.017146808900864546,0.0041667421461998155,-0.004930009996542103,0.004903341837344456,-0.02444313457170555,-0.0069744775662473075,0.0622377414581247,0.02650741728278527,-0.04386769040578926,-0.02535639707855448,-0.008544886477686153,-0.013070483665821494,-0.024855328058356562,-0.004930009996542102,0.01793266703846536,-0.0009613645100733061,-0.0156383685778901,0.007147688366607955,-0.004930009996542096,-0.023679496746724038,-0.011038980123063601,0.031597971744044745,0.02962469377697043,-0.03027715232320084,0.01652585800155819,-0.01832483899504876,-0.014306303695025824,0.061476373543651354,0.020117354523987174,0.018264545301200218,-0.04678096028616994,0.0011285119629315683,-0.012554059619245151,-0.004930009996542095,0.012614539773211612,-0.06619998639947658,0.08220324148696821,-0.024344667467716068,0.04677411749791961,-0.008544886477686154,-0.029512230610887605,0.03686038434039661,-0.07918294836500794,-0.02238796866380911,-0.006974477566247309,0.02597683752916461,0.17494195187356767,0.029420626212997562,-0.1285519225796723,-0.03829002767861464,0.04736543536308755,0.007996811872190873,0.018915882815619317,-0.008019372357395005,-0.003297540103322527,-0.01852914232472503,-0.012404552656509192,-0.016948746591932393,0.03185446579897448,0.028189432395389756,-0.021039192545871728,-0.013070483665821492,-0.006974477566247309,-0.009870172753618223,0.006731963499031923,0.02786374198983067,-0.0049300099965421,-0.046808395613497825,0.01913940369843206,0.030060771099487984,-0.00854488647768614,-0.004930009996542099,-0.00968052924307394,0.01551843184858266,0.02252395682489291,-0.046485505677865274,-0.011038980123063605,-0.02773576687726534,-0.004105040648832231,0.01816286007325271,-0.004930009996542097,0.02124219162534737,-0.02863653247622171,0.0541039814314964,-0.022192651720471142,-0.04330826501572581,0.027120270551573743,0.0116082519791633,-0.00021677891856284064,-0.014830745909717495,-0.036294573570460904,0.004552401169709111,-0.056544481404255074,-0.03471992002761713,-0.018529142324725027,-0.008544886477686137,0.04162078667477447,-0.004890598215518531,-0.014830745909717512,-0.013070483665821482,0.01641222338154852,0.052368397343449134,-0.012209721884342589,-0.006974477566247307,0.009870172753617807,-0.03690452886953023,0.05736976347261447,-0.016407318007103034,-0.006974477566247305,0.011038980123063515,-0.004930009996542104,-0.009870172753618229,-0.0069744775662473005,-0.014830745909717525,-0.011038980123063607,-0.011038980123063591,0.09284463385693185,-0.008544886477686156,-0.04881985768594554,-0.009870172753618197,0.024571348338585458,0.042609891303304684,-0.05915739737146575,0.0904438017852911,0.0029681671365467295,0.009446731662040016,0.06451336878944759,-0.013544567969413675,-0.013070483665821482,-0.035460992907801386,0.04149341936465923,-0.01918789006291705,-0.0031423233213377227,0.008882787114237229,-0.013070483665821486,-0.004930009996542096,0.02198542259014994,0.018162860073252716,-0.004930009996542097,0.037405446629572785,-0.006974477566247304,0.051074174054797666,0.042805828019176116,-0.011038980123063575,-0.047440848664720627,0.04298284033259908,0.02204145226957668,-0.05751798459876902,-0.009260475351939452,0.10058518279353357,-0.011038980123063598,-0.018149195646874748,0.024571348338585354,0.005875875765850524,-0.004127390870981559,-0.0069744775662473005,0.0044540226437073975,-0.023660293833119017,-0.04881859713930567,-0.03244008827719906,-0.01656142947198986,-0.05147108921687129,0.07923487829155822,0.05268476660232991,0.030728161081324867,0.021550475681583463,0.03785804741274699,-0.006443075207717645,-0.00987017275361823,0.024571348338585382,-0.0243975018237134,0.016428081956746807,0.03690490897771137,-0.019822199398808166,-0.03830146941915593,-0.02219265172047113,0.004454022643707384,0.048056167872574045,-0.03998964211984071,-0.01563836857789011,-0.0007273388519923586,-0.0110389801230636,-0.024855328058356562,-0.037956314647610685,0.037074300329104914,-0.016246082751090147,0.021458753492053218,-0.025495188868917308,-0.023292030129942593,-0.020439334020784124,-0.004868212244854871,-0.004024479823540803,-0.02333087066817047,0.015620564024191215,-0.00455430852634567,0.02442284252593686,0.0296675354189617,-0.021039192545871728,0.02714665342993419,-0.004930009996542096,0.03364904107977963,0.04256616609716078,-0.02299526971433298,-0.03470693722655792
LandContour_Low,0.01964066112168881,0.35947456730329824,-0.04656292016908583,-0.006969082040212334,-0.011805908966951382,-0.03288525045762016,-0.09006638808227373,0.05969584510587515,0.05833677620571434,0.003264833814694669,0.0037243445339588494,0.05060148419939617,0.09341900228956505,-0.004252385478476992,-0.004502616165713017,0.04552825032749518,-0.03432146602468146,-0.016736808631679367,0.06075786507833014,-0.06661372266694948,-0.05882423756194297,-0.02702694677467194,0.10664291193474897,0.09389656809501366,-0.09907247132987641,-0.029941372309214936,1.0,-0.4716333067330039,-0.0041626376672082455,0.10225233209901213,-0.028998404514656018,-0.008333847784260346,-0.009249322339102257,0.35113499856020314,0.4080684115744653,-0.005888877111146437,-0.016736808631679364,-0.009726697176732262,0.39640547140998145,-0.010162782928210524,-0.006194995785948148,-0.008143914649462384,-0.03802882982778902,0.030566164142994314,-0.01725788421265738,0.09298829602907986,-0.06786627865959675,-0.012522291354355383,-0.03647702873143479,-0.00029297503278776594,-0.03751720948551482,-0.04605233758836163,-0.02098651420161465,-0.03673926811579044,0.057085313023726984,-0.0397788400533549,0.04710306520806841,0.0017479941940958589,0.03722244077765812,-0.019241126170442834,0.03765626604051742,-0.011802063338397714,0.020713175520530234,-0.01385346480070737,-0.02140959017484996,-0.005888877111146439,-0.009320726428558506,-0.010213854753520636,0.01619973691840846,-0.004162637667208244,-0.005888877111146439,-0.004162637667208247,-0.0041626376672082455,-0.005888877111146437,0.007218637548718382,0.01710614064338712,-0.027697818074736428,-0.04627283960300886,-0.015645020159403767,0.053871933876746554,-0.011802063338397699,-0.013853464800707354,-0.04771087144245802,-0.025638621308859244,0.029921278072799366,-0.03349975316196421,-0.013853464800707323,-0.033964237736407235,0.05290282478125725,0.11352446430932325,-0.2457528171352444,0.16465544550290426,0.16465544550290434,-0.0041626376672082455,0.13937425193438885,0.06628072126974946,0.12786232987740664,-0.0041626376672082455,-0.005888877111146439,0.018630187214622656,-0.0041626376672082455,-0.033201088016877,0.01877033967735294,-0.004162637667208246,0.007103147908119308,0.10693728544118693,-0.005888877111146442,-0.02098651420161458,-0.08040405595677459,0.024366288714424138,0.011985710738911803,-0.007214846691788245,-0.011036019739136442,0.047103065208068486,-0.0041626376672082455,-0.03291606134857349,0.036666379184745246,-0.013204204888361274,-0.0034554865926699116,-0.004162637667208244,0.08195948889754136,-0.009320726428558511,-0.021409590174849953,-0.07828811981246919,0.014769133389756113,0.02948790205692163,-0.0573056196939716,0.040511655749724665,-0.0024387737102704865,0.12031765503541443,-0.00030781653764456714,-0.01219392793955198,0.04217267200845109,-0.008833315666719676,-0.0041626376672082395,-0.008247163330240639,0.07455694879211873,-0.052931726459208656,0.01417937779172673,-0.010213854753520605,-0.007214846691788243,0.003955326111105904,0.024686754325521067,-0.016947216744242308,0.008507030040305686,0.11352446430932334,-0.020551249116165182,0.27070412250866194,-0.04627283960300892,-0.1649151934962448,0.019765276327462413,0.036084578616877576,0.02366538441692801,0.011059823922824006,-0.061692523052924816,-0.024179161670536544,0.029675871572202354,-0.0033942685938460576,-0.007757996446833194,-0.012617129420938903,-0.006363636711352348,0.022260294283861483,-0.011036019739136451,-0.005888877111146442,-0.008333847784260355,0.043941001158250136,0.024478415889796382,-0.00416263766720824,0.014035436887841403,0.0061324728050598,0.010957427345377722,-0.007214846691788247,-0.004162637667208244,0.017082648414224865,0.02844222801777041,0.031992945302046695,-0.02758963308340521,-0.009320726428558516,0.007218637548718324,0.03401890900824091,0.02759955178691853,-0.004162637667208244,-0.04431247676913353,0.0352511010213546,-0.03377508973401223,-0.018738292224896543,0.0353229272307228,0.032908614495030734,-0.0182574897629416,-0.021710170268820026,0.043905317835023855,-0.03544842367463309,-0.02343653265851582,-0.008097811720424787,-0.029315649869024154,0.029675871572202334,-0.007214846691788244,0.014183278332309862,0.003955326111105899,-0.012522291354355373,-0.011036019739136451,0.007245807392119446,0.0392358379246987,-0.016741498208043566,-0.00588887711114644,0.008333847784260225,-0.031160217133561523,0.03259714855148687,-0.013853464800707335,-0.005888877111146442,0.009320726428558605,-0.0041626376672082455,-0.008333847784260358,-0.005888877111146437,0.04390531783502379,-0.009320726428558525,-0.00932072642855851,-0.04801181393387197,-0.007214846691788247,0.03597628002119087,-0.008333847784260339,-0.014474467578564361,-0.018738292224896532,0.02831724695253083,-0.03286788049319225,-0.049561432260816586,-0.014263205203479241,0.048914095200990305,0.03494428439326933,-0.011036019739136435,0.09148752650037907,0.022304609440323305,-0.06947555188778941,-0.003153686689953182,0.017886541304671464,-0.011036019739136453,-0.004162637667208243,0.05854699092210512,0.15899741790289967,-0.0041626376672082455,0.039346030958215615,-0.005888877111146437,-0.02690399890026701,0.10107091608244904,-0.009320726428558494,-0.000243475103169822,-0.017133240172952466,-0.024179161670536537,-0.06198025346320997,0.05061396199832366,-0.01960741963531991,0.0662807212697495,-0.02009074196803575,0.03444387192306519,-0.006775817178998186,0.008507030040305669,-0.0058888771111464365,-0.03055600695078305,0.006575224628259141,0.037729532362916526,-0.05134007699004939,0.043894528454582186,-0.05742478179426439,-0.00013117981949145057,0.03144265359166921,-0.0035908590992433636,0.02053877729095774,0.03465674547403874,0.0062157298945083655,0.07616210891726827,-0.014474467578564318,-0.008157190654957198,-0.02596688976537188,-0.03291606134857338,-0.016736808631679354,0.03549934702081269,-0.01873829222489653,0.01710614064338712,-0.0027091604131072727,-0.03376512232287202,-0.0132042048883613,0.008103053484448635,-0.009320726428558525,0.013058275503226904,0.03635887756018832,-0.002170809658991872,-0.025872081434091913,-0.013409595648064486,0.024980451761458355,-0.019666548756017407,-0.017257884212657403,0.010786310692457453,0.0589553475880478,-0.038683529582759016,-0.0011874309147142182,-0.021291000359172547,0.023022236888244407,-0.02899840451465595,-0.017764372778254014,-0.013853464800707323,-0.004162637667208243,0.009383600399205346,-0.02714916109014469,0.017442251607314087,-0.017882341958080625
LandContour_Lvl,-0.08212597137148397,-0.2568427836469782,0.01767153704613905,0.11832081862920359,0.0673127432878176,0.04508973704123085,0.041177042294048234,-0.026688542223646618,-0.06201683724545052,-0.06341922281960323,0.0701814374312268,0.008448150659669152,-0.044486994685586305,0.041723430004911605,0.019461317720293032,-0.027544579330838505,0.07277150602960085,-0.09490962127273926,-0.0029630545865658737,0.007922547429957053,0.11981240987015779,-0.024867499712531094,-0.10703999970565542,-0.10916857746707254,0.14275587383934038,-0.5585777823548428,-0.4716333067330039,1.0,0.008826004456815726,-0.040625367254757974,0.035847996621899574,0.017670185004508628,-0.01834533449891248,-0.464768353687245,-0.25706955685733773,0.012486134942289366,0.03548690983598032,-0.012520581953027375,-0.23330980292386086,0.07681760142828722,-0.19464491887927993,0.0018405911117677955,-0.01937885362993589,-0.07520659983926263,0.036591741860222744,-0.03768069619111976,0.1062965366077596,0.026550905492864915,0.07734192689678879,0.04360958361507246,0.06942458358199513,-0.02089521107012031,-0.14734951777969418,0.0675831486664107,-0.011245860067635435,0.08434272873750615,-0.09502759740068611,-0.1154184850147865,0.003207953139175951,-0.017134562602378032,0.010456665955682912,-0.005626159139503091,-0.02118108225762347,0.029373380978264734,0.028286651252939225,0.01248613494228939,-0.018966843594960644,-0.013710841889710765,0.0554027390032092,0.008826004456815766,-0.04868754631859141,0.00882600445681576,0.008826004456815754,-0.04868754631859151,-0.07590576649648581,-0.032878805410973114,0.058727442865726905,0.05594677138836584,-0.03647965892978267,0.0004153306464100691,-0.09757607343436674,-0.04912290253900165,0.04135877377944534,0.03996490745359014,0.028890701154756414,0.03528668208867709,0.0032079531391758748,-0.004630982543861218,-0.009355343707961481,-0.0486875463185915,0.1256845987319913,-0.07765699223413058,-0.07765699223413056,0.008826004456815728,-0.07528833037809042,-0.01896684359496064,-0.04907803121652632,0.00882600445681576,0.012486134942289374,-0.036045522797269004,0.008826004456815728,0.013856134353925452,0.023038132930318554,0.008826004456815771,-0.054062723758833635,-0.025745114745900605,0.012486134942289371,-0.060146317148014446,0.11155301558645546,-0.09084081539569272,0.011178734587946906,0.015297576716465089,0.02339957670840242,-0.02526503689534275,0.008826004456815728,0.02420068009067146,0.020271938523133953,0.027996760830626192,-0.05860044729397705,0.008826004456815787,-0.011516511809226722,-0.018966843594960613,-0.05725293207202184,0.1067707191801623,-0.09864386633924625,-0.01594328541526566,0.1150874791738168,-0.08769057166017061,-0.015496293303770626,-0.17578297724926706,0.07579624999442308,-0.030486528127533972,-0.035344491647899795,0.006787764633056615,0.008826004456815771,0.005768976827336719,-0.0013569398501317054,0.04112655754739221,-0.009798931639227683,-0.013710841889710725,-0.03466766267064683,-0.035915366710935946,0.041534484075009995,-0.01355678514334934,0.01792049993604527,-0.04868754631859156,0.013346462661751156,-0.22197235114851221,0.005348617623954901,0.1314878974649805,0.023270067653601824,0.018314176835213324,-0.05619447673976903,-0.0898500633871022,0.012901489283046854,0.020821625374344982,-0.013262439209868743,0.021948335728184377,0.018114297153927133,-0.028090158861034234,-0.019559979439964306,0.017161602680334932,-0.009355343707961499,0.012486134942289357,0.017670185004508638,-0.05024379654257786,-0.014656354985490625,0.008826004456815756,-0.041356956399869166,0.0761831873824941,-0.07128235491703357,-0.03466766267064677,0.00882600445681576,0.06665856731846743,-0.12656947396605361,0.031406905753175715,0.013622340341665973,0.019762655214329624,-0.013125752852600087,-0.022955643282953936,-0.010527288825852436,0.00882600445681578,0.033989582530645775,0.020821625374344906,-0.05012114241624117,0.039730638098264055,0.02725262545294,0.047736749189797846,-0.061109268308146676,0.03784536810778979,-0.06017017285072074,-0.03847174080451975,0.09017631447638541,-0.07702464779338583,-0.0012862614930102376,0.00995478051004532,0.015297576716465061,-0.010089869688619049,-0.006332046317160738,-0.002356120621663659,0.023399576708402474,-0.00494646416969092,-0.07876116630070111,0.12153691174031464,0.012486134942289385,-0.017670185004508367,0.06606873748889312,-0.0702426787849592,0.029373380978264727,0.012486134942289406,-0.01976265521432945,0.008826004456815742,0.017670185004508607,0.012486134942289402,-0.03126314673619227,0.019762655214329614,-0.018966843594960602,-0.004491298460120265,0.01529757671646507,-0.011333513456064308,0.017670185004508586,-0.11967074492595527,0.0007999457335221478,0.03692050921029325,-0.01005278767619597,-0.01645818261629176,-0.05678753362036233,-0.0631811711663634,-0.009718578319847867,-0.009355343707961481,-0.011163034246908366,-0.0234794308636347,0.05027145568924451,-0.0016814395770814881,-0.05428822790026644,-0.009355343707961516,-0.07765699223413057,0.00926451268764847,-0.12271591426924386,0.008826004456815825,-0.008307700164942007,0.012486134942289367,0.0015279263204090994,-0.08620892009348242,-0.01896684359496059,-0.0348928480109742,0.0606203693767762,-0.04006885644146598,0.03466497606789449,0.00042506198367059476,-0.0036256454994517615,-0.0189668435949606,0.04507657027956195,-0.04449032857832407,0.03285826367984666,-0.03693050615751043,0.012486134942289388,0.003746110077343806,-0.019027819657949297,0.03362511957616124,0.06408016315724249,-0.042921729191719764,0.07327430336675415,-0.029019836184966896,-0.05089301346963658,0.0007837492884432247,-0.019378853629935865,-0.04571532619516729,-0.06353115346726951,-0.02561583866425417,-0.044490328578324155,-0.05542637371196391,0.05895090648542828,-0.06698123715418101,-0.051444110903166154,0.02223236415233381,0.03973063809826399,-0.032878805410973114,0.008399187597022462,0.07159189531537224,0.027996760830626168,-0.06281230322177962,0.01976265521432963,0.027056883483664963,-0.025498892620551827,0.035514506056976154,0.0042976700027096025,-0.046101728362366735,-0.02771276680449185,0.04169881235116162,0.01550056810739009,-0.028169699838284767,-0.011196916770904803,0.05584979490506858,-0.002295973745192788,0.020882017809330137,-0.03429371778791004,-0.02824467429161181,-0.0033424398018983186,-0.04912290253900172,-0.07765699223413057,-0.05103441479823666,-0.011007408071966976,0.008016881931920381,0.04081830304360853
Utilities_NoSeWa,-0.009684441033505515,0.010123183947136086,-0.0018806812153168392,-0.011504602518427024,-0.03407977474666142,0.06345203422267463,-0.012638604464522573,-0.014233382855474225,0.012287014946219584,-0.00854548695398785,-0.02325415665695426,0.0063719565388315165,-0.019692086396920133,0.028198576073716328,-0.0022956812402709086,-0.014314296147248775,-0.005651216278606728,-0.0027558066815460197,0.013564816774682818,-0.01096831218233347,0.001681766804742925,-0.004450133961766882,-0.004450133961766881,-0.0021741442384047532,-0.03442439603293317,-0.004930009996542105,-0.0041626376672082455,0.008826004456815726,1.0,0.09980074354607225,-0.004774745214234102,-0.0013722134196707807,-0.04203878372298808,-0.0056512162786067095,-0.0024814742026844456,-0.0009696356842476744,-0.0027558066815460166,-0.005324910884747069,-0.00366083252007331,-0.008858951738437832,-0.00498083259659544,-0.007099093560413936,-0.006261653917248717,-0.004221538613690467,-0.002841604613472636,-0.004878731159947838,-0.011174552347320137,-0.0020618634616685508,-0.006006141416396618,-0.004450133961766882,-0.006177412841863215,-0.007582768162061817,-0.0034555438454198853,-0.006049320559056111,-0.005372535479949057,-0.0065498026305739,-0.0034555438454198758,0.16015125782047346,-0.0022810484185192673,-0.0063450161289721925,0.010430426793999118,-0.0019432739968373671,-0.003006195110681859,-0.002281048418519269,-0.0035252056082745193,-0.0009696356842476752,-0.0015347083625049964,-0.0016817668047428935,0.0026673748993303937,-0.000685400959561345,-0.0009696356842476746,-0.0006854009595613445,-0.0006854009595613443,-0.0009696356842476752,-0.0038560005446603633,-0.005031212937271013,-0.004560596574554111,-0.007619075019517854,-0.002576037764248543,-0.026037101401181116,-0.0019432739968373654,-0.0022810484185192647,-0.017334820079736777,-0.004221538613690468,0.12128379551779031,0.013842829614158222,-0.002281048418519269,-0.012921749636099756,-0.0018171407467263553,-0.0009696356842476742,0.003525205608274489,-0.0006854009595613448,-0.0006854009595613446,-0.0006854009595613444,-0.0022810484185192647,-0.001534708362504995,-0.001681766804742895,-0.0006854009595613443,-0.0009696356842476746,-0.004930009996542106,-0.0006854009595613444,-0.005466739938600009,0.06182387028205932,-0.0006854009595613444,-0.011027392985252958,-0.007399389449496118,-0.0009696356842476739,-0.003455543845419878,-0.019326804978071606,-0.01061102153640081,-0.003525205608274519,-0.00118796379627155,-0.0018171407467263583,-0.003455543845419885,-0.0006854009595613444,-0.005419808745550291,0.06441139674453165,-0.002174144238404753,-0.010849762198506809,-0.0006854009595613451,-0.008593277194535114,-0.0015347083625049977,-0.003525205608274512,-0.01900897397682443,-0.010339601285233223,-0.004279710124597734,0.039538971642545696,-0.03188173396222223,-0.008115685828958842,-0.0025760377642485366,-0.018550222904885033,0.020472135038167232,-0.0036608325200733036,-0.008726721158229032,-0.0006854009595613451,0.009755248629354932,0.029882556462816606,-0.02335496504327152,-0.0033845486021890085,-0.0016817668047428935,-0.0011879637962715496,-0.004102975692480471,-0.022429032789825505,0.027808705736221052,-0.005651216278606719,-0.0009696356842476759,0.007546340883836749,-0.008322484427420755,-0.007619075019517858,0.01801034151950239,-0.008792984229363452,0.041335012438132555,-0.006049320559056111,-0.008288247534334289,-0.017953791199750997,-0.003981230636748935,-0.0025760377642485358,-0.004722006332554305,0.13358821119140488,-0.07309462598183233,0.003919071974872501,-0.0029250007138830717,-0.001817140746726359,-0.0009696356842476742,-0.0013722134196707807,-0.0048787311599478396,0.058879713154733705,-0.0006854009595613452,-0.016859876533275725,0.006906656085580699,-0.0035936116369826706,-0.0011879637962715472,-0.0006854009595613454,-0.08555747920617544,-0.004337181719265881,0.031972696293677515,-0.0263600979873012,-0.0015347083625049985,-0.003856000544660359,-0.00404251881413219,-0.002667374899330422,-0.0006854009595613451,0.00709909356041396,-0.003981230636748933,0.015805664849522894,-0.0030853618542539462,-0.01367611719902299,-0.03578522245913222,0.22799616602592432,-0.006630352749378732,-0.0020618634616685473,-0.015722730689834118,0.04105960861691347,-0.024646992422542147,-0.004826981389391316,-0.002576037764248534,-0.0011879637962715485,0.005786383221250489,-0.00410297569248048,-0.0020618634616685516,-0.001817140746726358,0.005081164323863708,-0.0037919706103394994,0.007834487246047375,-0.0009696356842476744,0.0013722134196706285,-0.005130699434093792,0.007975904909222719,-0.0022810484185192656,-0.0009696356842476746,0.0015347083625049602,-0.0006854009595613446,-0.0013722134196707807,-0.0009696356842476753,-0.0020618634616685477,-0.0015347083625049962,-0.001534708362504997,-0.00790540661268422,-0.001187963796271549,-0.06707829373952753,-0.0013722134196707794,-0.0023832999075658534,-0.0030853618542539467,-0.055982220103933264,-0.008010999925671865,-0.022840718869156514,-0.01067091983021945,-0.003384548602189013,0.08911339587611283,-0.001817140746726357,-0.004930009996542113,-0.014921863748068996,0.02364809979092805,-0.010820041563130893,-0.003162653435841257,-0.0018171407467263568,-0.0006854009595613451,-0.0214982334515902,-0.002667374899330416,-0.0006854009595613451,0.1087343853269662,-0.0009696356842476741,0.029225246652764228,-0.007655263288873451,-0.0015347083625049964,0.02922524665276427,-0.027580359124843922,-0.003981230636748938,-0.015225556030632208,0.0230005015321272,-0.009848642412709446,-0.001534708362504997,-0.019910326354183005,-0.002383299907565852,0.005786383221250465,-0.0056512162786067095,-0.0009696356842476745,-0.005031212937271013,-0.007325140422603417,-0.00855971909449199,-0.010550975584685315,-0.011986129886989725,-0.011437603779197543,-0.007905406612684223,-0.005559611258532556,-0.0066703501166757995,-0.00626165391724871,-0.005372535479949056,-0.005830869671712123,-0.0013722134196707807,-0.002383299907565848,-0.008660154807472394,-0.013285926280496416,-0.005419808745550287,-0.002755806681546019,-0.005324910884747052,-0.0030853618542539415,-0.005031212937271013,-0.006590171425590697,-0.005559611258532544,-0.0021741442384047554,-0.003791970610339502,-0.0015347083625049962,-0.00345554384541988,-0.005276925300178234,-0.029675189676157187,0.05731991672857045,-0.01058101723207172,-0.005962712492266397,-0.0032382043469266287,-0.0028416046134726422,-0.006984097494435168,-0.012611871170170182,-0.016137733779981463,0.04854066340545393,-0.010034112259086157,-0.006092255364600984,-0.0047747452142341135,-0.002925000713883078,-0.002281048418519265,-0.0006854009595613451,-0.014120139929614839,-0.013425492577827765,0.04769912719940786,-0.009661394471344311
LotConfig_CulDSac,-0.09753724480630496,0.17943979139769697,0.07602724857610943,0.11154637738581505,0.08378396554618606,0.05205406161850928,-0.02916688836975626,0.0746017060714487,0.08835244350220885,0.07593977441682985,0.054734150823512275,0.0772171080818541,0.08510454281055632,0.030207406311885985,0.07096678366948965,0.14181753652525775,-0.04309430631348091,-0.027613087674780913,0.12908701367794595,-0.10990210886825742,0.016851245241139123,-0.044590188445965934,0.1918974741994786,0.045887237452807116,-0.3391394279116091,0.04267192142119339,0.10225233209901213,-0.040625367254757974,0.09980074354607225,1.0,-0.04784278197316116,-0.013749531024659213,-0.4212271595309427,-0.0025022500440085855,0.12367031801262353,-0.009715716033719197,-0.02761308767478089,-0.05335542297126139,0.08540414623305273,0.03991339812223382,-0.019509211882810455,-0.026939607710295337,0.023606235769729207,-0.04229967096128521,-0.028472779986462003,0.09057363864686355,-0.05786369296124475,-0.0206598006027551,0.04225497592431323,0.0905456187800024,-0.061897463108693804,-0.07597907483085307,-0.034624429865341214,0.041164527752544165,0.0028537306548858717,-0.006364791687174092,0.09444365763269631,0.009700195512733155,0.07396157057577216,-0.05138585332457775,-0.001000651747720532,-0.019471538265045777,0.0683731639144423,0.0739615705757722,0.027980458506152935,0.06573612124941945,0.032391377631296375,-0.016851245241139103,0.026727004274262302,-0.0068676939189830045,-0.009715716033719195,-0.006867693918983013,-0.0068676939189830115,-0.0097157160337192,-0.03863699214706018,-0.03535481243492264,-0.045697020007158064,-0.024336248420082435,-0.025811809338467724,-0.01530694254356361,-0.019471538265045756,-0.022856026292692254,0.02636764981209162,0.06424004083309627,0.03808980622546387,-0.05714525260229284,-0.022856026292692243,0.032248469164481326,-0.01820768745963787,-0.009715716033719209,-0.09128335533308977,0.09980074354607212,0.09980074354607214,-0.006867693918983013,0.10623410286525978,-0.015377724734049759,-0.016851245241139106,-0.0068676939189830115,-0.009715716033719195,0.011981771039448384,-0.006867693918983012,-0.026881966891819896,0.11430004791388425,-0.006867693918983015,-0.07929073460488398,0.043147037942198395,-0.009715716033719207,-0.03462442986534111,0.022441612855883315,-0.05822346721380762,-0.01422147271180501,-0.011903356168114469,-0.018207687459637887,0.008398265967338062,-0.006867693918983012,-0.040248283395168075,0.09338359226193448,-0.02178485010385791,-0.0771527401387671,-0.006867693918983003,0.08342083683413244,0.03239137763129636,-0.03532243832078388,0.026711368143453117,-0.06276121908975582,-0.02535496648872815,0.038492616339856595,-0.034950984833232654,-0.012246495285022476,-0.02581180933846775,0.06259504281635284,-0.05941666423881782,-0.03668141528808661,0.02418593140308825,-0.006867693918983,-0.004603444666297284,0.0291694063878295,0.02440279368069898,0.009981503470064794,-0.01685124524113907,-0.011903356168114452,-0.04111167458974259,0.08026693496940425,-0.08480749942824146,0.051620491648621265,-0.009715716033719199,-0.018759874931555398,0.08092820421010105,0.038071695420644265,-0.1064046455921932,0.032095899726128634,0.04375675862233674,0.002997586271565416,-0.0345557075198325,-0.04826687803389738,-0.0023405243030096504,0.06009679621053572,0.000612766663115976,0.022524541850448037,-0.03791004157372371,0.039268965697268565,-0.02930840602938764,-0.018207687459637887,-0.009715716033719209,-0.013749531024659218,-0.03338934464296135,-0.03395074371422405,-0.006867693918983002,-0.02180136440788182,0.057889953005375416,-0.036007864363492494,-0.01190335616811445,-0.0068676939189830045,0.06032200770087202,-0.043458410881113865,0.06416976929231506,-0.04086728212056709,-0.015377724734049794,7.955454800355077e-05,0.03350988620723432,0.02862253649229502,-0.006867693918983003,-0.028301722706883303,-0.0023405243030096856,-0.09391740212301487,-0.00690659150371469,0.08736618609493846,0.09821536140057652,0.01912559641810005,0.015645205944021728,-0.020659800602755112,-0.11328174113323544,0.03589115514982306,-0.07921596451290404,-0.04836618664231672,0.060096796210535916,-0.01190335616811445,0.018250073838511675,-0.041111674589742554,0.08630228762427475,-0.01820768745963787,0.00615208364041674,-0.018324029648793184,0.05818003507847553,-0.009715716033719205,0.013749531024659185,-0.021835841829840816,0.019856157517762714,-0.022856026292692254,-0.009715716033719204,-0.03239137763129621,-0.006867693918983013,0.03963960540087915,0.06573612124941931,-0.020659800602755084,-0.015377724734049802,0.03239137763129634,-0.018704728616793374,-0.011903356168114453,0.011749638008679873,0.03963960540087916,0.03793794694925574,-0.03091521911186571,0.013588641303898514,-0.020426138507996343,-0.01479349833484434,-0.07498556984354951,0.05387606692275946,0.015803522306236786,0.02219234854502974,0.04267192142119345,-0.05870119980513656,0.029373213220566366,0.018074821930748754,-0.03168967808723034,-0.01820768745963788,-0.006867693918983002,0.05771121581294716,0.0009477661090163915,-0.006867693918983003,0.03493972781561606,0.0657361212494193,0.0626132052321315,0.047612740717180614,-0.015377724734049754,-0.03846019977403651,0.025448845027276595,0.03521074473428806,-0.06907975017272228,0.05598926935376622,0.045275651753280216,-0.015377724734049776,0.05533974756541049,-0.023880582677879753,0.03149316916864445,-0.04309430631348097,-0.009715716033719199,-0.035354812434922715,0.0018857687043144767,0.018157934121930702,-0.04937588638020143,0.04210742838444942,-0.023321025165170598,-0.008620199894297681,-0.028239235398962073,0.014811761916920772,-0.0010645618135239775,0.017025318260781845,-0.05842511252454086,-0.013749531024659232,-0.023880582677879753,-0.049336301774803575,0.08816551101668717,-0.05430629625568137,-0.027613087674780868,0.03237339310141831,0.08912791892888922,-0.03535481243492264,-0.0070894140971207754,-0.0419731740007224,-0.021784850103857934,-0.037995414418821094,-0.015377724734049802,0.008398265967338054,-0.052874609072849,0.012044192539677707,0.00572563175483565,0.014469971594810673,-0.021080653249381593,0.013367787550725974,-0.002458850837379097,-0.03636402811450766,-0.005035266092768772,-0.011759032522664999,0.018821132817357686,-0.008682553939289362,0.07801533830592595,-0.01622193014843715,-0.029308406029387633,0.009416505996795848,-0.006867693918983002,-0.034613682765223294,-0.024554584939975258,0.021425620725543652,0.014888832925564952
LotConfig_FR2,-0.0473240175815429,-0.002166945808395663,0.012159489734345759,0.0725399226149012,0.05082375858997953,0.008344126638111193,-0.03631065672579661,-0.016875184022473157,-0.03355184264872708,-0.029369470716933573,0.061971988696961064,-0.0015081232190347737,0.006054896970027614,0.03807980950445772,-0.00855954598704863,-0.006858890782775965,0.017074660854130563,-0.019197922880772593,0.018498646285053072,-0.02196967780725159,0.011715781675507393,-0.031001205265668085,0.08643979029187046,-0.015145856819374113,-0.022367790750100043,0.008330293196457214,-0.028998404514656018,0.035847996621899574,-0.004774745214234102,-0.04784278197316116,1.0,-0.009559323439923566,-0.2928570183532039,-0.03936836898820281,-0.017286825920255416,-0.006754824717308874,-0.019197922880772607,-0.01722763620406941,-0.025502652588230226,0.02774967972017279,-0.01356372563626454,-0.034092240709191056,0.024988322082792818,-0.029408729315645216,-0.019795621584200136,0.05219795672945552,0.01888176645841028,0.035213061527710005,0.01157301569065184,0.039463392068855054,0.00904915848121497,-0.052824241762986536,-0.024072539158763718,-0.00676108995286789,-0.03742698009586574,0.03677803130214689,-0.024072539158763697,-0.02981397261073347,0.11873374411624989,0.10836190053196017,-0.040196020898744717,-0.013537533157647044,-0.020942217132244246,-0.01589058910383152,-0.024557827608050666,-0.006754824717308874,0.05573135214671243,-0.011715781675507313,0.018581875845778188,-0.004774745214234099,-0.0067548247173088724,-0.0047747452142341005,-0.004774745214234102,-0.0067548247173088724,-0.026862261994036987,0.006826277570476185,0.06003582673780516,0.004774765780549683,-0.017945589096350162,0.004879848409159157,-0.013537533157647037,-0.015890589103831496,0.00568726145338718,-0.029408729315645196,0.0547033474156861,-0.02564413544472703,0.07385896637622257,0.0175320446206479,-0.01265884437858728,-0.006754824717308875,0.02455782760805067,-0.004774745214234098,-0.004774745214234098,-0.0047747452142341005,-0.0158905891038315,-0.010691320615899905,-0.011715781675507315,-0.004774745214234102,-0.0067548247173088724,-0.03434419124855182,-0.0047747452142341005,0.0007040152795999445,0.05244985942419893,-0.004774745214234101,-0.0117385618903093,-0.007067877376905733,-0.006754824717308874,-0.02407253915876369,0.03590514772871797,-0.040479704645371144,-0.024557827608050663,0.07741665141904253,0.04351718234705832,-0.024072539158763735,-0.0047747452142341005,0.0013388759703601206,0.05936254150388469,-0.01514585681937411,-0.02072565879463841,-0.0047747452142341,-0.03367226891008258,-0.010691320615899912,-0.024557827608050628,0.047137481353357435,-0.04931351431523381,-0.029813972610733444,0.030976809845098513,-0.032211569436197594,0.012066683359236205,-0.017945589096350172,0.027066988933207237,-0.025315758848805322,0.002790563809046489,-0.02198911024996294,-0.004774745214234098,0.020519147935081524,-0.05017973672096496,0.07164660021521335,0.0069396126977671665,-0.011715781675507282,-0.008275775473908243,-0.028582778122061673,0.0558053646722736,-0.07062467714485338,-0.02055402570742503,-0.006754824717308877,0.023409041955879232,0.009224090396699466,-0.024151201188755453,-0.007496223325686881,-0.022684440577990257,0.03900618326709543,-0.024451396998005973,-0.05773886029321845,-0.025237864588910107,-0.02773465905525604,0.021872891269411592,0.011533087186471997,-0.015181308675917885,0.016426983123605316,0.02730163985798602,-0.020376588280796776,-0.012658844378587289,-0.006754824717308874,-0.009559323439923566,-0.03398696475768626,-0.018377883099592207,-0.004774745214234099,-0.015157338343599672,0.0481142061897505,-0.025034368169663052,-0.008275775473908243,-0.0047747452142341,0.05580745550868745,-0.006148362703590679,0.0010735954346629427,0.002631313029378541,-0.010691320615899922,5.531007960335894e-05,-0.02816161415003301,-0.01858187584577815,-0.004774745214234101,0.03409224070919102,-0.0016272430522425807,-0.03021508238962749,0.011890143330005707,0.03710265043501891,0.011283055470166215,-0.0209422171322442,0.035334428642883116,0.03521306152771003,-0.030403950536068314,-0.02212722661579621,-0.008424690034923703,-0.011864654356950928,-0.017945589096350165,-0.00827577547390824,0.02189553881447839,-0.028582778122061676,-0.014363669263472854,-0.012658844378587296,0.035397185690596085,-0.026416206851858717,0.04044950857333201,-0.006754824717308874,0.009559323439923509,0.005379647415770534,-0.00011440556875670552,0.028984188636195563,-0.006754824717308877,0.010691320615899773,-0.0047747452142341005,-0.00955932343992357,-0.0067548247173088724,0.03521306152771003,0.05573135214671257,-0.010691320615899917,-0.027026892308729053,-0.008275775473908245,0.013897337012592988,0.06467797561480206,-0.01660290909866483,-0.02149372063501026,0.034728439183050845,-0.014201216337955456,0.005381321983926973,-0.06323545369695194,0.03745718660963497,-0.03923213055677,-0.01265884437858729,-0.03434419124855183,-0.013752220893040285,0.039924263132271896,-0.020412043220150288,0.010558472339270947,-0.012658844378587287,-0.0047747452142341,-0.0073483997569791055,-0.018581875845778157,-0.004774745214234102,0.04134268852048858,-0.006754824717308874,0.016204044636729836,-0.053329268426533516,-0.010691320615899901,-0.061874850312529255,0.07209302984767361,-0.027734659055256006,-0.06142114305088331,0.05066540742760811,0.0020404499741365043,-0.010691320615899898,0.01431428285980506,0.026376252752488772,0.003481087968200407,-0.0017396824266472032,-0.006754824717308872,-0.014111464557454944,0.038697212191829436,-0.020218601306223452,0.038422104514067086,0.008770584413804247,-0.005636459922000075,-0.013004410869232116,-0.00053628465327548,-0.030249200513184527,-0.0093162855720051,0.001984048349834944,-0.022332802379491572,-0.009559323439923577,-0.016602909098664825,-0.021286542287933596,0.003602596414172712,-0.03775630236415546,-0.019197922880772593,0.06224266034550823,-0.02149372063501024,0.006826277570476185,0.019659444458329435,0.03765764675073277,-0.015145856819374099,-0.02641620685185874,-0.010691320615899945,0.005838871200210796,-0.016726975946051624,0.03575025198953407,-0.021690053436117792,-0.006694054589800467,-0.005695567318997227,-0.022558475433263774,-0.01979562158420013,-0.01749142324365947,0.031234890209517637,-0.008175434858333368,0.003797738609163682,0.034604618707105475,-0.024862484633015887,-0.033262561924982295,-0.02037658828079676,-0.01589058910383149,-0.0047747452142341,0.003797738609163722,-0.017071507308382382,0.028695793458290746,0.004377873254154252
LotConfig_FR3,0.005823073261471924,-0.009511078489306166,0.04362479713023734,0.018197070954498316,0.0428801534824432,0.0012715217568767111,-0.007296489491411139,0.012258797196168087,0.005136686039933176,0.0022486622217826346,0.003758160022650711,0.022689009446544946,0.0009435207424842091,-0.015360464925246082,-0.0045960901589666625,0.018185562475503302,0.05221878717708689,-0.0055172886143258874,-0.06908041734840398,0.05157392975789209,0.003366997005230332,-0.008909432437295358,-0.008909432437295353,-0.004352765864448564,0.012666320478117003,-0.009870172753618222,-0.008333847784260346,0.017670185004508628,-0.0013722134196707807,-0.013749531024659213,-0.009559323439923566,1.0,-0.08416414124695833,-0.011314070555035513,-0.004968058701974553,-0.0019412682161517036,-0.005517288614325888,0.05642865256358647,-0.0073292040828580015,-0.017736147418702525,-0.009971922616735402,-0.014212806847152554,-0.012536202954956275,-0.00845177097661471,-0.005689061168664086,-0.009767509477855098,-0.022372117336427376,-0.004127973082268798,-0.012024651756097019,-0.008909432437295361,0.10488322597230607,-0.015181152119910736,-0.006918203966304114,-0.012111098963648589,-0.010756135048252244,0.04254131589720333,-0.00691820396630409,-0.008568233795634652,-0.004566794380933164,-0.01270309905281642,-0.017227925379245144,-0.003890549931917399,-0.006018581117345415,-0.004566794380933169,-0.00705767095200578,-0.0019412682161517058,0.22122556355827855,0.20145865414628195,-0.12460566849063585,-0.0013722134196707805,-0.0019412682161517045,-0.0013722134196707803,-0.0013722134196707807,-0.0019412682161517047,-0.0077199420570219,-0.010072787050317248,-0.00913058514728798,0.08242426151156755,-0.005157380567343929,0.0002872056367493663,-0.003890549931917397,-0.004566794380933162,0.02222701494785647,-0.008451770976614712,-0.011314070555035534,-0.03570696734026595,-0.004566794380933171,0.040161989037854916,-0.0036380236754910964,-0.0019412682161517045,0.00705767095200574,-0.0013722134196707798,-0.0013722134196707788,-0.0013722134196707796,-0.004566794380933166,-0.003072577271642756,-0.003366997005230339,-0.0013722134196707807,-0.0019412682161517052,-0.009870172753618227,-0.0013722134196707798,-0.010944737968266212,-0.022195527607869303,-0.0013722134196707803,0.01455107661602549,-0.014814017048454685,-0.0019412682161517045,-0.006918203966304097,0.01615356000645129,0.016396987064822382,-0.007057670952005787,-0.002378374060593892,-0.003638023675491105,-0.006918203966304111,-0.0013722134196707798,-0.010850778933039294,-0.021303891687262277,-0.0043527658644485654,0.015327112589142116,-0.00137221341967078,-0.01720425120624094,-0.0030725772716427603,-0.007057670952005761,0.01706528450179205,0.017653214633816045,-0.00856823379563463,0.022227014947856415,-0.03711165840052022,0.03008434475934375,-0.005157380567343918,0.0461949983343822,-0.040024654535002736,-0.007329204082857979,-0.017471413945365267,-0.0013722134196707803,0.019530587015800134,-0.04592021507190147,0.032376500795220524,-0.006776067273708072,-0.003366997005230338,-0.0023783740605938914,0.07745006627130849,0.008137988045525655,-0.04934474235107817,-0.011314070555035522,-0.0019412682161517067,-0.03412839557238511,-0.016662108006993106,0.03358521045357704,-0.04812828571504747,-0.017604076548431137,0.05376702121566389,-0.012111098963648573,-0.01659356371407129,-0.007850845222003912,-0.00797066013745838,-0.005157380567343915,-0.009453737067202761,-0.010271964924394963,0.018773109530813466,0.007846214805444058,-0.005856025113687817,-0.0036380236754911047,-0.0019412682161517039,-0.0027472527472527522,-0.0097675094778551,-0.023305368626111517,-0.0013722134196707803,-0.033754473947279,0.01382753559573398,-0.007194623883381578,-0.0023783740605938858,-0.0013722134196707805,0.016038497538760223,-0.008683295340783301,0.010546473747666978,-0.026566745746192943,-0.0030725772716427625,-0.007719942057021883,-0.008093362707828698,-0.005340242935312967,-0.0013722134196707805,0.014212806847152615,-0.007970660137458374,0.0316438795580543,-0.006177077638842513,-0.027380398710705457,-0.016649164036260124,-0.006018581117345407,-0.01327435990995901,-0.0041279730822687925,0.02789896452946846,-0.004514080104900092,-0.023089886726962276,-0.009663903364335818,-0.005157380567343916,-0.0023783740605938892,0.011584682800326731,0.07745006627130835,-0.0041279730822688,-0.0036380236754911003,-0.05988511924555748,-0.007591750326458868,0.015685108672952686,-0.0019412682161517045,0.0027472527472527843,-0.010271964924394954,0.015968235231911636,-0.004566794380933167,-0.0019412682161517047,0.003072577271642642,-0.00137221341967078,-0.0027472527472527544,-0.0019412682161517047,-0.004127973082268792,-0.0030725772716427577,-0.003072577271642759,-0.015827093456102045,-0.0023783740605938923,0.02045689213561745,-0.002747252747252749,-0.00477150793362624,-0.006177077638842523,0.024511593450977982,-0.016038497538760275,0.007174515164425028,0.016125571998556527,-0.006776067273708083,-0.015398508901831759,-0.0036380236754911008,-0.009870172753618237,0.0005841374327211426,0.021002082159773193,-0.021662365695878403,-0.006331819974700301,-0.0036380236754911003,-0.00137221341967078,0.03711165840052021,-0.0053402429353129645,-0.0013722134196707805,-0.012619866434564432,-0.0019412682161517036,0.005778832510964218,-0.015326291668497485,-0.003072577271642757,-0.046953014151584246,0.049753283249843815,-0.007970660137458388,-0.030482467256179792,0.019621239341963415,0.020044377417099142,-0.0030725772716427603,-0.012666320478116987,-0.004771507933626241,0.011584682800326714,-0.011314070555035515,-0.0019412682161517043,-0.010072787050317245,0.035833300157829324,-0.017137065897298118,-0.02112367963008101,0.01062315296962925,0.012819392358521845,-0.015827093456102045,0.05335655402146577,-0.013354437014303387,-0.012536202954956256,-0.010756135048252229,-0.011673747315725206,-0.0027472527472527535,-0.00477150793362623,-0.017338144158487185,-0.02659921332255173,0.055158126242949704,-0.005517288614325889,-0.010660787780742711,-0.006177077638842507,-0.010072787050317248,0.04215986476822324,0.05335655402146575,-0.004352765864448568,-0.007591750326458876,-0.0030725772716427586,-0.0069182039663041005,-0.010564717791085523,0.019827952204237897,-0.023939557103138845,-0.021183824792000556,0.04857982513978207,-0.006483077384853411,-0.005689061168664095,-0.013982577894677209,-0.025249714966758246,0.05569634324247036,-0.028269358583109045,0.019122043657231805,-0.012197056993788103,-0.00955932343992359,-0.00585602511368783,-0.004566794380933166,-0.00137221341967078,-0.028269358583109094,0.03766545329483342,-0.028768103322607784,-0.019342685418468803
LotConfig_Inside,-0.11023437795420671,-0.13277307653979625,-0.044691441196235165,-0.018792938849336284,-0.029862367306596034,-0.037462253732680084,0.0014550966212725333,-0.04414553126576967,-0.062335161340608354,-0.08542191735187182,-0.014607894520119033,-0.07010232970807927,-0.04511351458889481,-0.059632629210013006,-0.024271922202133662,-0.08053786914590563,0.04562057721151324,0.036231389467449464,-0.09473003559981459,0.0681842190390635,0.007713406486614421,0.04118380479342041,-0.14359909317337025,-0.022309545115219286,0.2581595858923822,-0.017016067556227206,-0.009249322339102257,-0.01834533449891248,-0.04203878372298808,-0.4212271595309427,-0.2928570183532039,-0.08416414124695833,1.0,0.03821990579720111,-0.05471015951790098,0.02306526493813484,0.0655539108768042,0.017257150161089856,-0.01308063439933669,-0.005440488017842863,0.0187220444843906,0.01779758394135734,-0.04671075606292012,0.022723571883367717,0.06759483414642078,-0.05345222800707004,-0.013203897775231895,0.010044421481956164,-0.018209104643412723,-0.0881642237833331,0.037681228503411664,0.0033020335044673505,0.04690175333644102,-0.016147599719221147,0.027033692533942996,0.02614491642455452,-0.023692638283356746,-0.032411236741171204,-0.06930071173710163,-0.08244469788021777,0.08927252721784082,-0.01580512523730285,-0.022766612360602102,0.0013057356712503705,0.03769094667187668,-0.059472202732641824,-0.09413070120371538,-0.0315726723138533,0.02737073263339615,0.016304014980018176,0.02306526493813484,0.016304014980018197,-0.04203878372298808,0.023065264938134832,0.028196249411427003,0.012613361665950989,0.0723731055545918,0.061769083366819466,-0.0013731685681996517,0.024062766759195976,0.004871830718308379,0.0013057356712503775,-0.02534622095688757,-0.0064126239155639225,-0.03578680834592032,0.036401921933630906,0.0013057356712503222,-0.02337041996283033,-0.023065622949206367,0.02306526493813488,0.08926303897207055,-0.04203878372298804,-0.04203878372298804,-0.042038783722988075,-0.05164909988501354,-0.04187563513625362,-0.007713406486614261,0.016304014980018194,-0.018203468897253484,-0.017016067556227234,-0.04203878372298808,0.030869440666876975,-0.09335615122362141,-0.04203878372298808,0.057512859326579215,-0.004777415394310173,-0.01820346889725349,0.011604557526542077,0.01570966680742905,-0.001898002361301628,0.014608403827522695,-0.005448583969062656,-0.02306562294920642,-0.0001611744100908641,-0.04203878372298808,0.044343962366920335,-0.07505939083118723,-0.02230954511521934,0.06388385269110809,0.01630401498001816,-0.037695894262872065,0.010379430931208173,0.0030671324053456544,0.012340577862596248,0.009167883147724397,-0.0132376526074151,-0.005450800205782275,0.005235323293072413,0.004155002242734497,0.014289535412827207,-0.02468017457487996,0.0194506723321664,0.00917778777202883,-0.046808920021508965,0.016304014980018128,0.033857117787868554,0.0005315301899849636,-0.006743061843995867,-0.015523198025291606,-0.03157267231385322,-0.00544858396906267,-0.01216579786873252,-0.007101232260951393,0.03273655032556616,-0.043187479760232496,-0.018203468897253505,0.03843479200239089,-0.008212605045279263,-0.057701021101177245,0.05209521744027438,-0.023471328438799073,0.02975199412422385,0.011686515499271044,0.06454186804971614,-0.01471287537800974,0.02281780884804143,-0.04836128051128007,-0.0012688032689810798,0.00881892342638471,-0.001870635629892048,0.01102478811844153,-0.013415486270860361,-0.0009686350844810975,0.02306526493813485,0.003440169271501123,0.005874636701037663,0.01376521096265935,0.016304014980018156,-0.0013228871527577039,-0.021956528708762704,0.028835851252945084,0.02825875753446052,-0.04203878372298807,-0.04326881173354663,0.036906052693439495,-0.0225483453933559,0.0073184215214602754,-0.015748102102522737,0.017608151638617443,0.005074273927894075,-0.012233888070987813,0.016304014980018194,-0.017797583941357383,-0.03879871566146641,0.08284184600966926,0.03399833152720673,-0.07636280115857114,-0.016787570915486296,-0.04970279878400488,-0.021858684841840913,-0.009456715969714046,0.03855266337323046,0.013228673235161808,0.02661991819409358,-0.02213890145452672,-0.001373168568199608,-0.005448583969062694,0.014466900490197934,-0.022144486008254673,-0.028957853421384336,-0.023065622949206346,0.03418570508934521,0.047164298186206766,-0.06410045518452467,0.023065264938134853,0.025761267567985052,0.0007312172690218476,0.034756337199333194,0.018957347523338282,0.02306526493813487,-0.010379430931208296,0.016304014980018187,0.0034401692715011396,-0.01820346889725342,-0.02895785342138426,-0.04187563513625369,-0.01574810210252278,0.03912425837041636,0.028258757534460527,-0.013223443037573099,-0.02576126756798533,0.022880951726220393,-0.005396560559874098,-0.004838669457525288,0.037813503863859406,-0.014376221084371619,-0.021284534479922547,-0.027527365989765032,0.013638355166303233,-0.04516261081393155,0.024949234187171047,0.0462794203495633,-0.02553212063493892,-0.032329764946474875,-0.02732508946387733,0.0211283527802441,0.016304014980018187,-0.03013295198325411,0.018039801053829414,0.016304014980018197,-0.017732289642079683,-0.018203468897253477,-0.0195213944541432,-0.05588747367339596,0.010379430931208081,0.014262398103350286,-0.013391734987735349,-0.018259874158297027,0.0917331009195974,-0.08844660029985649,-0.01583660430559799,0.010379430931208161,-0.042744527164900965,0.022880951726220393,-1.9844856639575707e-05,0.008617220139952532,-0.018203468897253453,0.03732110947313572,-0.0434006394674378,0.03308634532228357,-0.008768928870994352,-0.033466278247301307,-0.02749452236682353,0.06118737819305369,0.06464299928495389,0.005558216116269976,-0.019723140767366767,-0.003971170859267361,0.03799626947365337,0.00344016927150116,0.005974985369802493,0.011472713618061656,-0.06219655452406895,0.028965771142287655,-0.007752392646582877,-0.045262550174371835,-0.04479145264695487,0.012613361665950989,0.06004520190905616,0.04961931591086419,0.05171758185800849,0.02564558713874998,-0.04187563513625365,-0.011926906346723807,-0.008441750921685112,0.056705013727967615,-0.018491185366151047,-0.042671654888418294,-0.006199634565959798,0.001853638393754387,0.053366394432785416,0.019041506239255726,-0.027914960980095146,0.04558332008140355,-0.00022019906434183673,-0.026228793450564572,-0.041771023358493246,-0.007486677275269979,0.00041686539259738514,-0.016345876180837653,0.016304014980018187,0.0034331035940570586,0.08252802913329557,-0.0236855465712758,-0.038045994160660374
LandSlope_Mod,0.06086998168171838,0.09264862925346774,-0.04913529495335529,-0.061089710034030915,-0.04525964070726226,-0.016260158516717506,-0.09756078526387979,0.003779263283371631,0.0428567522979428,0.04219787935086507,-0.05401797903147942,0.007136339299817951,0.07466596818454745,-0.015338552046173829,-0.013209791486108983,0.042981159944370684,-0.04659498207885313,0.009176179920281649,0.02241326887440811,-0.02520950213163472,-0.14186370080056449,0.0035108580634843917,0.06381500833039216,-0.017926090036371304,-0.07017353812167071,0.25152069822860357,0.35113499856020314,-0.464768353687245,-0.0056512162786067095,-0.0025022500440085855,-0.03936836898820281,-0.011314070555035513,0.03821990579720111,1.0,-0.020460063869954172,-0.00799476698521892,-0.022721969326411726,-0.009898904627383796,0.13931086193759246,-0.01835443519506959,0.17597738964923484,0.007204050535529166,-0.03694904146370482,0.07084441230688764,-0.02342938396132088,0.10728970574494412,-0.03694872838640105,-0.017000321047555864,-0.04952138404602982,-0.01659052535881829,-0.050933538280941285,-0.02523817201134478,-0.0028929718462774256,-0.03473789914242318,0.006295172667621804,-0.054003938470190437,0.048303863251480436,0.006428758849303773,-0.0188075283163832,0.0057134630101576085,-0.0009261556557211608,0.028963815329362114,-0.024786453110637555,-0.01880752831638319,-0.029065759306299333,-0.007994766985218924,0.04419117819444371,-0.013866376769980066,-0.01094002724091696,-0.005651216278606704,-0.007994766985218926,-0.005651216278606709,-0.0056512162786067095,-0.007994766985218924,0.037315597643384255,-0.02356429480207643,-0.03760268678172385,-0.02568762134428523,0.01283721287598157,0.011145664394292997,0.07395016679837127,-0.018807528316383177,-0.013069797766079841,-0.0348071116645689,0.001709401709401672,-0.022485891720044428,0.019596655378608965,0.0022351350033536074,-0.014982551782524105,-0.00799476698521893,-0.07137449770481819,-0.005651216278606704,-0.005651216278606703,-0.005651216278606707,0.09640502276859345,-0.012653861597527922,0.038043649086868414,-0.0056512162786067095,-0.007994766985218926,0.050654342507500984,-0.005651216278606707,0.021314920403001137,0.02882244406042967,-0.0056512162786067095,0.04832230332814006,0.0024334029245617556,-0.007994766985218928,0.04830386325148039,-0.11765145809201975,0.046064138830281084,-0.029065759306299347,-0.009794909461728523,-0.014982551782524093,0.04830386325148049,-0.005651216278606707,-0.01122904055998576,0.02650672421608385,0.022338666045324213,0.05138508619354085,-0.005651216278606704,-0.014815340918526557,-0.012653861597527917,0.04626443345203859,-0.11482150770394674,0.0702715717073618,0.00642875884930374,-0.04914145133597882,0.04183269555370945,0.0035387656019052363,0.1150681081428895,-0.05439040267062027,0.03192157775117451,0.0182430890632561,-0.005534838682074654,-0.005651216278606704,-0.0007647066894294016,0.05878556477951574,-0.05217628266503096,-0.0017888477418093528,0.0380436490868682,0.06354133573890543,0.009591233810909608,-0.003452766409616793,0.0030535039236057404,0.03391232423490477,-0.007994766985218928,-0.00017093549584528499,0.2189377262363521,0.011444979806859787,-0.15020241728027567,-0.006481221946128001,0.010214809116671055,0.010680607796028661,0.04707352294505079,-0.06971196315239898,-0.032825742464210425,0.012837212875981505,0.07513259868306839,-0.007110803692443973,-0.027299834320289606,0.009631830127015044,-0.02411699519622987,0.03309332866249829,-0.007994766985218928,-0.011314070555035522,0.08885027426906218,0.020310909754999724,-0.005651216278606704,-0.00039974631753470554,-0.010374820989411726,-0.0049805035796214835,-0.009794909461728526,-0.005651216278606708,-0.017031174778771883,0.026026948090139255,0.019721530864533685,-0.011441462313697283,-0.012653861597527922,0.03731559764338415,0.07676703710491257,0.01094002724091683,-0.005651216278606706,-0.0729410116722328,0.011860116741148284,-0.004780958501674386,0.003130977571894863,0.008618520788474868,-0.05811336694575216,0.09242236159877405,-0.0128068588935791,0.11028413397517002,0.013321754371599954,-0.005770310139273983,0.023015216140610157,-0.0025512219716932335,0.012837212875981559,-0.00979490946172853,0.00043175973172901184,0.05301201323394208,-0.01700032104755587,-0.014982551782524127,-0.02912572549916941,0.015552467628110288,-0.03213252996865522,-0.007994766985218928,0.011314070555034968,-0.0247070297788307,0.030025480411430747,0.019596655378609038,-0.007994766985218928,0.012653861597527634,-0.005651216278606707,-0.011314070555035525,-0.007994766985218926,-0.017000321047555864,-0.012653861597527946,-0.012653861597527913,-0.05318051350196191,-0.009794909461728504,0.06463831015387009,-0.011314070555035513,0.053913197178405606,0.003130977571894894,0.023058272350946447,-0.05418271116969668,-0.007323605807111511,0.016529362440369393,-0.0017888477418093456,0.059378919410426695,-0.014982551782524075,-0.004127390870981601,0.031352963773545114,-0.04536155626953181,0.04249599373223568,-0.02607647148853739,-0.014982551782524117,-0.005651216278606704,0.07327678378587707,-0.02199283826782257,-0.005651216278606707,0.035581289161558005,-0.00799476698521892,0.007093959884893902,0.060163213363903345,-0.012653861597527894,0.02714011749511005,-0.034529617401378304,0.03420304634382763,-0.033837571675863674,0.0489931436493159,-0.04089498120059923,0.04419117819444368,0.008143246098882128,-0.019650604579045074,0.0319502201479493,-0.03049352081610143,-0.007994766985218924,0.03019175271516032,-0.009204140767907423,-0.0031187408369628207,0.01836979652410731,-0.011087629179363337,-0.06714775709352472,0.006822229707361398,0.03587697136235601,-0.013357304035924819,0.007088183464465852,0.040023437235430746,-0.0011255308587507288,-0.011314070555035529,0.017131296299680278,0.006560628986339195,-0.027252163903239392,0.07241585340725466,0.009176179920281616,0.007103919791416608,-0.02543919277164584,-0.02356429480207643,0.015806190986822056,-0.04583968727889172,-0.01792609003637131,0.015552467628110252,-0.012653861597527957,-0.0028929718462774225,0.042217143942022646,-0.03716098606169964,0.006861630565737446,-0.0012112370668380945,0.04286031906036925,0.0005601272341329801,0.007527087154994511,0.009087522592512545,0.04889544618686319,-0.05871237719107161,0.0028037171326088426,-0.03304535692109147,0.024986903664755672,-0.001739682426647296,0.03607242871230966,0.019596655378609114,-0.005651216278606704,0.018700521068954267,0.020167079475758697,-0.03187050317054867,-0.008088492998989307
LandSlope_Sev,0.003434494781337041,0.5403797885055404,-0.04372538906870854,-0.041169103769789196,-0.03718444323272568,-0.013136825792296185,-0.06406325256806429,0.04361514129685866,0.053370971180604944,0.018140639309776753,-0.03998671169014843,-0.0007416865753686387,0.05788984322095065,-0.031107444880964612,0.009330020248736092,0.027997864142057603,-0.020460063869954172,-0.009977317791061298,0.049111023877263814,-0.03971045465834968,-0.10788082844940441,-0.016111580339312464,0.11628752263665129,0.08053074153489925,-0.09436832597219436,0.06233405171819502,0.4080684115744653,-0.25706955685733773,-0.0024814742026844456,0.12367031801262353,-0.017286825920255416,-0.004968058701974553,-0.05471015951790098,-0.020460063869954172,1.0,-0.0035105377412993403,-0.009977317791061318,-0.019278684699464418,0.3588758453022768,-0.03207357663436786,-0.01803295928306207,0.0031633306313942834,-0.022670135553552684,-0.015283957542477886,-0.010287946703597166,-0.017663304006740023,-0.020263149336233223,-0.007464916583809135,-0.021745059989413312,-0.016111580339312502,-0.022365143194759806,-0.00016819518082849877,-0.012510695803726822,-0.021901388817245886,-0.019451108158694233,-0.02371336957398761,-0.012510695803726803,0.12188640224552841,-0.008258469333413752,-0.02297194601206572,0.03776305628294207,-0.007035566881881255,-0.010883841802858597,-0.008258469333413773,-0.012762904186317864,-0.0035105377412993424,-0.005556366907682143,-0.006088787712773908,0.009657153100299914,-0.002481474202684444,-0.00351053774129934,-0.002481474202684446,-0.002481474202684446,-0.0035105377412993424,0.036616099897629,-0.018215359838481347,-0.016511507010217762,-0.02758463910139731,-0.009326469664143475,0.02239305394089167,-0.007035566881881258,-0.008258469333413765,-0.031081763957038933,-0.015283957542477874,0.014891052402392751,-0.05574929107801656,-0.008258469333413768,-0.02841194274719908,-0.006578905125160749,0.19361965850089485,-0.2628856181809027,0.2762071670218763,0.27620716702187637,-0.002481474202684446,0.16037600936286733,0.1192481820956399,-0.006088787712773903,-0.002481474202684446,-0.003510537741299341,0.022242547088871332,-0.0024814742026844456,-0.019792172656283753,-0.04013780100409775,-0.002481474202684446,-0.01954339055151366,0.16821526970841144,-0.003510537741299343,-0.012510695803726834,-0.06997213427318805,0.04536005217738055,-0.012762904186317873,-0.004300988309175376,-0.006578905125160739,0.04369119919147681,-0.0024814742026844456,-0.01962225963934165,-0.017623469164995464,-0.007871425864313457,-0.01866635863365928,-0.0024814742026844443,0.1411318834992453,-0.0055563669076821405,-0.012762904186317885,-0.06882143639422209,0.02658838562797434,-0.01549456580269973,-0.04692098747441288,0.03323512395422754,-0.003602194248548534,0.06549026500425995,-0.036248060232468224,0.029042372171104676,0.03990746007013947,-0.03159483967169411,-0.0024814742026844443,0.013034606211459982,0.03463899459569487,-0.04052373281954365,-0.012253659594288946,-0.006088787712773891,-0.004300988309175378,0.032810939473982156,0.007338045422194193,-0.0015809517187007232,0.014891052402392722,0.19361965850089524,-0.027471424355492817,0.22240437107308708,-0.027584639101397326,-0.12216617783273545,0.016479939821821377,-0.011644280772065849,0.044576839193521296,0.020670193292693737,-0.04936920297787072,0.03464046929850996,0.06549026500425979,-0.017095886335854186,0.05869026356612823,-0.08089188362832397,-0.03560864632008709,0.05548372949730644,-0.00657890512516073,-0.003510537741299343,-0.004968058701974549,-0.017663304006740013,-0.002865255056495722,-0.002481474202684444,0.035062194597390836,-0.0045556300402365656,-0.0130105662200215,-0.004300988309175404,-0.0024814742026844456,0.0029449800908788256,0.07473465563757078,-0.03298878939862211,0.006642063614744879,-0.0055563669076821405,0.036616099897628936,0.03370874742725762,0.06264768549681844,-0.0024814742026844443,-0.08975950666581338,-0.014413929514122988,-0.05812689103440705,-0.011170462691178332,0.07484898365195335,0.03874309925986897,-0.010883841802858606,-0.024004998932028315,-0.007464916583809145,-0.02388509363205336,-0.0443519712016793,0.027636637006653787,-0.017475945470339614,-0.009326469664143425,-0.004300988309175391,0.020949431847263396,-0.01485470394095709,-0.007464916583809134,-0.00657890512516074,0.018396207378142838,-0.013728719103219936,0.001818239281461762,-0.0035105377412993424,0.004968058701974756,-0.018575547801362512,0.02887653131966342,-0.008258469333413766,-0.0035105377412993403,0.005556366907682485,-0.0024814742026844465,-0.004968058701974549,-0.0035105377412993416,-0.007464916583809124,-0.005556366907682172,-0.005556366907682145,-0.028621294291245068,-0.004300988309175378,0.03699369892025417,-0.004968058701974552,-0.008628667870074064,0.05155598165159223,-0.031676382424017394,-0.002944980090878746,-0.009103111530559172,0.003086128303111323,0.045087183378986435,0.026073547610989886,-0.006578905125160725,0.1024255563475189,-0.0031806238451342205,-0.04630239044601751,-0.01851870768120562,0.04978571319514001,-0.006578905125160733,-0.002481474202684444,-0.0035027213971367374,0.2795622012881731,-0.0024814742026844448,0.07329190135459543,-0.003510537741299341,-0.0702379853742041,0.21588550745056492,-0.0055563669076821405,0.0031149893370533664,-0.02684373312763468,-0.014413929514123,-0.021569137178092074,0.03915868965896507,-0.03565672288268092,-0.005556366907682142,-0.026688461216738093,0.07212681347805494,0.020949431847263295,-0.02046006386995422,-0.0035105377412993403,-0.018215359838481302,0.0015781404292870042,0.018377720756321384,-0.03819949966703661,0.07218498614085306,-0.041409511210444595,-0.0022738228755970254,0.015753737694159636,0.0063244528048110845,-0.022670135553552705,0.01757446930114096,0.04761040005120897,0.1345197433150034,-0.008628667870074056,-0.006900524205675445,-0.011966546378559362,-0.019622259639341666,-0.009977317791061313,0.018051394426819457,-0.01117046269117833,-0.018215359838481347,-0.023859523620068535,-0.020128410563988706,-0.007871425864313462,0.03766597292421865,-0.005556366907682163,-0.012510695803726853,-0.01910495428875045,-0.019256928623352192,0.014589129998486992,0.0036655187493018484,0.012085492800815365,-0.011723824482331942,-0.010287946703597176,0.09181865077668741,0.01028168789568578,-0.05842619492456264,0.018682017943428806,-0.014510363198912218,0.010971860532709965,-0.01728682592025542,-0.010589879855113966,-0.008258469333413766,-0.002481474202684444,0.0012311246629387155,-0.012692817821874732,0.01712015028272297,0.009917065570438885
Neighborhood_Blueste,-0.07336101420947672,-0.03300581734040616,-0.002660596825298638,0.010711729086321469,-0.008731958639262008,-0.02113889384365316,-0.03502676132536999,-0.03537960713897662,-0.05023116343947418,-0.008669727105078143,3.5886448156216213e-05,-0.002769159558330041,0.018106914396942557,-0.026091972234579795,-0.0032476967228777303,-0.020250412762982364,-0.00799476698521895,-0.00389863547758285,-0.07148166468841541,0.08840336308164656,0.002379192914327938,-0.006295597677267973,-0.006295597677267972,-0.0030757585131014832,0.02816710809740967,-0.006974477566247301,-0.005888877111146437,0.012486134942289366,-0.0009696356842476744,-0.009715716033719197,-0.006754824717308874,-0.0019412682161517036,0.02306526493813484,-0.00799476698521892,-0.0035105377412993403,1.0,-0.0038986354775828445,-0.00753314324595353,-0.005178974140609906,-0.0125327454109706,-0.007046376220444553,-0.010043076750863713,-0.00885835217455685,-0.005972204189622774,-0.004020013680035241,-0.006901933474916694,-0.015808622034013127,-0.0029169150707926976,-0.008496879032243013,-0.006295597677267975,-0.008739176454660776,-0.010727330466560613,-0.004888552568041251,-0.008557964499010754,-0.007600517687601894,-0.009265995716504861,-0.004888552568041238,-0.006054499336712147,-0.003226995692431687,-0.008976284567380784,0.014755908757214742,-0.0027491467371303954,-0.0042528596035137705,-0.0032269956924316874,-0.00498710295690368,-0.0013717421124828553,-0.0021711495620761107,-0.002379192914327906,0.0037735311711739198,-0.0009696356842476734,-0.0013717421124828555,-0.0009696356842476742,-0.0009696356842476744,-0.0013717421124828553,-0.005455078045081893,-0.007117649210979692,0.10307985998899173,0.058242766076834214,-0.0036443166665298832,-0.03683464734148903,-0.0027491467371303932,-0.0032269956924316835,0.055935722423857824,-0.005972204189622776,-0.007994766985218935,0.01958342978311354,-0.0032269956924316895,-0.0182803793535619,-0.002570706222025123,-0.0013717421124828564,0.004987102956903592,-0.0009696356842476733,-0.0009696356842476733,-0.0009696356842476742,-0.003226995692431686,-0.002171149562076109,-0.002379192914327909,-0.0009696356842476744,-0.0013717421124828557,-0.006974477566247311,-0.0009696356842476742,-0.007733788590493037,-0.015683839912058226,-0.0009696356842476744,0.08792972967811843,-0.010467904883688798,-0.001371742112482856,-0.004888552568041241,-0.0273416013033121,-0.01501139586177357,-0.0049871029569036815,-0.001680610557062011,-0.002570706222025128,-0.004888552568041251,-0.0009696356842476742,-0.007667395103803947,-0.01505379068386672,-0.0030757585131014815,0.08936930289413317,-0.0009696356842476735,-0.012156896041968889,-0.0021711495620761125,-0.0049871029569036685,-0.026891966274253096,-0.014627418049533577,-0.006054499336712136,-0.02452354332868644,0.030413517828002334,-0.011481248270994488,-0.0036443166665298754,-0.02624297183773523,0.028961897979320566,-0.0051789741406098955,0.04938271604938269,-0.0009696356842476735,-0.04279778570429941,0.042274806707940676,-0.03304023315754673,-0.004788115706539687,-0.002379192914327908,-0.0016806105570620117,-0.0058044734071805775,0.04323127498781534,-0.03486806230556476,-0.007994766985218935,-0.0013717421124828572,0.010675796852032786,-0.011773805930454746,-0.010778693722011552,0.02547920247146077,-0.012439421277254198,-0.023457974899583192,0.07586519880204126,-0.011725371050416567,-0.025399200821008352,-0.005632240863920685,0.18638076665967043,-0.006680215102439392,-0.007258392605155712,-0.045070684891836084,0.005544305100482177,-0.004137994015132544,-0.002570706222025129,-0.0013717421124828562,-0.0019412682161517047,-0.006901933474916699,-0.01646807758216324,-0.0009696356842476744,0.05751143446002932,0.009770835750932457,-0.005083876860598742,-0.0016806105570620073,-0.0009696356842476739,0.011333149284483417,-0.006135804313373563,-0.030326991359793967,0.03678422154252947,-0.002171149562076112,-0.005455078045081893,-0.005718945154284297,-0.003773531171174029,-0.0009696356842476735,0.010043076750863716,-0.005632240863920683,-0.06134735194495436,-0.004364856673991038,0.07089992503990393,0.027095980340908158,-0.004252859603513766,-0.00937994984579808,-0.002916915070792693,-0.02224292294606093,-0.023615317264574654,-0.034868062305564836,-0.006828723154033362,-0.0036443166665298707,-0.0016806105570620093,0.008185987451268412,-0.005804473407180588,-0.0029169150707927002,-0.002570706222025126,0.007188315360832995,-0.005364494995391857,0.011083437067862556,-0.0013717421124828562,0.001941268216151603,-0.007258392605155704,-0.12157061741376356,-0.003226995692431685,-0.0013717421124828564,0.002171149562076165,-0.0009696356842476744,-0.0019412682161517054,-0.0013717421124828557,-0.0029169150707926933,-0.0021711495620761094,-0.0021711495620761116,-0.011183766586863212,-0.0016806105570620115,-0.040220138297880494,-0.001941268216151703,-0.0033716507168578035,-0.00436485667399104,0.017320422134876085,-0.011333149284483415,0.042452065094896956,-0.015096133885994135,-0.004788115706539693,-0.01088091947024081,-0.002570706222025127,-0.006974477566247309,0.02193546600472455,-0.0037738793478056536,-0.015307096172391172,-0.0044742009556899736,-0.002570706222025126,-0.0009696356842476734,0.007344761108123012,-0.0037735311711740217,-0.0009696356842476735,-0.008917470598945858,-0.0013717421124828553,0.041344911529736156,-0.010829889211059015,-0.002171149562076109,0.004083448052319627,-0.0019305727650038873,-0.005632240863920691,-0.02153957071968765,0.03253877417302881,-0.013932859287022165,-0.0021711495620761116,0.04870014016841862,-0.0033716507168578026,0.008185987451268346,-0.007994766985218926,-0.001371742112482856,-0.007117649210979692,-0.010362864899440887,-0.012109421449406027,0.03848682424351279,-0.016956759532246568,0.03429768035585422,-0.011183766586863217,-0.007865173504087863,-0.00943653405984998,-0.00885835217455684,-0.007600517687601891,-0.0082489223643749,-0.0019412682161517045,-0.0033716507168577953,-0.012251507698221592,-0.018795579492765918,-0.007667395103803944,-0.0038986354775828475,-0.007533143245953503,-0.0043648566739910325,-0.007117649210979692,-0.009323105388781096,0.1744071013525517,-0.0030757585131014863,-0.00536449499539186,-0.002171149562076109,-0.0048885525680412425,-0.007465258113202614,-0.04198144523351056,0.08109039811338724,-0.014968948818546298,-0.008435440200012462,-0.004581082713504679,-0.004020013680035248,-0.009880391993036012,0.029520391336793707,0.01862748486325449,-0.019975740260252086,-0.014195243193683002,-0.008618704302437916,-0.006754824717308888,-0.004137994015132553,-0.003226995692431686,-0.0009696356842476734,-0.019975740260252114,0.02661522402746714,0.023575858934605894,-0.013667959912113574
Neighborhood_BrDale,-0.21998043626027375,-0.09194926218577223,-0.03135496458271606,0.000591612417821849,-0.0573320080402832,0.11911567656850587,-0.05571646654525344,-0.11366380627215213,-0.15764107611140352,-0.07459916032255409,-0.017448099022710332,-0.09307301890304892,-0.021838433134836764,-0.06144191023463822,-0.009230295949231424,-0.10130283618166967,-0.022721969326411694,-0.0110803324099723,-0.2031584154302334,0.251251663495206,0.006761916703879372,-0.01789275129328791,-0.017892751293287885,-0.00874162945828841,0.08005388617158549,-0.019822199398808103,-0.016736808631679364,0.03548690983598032,-0.0027558066815460166,-0.02761308767478089,-0.019197922880772607,-0.005517288614325888,0.0655539108768042,-0.022721969326411726,-0.009977317791061318,-0.0038986354775828445,1.0,-0.021409986067446853,-0.014719189662786031,-0.0356193816943375,-0.02002654294231608,-0.028543481291928397,-0.025176369338214148,-0.016973632959980514,-0.011425302037994899,-0.019616021455026375,-0.0449297678861426,-0.008290179674884504,-0.024149024617953832,-0.01789275129328794,-0.024837659397456992,-0.030488202378645923,-0.01389378098285405,-0.024322635944556876,-0.021601471322658005,-0.026334935194276963,-0.013893780982854053,-0.017207524430655582,-0.009171461441647943,-0.02551154561255593,0.04193784594155756,-0.007813364410791642,-0.01208707466261806,-0.009171461441647951,-0.014173871561726224,-0.0038986354775828445,-0.006170635597479464,-0.00676191670387933,0.010724772802284047,-0.0027558066815460145,-0.0038986354775828445,-0.0027558066815460158,-0.0027558066815460166,-0.003898635477582846,-0.015503906022864323,-0.020229108283837005,0.44861416427293654,0.06744894492527434,-0.010357531578558602,-0.10468794507581082,-0.007813364410791638,-0.009171461441647943,0.15897521109938548,-0.016973632959980518,-0.022721969326411684,0.05565816885727021,-0.009171461441647951,-0.05195476237328119,-0.007306217683650342,-0.0038986354775828475,0.01417387156172626,-0.002755806681546013,-0.0027558066815460127,-0.0027558066815460158,-0.009171461441647948,-0.006170635597479461,-0.006761916703879329,-0.0027558066815460166,-0.0038986354775828445,-0.019822199398808128,-0.0027558066815460153,0.0437803166024372,0.21193262765945542,-0.002755806681546016,-0.04433808100917008,-0.029750887564168122,-0.0038986354775828462,-0.013893780982854036,-0.07770770896730804,-0.04266396718609337,-0.01417387156172623,-0.004776472109544658,-0.007306217683650352,-0.013893780982854058,-0.0027558066815460153,0.04449106895759911,0.20239942142576384,0.07102573934859349,-0.043623877006192587,-0.002755806681546014,-0.03455117822454321,-0.006170635597479467,-0.01417387156172627,-0.07642979888471926,-0.04157266182499013,-0.017207524430655537,0.1446831046828151,-0.11477346208266137,-0.032630916138616,-0.010357531578558588,-0.07458528838093184,0.08231276267806886,-0.014719189662786009,-0.0350877192982455,-0.0027558066815460136,0.039223142275908486,0.12014945064362088,-0.09390382055302743,-0.013608328850165406,-0.00676191670387931,-0.00477647210954466,-0.016496924420407965,-0.09018090441888815,0.11181107350954307,-0.022721969326411684,-0.003898635477582846,0.005621348859352897,-0.03346239580234511,-0.030634182157295957,0.07241457544520437,0.05183682024426195,-0.06667003392513114,0.005669803649237917,-0.010460961231960483,-0.001661696841721542,-0.01600742140272195,-0.010357531578558586,-0.018985874501669865,-0.020629115825179314,0.03770190550302527,0.015757498706634142,-0.011760614569324087,-0.007306217683650355,-0.0038986354775828462,-0.005517288614325886,-0.019616021455026385,-0.011361139349651377,-0.002755806681546013,0.12009559565907424,0.027769743713176472,-0.014448913182754349,-0.00477647210954466,-0.002755806681546014,0.032210003229584436,-0.017438601732745886,-0.07277088779090497,0.09138642626056001,-0.006170635597479461,0.07576908911174016,-0.016253844122702737,-0.010724772802284066,-0.0027558066815460145,-0.023548372065840973,-0.016007421402721957,0.04868107010585216,0.044194173824159175,-0.05498786459066943,-0.10246516854901476,-0.01208707466261806,-0.02665880482489984,-0.008290179674884499,0.13055806240861076,-0.06711721748879104,0.11181107350954335,-0.019407950016726374,-0.010357531578558586,-0.004776472109544655,0.023265438019394347,-0.016496924420407975,-0.008290179674884499,-0.007306217683650359,0.02042994892026241,-0.015246459460587378,0.007546945635024827,-0.003898635477582847,0.005517288614326046,-0.020629115825179366,0.03206889592666882,-0.009171461441647938,-0.003898635477582845,0.0061706355974794815,-0.002755806681546016,-0.005517288614325889,-0.0038986354775828445,-0.008290179674884495,-0.006170635597479483,-0.00617063559747946,-0.03178544187845331,-0.004776472109544661,0.0022351091262274303,-0.005517288614325883,-0.009582586247911635,0.04419417382415919,-0.019352388090434033,-0.03221000322958443,0.12065323763812826,-0.0429048015707202,-0.01360832885016543,-0.030924718494368578,-0.007306217683650349,-0.019822199398808152,0.06234290338184849,-0.01072576235692134,-0.04350437859521698,-0.012716150084592572,-0.007306217683650352,-0.002755806681546014,-0.059610168267075506,-0.010724772802284064,-0.002755806681546015,0.0035640548610918125,-0.003898635477582846,-0.08105778707803522,-0.030779685126167754,-0.006170635597479458,0.0777937151151615,-0.07136568117946172,-0.016007421402721968,0.12044463421689278,-0.0800100021839037,-0.03959865271048401,-0.006170635597479464,0.13841092468918986,-0.009582586247911645,0.023265438019394326,-0.022721969326411705,-0.003898635477582844,0.015269086541165445,-0.004098322687390607,0.010129605624531133,0.052456301424155416,-0.013429245587531212,-0.028054294251178162,0.015762452734806778,0.010023660969495383,-0.0268196231174684,0.0039039306885205786,-0.021601471322657977,-0.023444305667170734,-0.005517288614325885,-0.009582586247911655,-0.03482007451073514,-0.053419015400492736,-0.02179154397923221,-0.011080332409972311,-0.021409986067446807,-0.012405382126079752,-0.020229108283837005,-0.026497246894430507,0.4956833406861991,-0.008741629458288424,-0.015246459460587386,-0.006170635597479469,0.03681851960456321,-0.02121704937436532,0.013297667856835437,-0.013259509590429687,-0.004669389682807066,0.006409824625667369,-0.013019919291013279,-0.011425302037994894,-0.001664602123623245,0.050247837885589224,0.008756292828450564,0.006212260288902598,-0.04034437539257266,-0.02449526485956041,-0.01919792288077255,-0.011760614569324108,-0.009171461441647943,-0.002755806681546014,-0.009534093915607434,0.010831547806582239,0.004615145317757146,-0.01859048081279207
Neighborhood_BrkSide,-0.09516684853452134,-0.06434239010741355,-0.15412014399581606,-0.26836398240411363,-0.16043814440135878,-0.10776072543229409,-0.0040167200381332115,-0.1354322230007901,-0.13047332614554105,-0.12095838147439893,-0.16648863410005815,-0.16152965142556655,-0.09480119741451029,-0.06545725808899912,-0.0031985990185387494,-0.14364786671580423,-0.04390455346498461,-0.021409986067446877,-0.152168865736005,0.209973577066935,0.013065721953341193,0.07156002435115442,-0.03457329091975722,-0.016891024383013622,0.04551295320639712,-0.019018660677098176,-0.009726697176732262,-0.012520581953027375,-0.005324910884747069,-0.05335542297126139,-0.01722763620406941,0.05642865256358647,0.017257150161089856,-0.009898904627383796,-0.019278684699464418,-0.00753314324595353,-0.021409986067446853,1.0,-0.02844117251579322,-0.06882559453906721,-0.03869631248501389,-0.055153177194089825,-0.048647070937595786,-0.03279732337813941,-0.022076554059848288,-0.03790308183108955,-0.0868155998271481,-0.016018709978065742,-0.04666198282530733,-0.03457329091975725,-0.047992598233690904,-0.058910866930384984,-0.026846275568352545,-0.04699744352686321,-0.04173946980491518,-0.05088571125259188,-0.026846275568352503,-0.0332492604629818,-0.017721567766963736,0.04262135700611832,-0.08215217155175186,-0.015097383091537818,0.007587282107911959,-0.017721567766963764,0.15822263522994817,-0.007533143245953533,0.048104018661774724,0.20619811772341834,-0.18793576951300603,-0.005324910884747067,-0.007533143245953531,-0.0053249108847470685,-0.005324910884747069,0.08728055622897883,0.018694243360569632,-0.03908771961787283,-0.03543147992720302,-0.05919293653907424,0.19589425090242893,-0.06200898360254832,-0.015097383091537782,0.022832490132357715,-0.08896585423210462,-0.03279732337813943,-0.04390455346498449,0.07359971656381338,0.0633865480316792,-0.0827179764274228,-0.014117448197845071,-0.007533143245953533,0.02738748093741522,-0.005324910884747067,-0.005324910884747061,-0.005324910884747068,-0.017721567766963774,-0.011923218300781782,-0.01306572195334116,-0.005324910884747069,-0.007533143245953531,-0.019018660677098124,-0.005324910884747068,-0.024945014738469173,-0.0665978294277779,-0.005324910884747069,0.08097242039296079,-0.05748618946393243,-0.007533143245953533,0.027216569024467657,-0.1134551035970863,0.15932765595409856,0.025643980824688536,-0.009229344168850195,-0.014117448197845073,-0.026846275568352552,-0.005324910884747068,-0.02444126742016103,-0.06256392988696044,-0.016891024383013622,0.08426512577870345,-0.005324910884747068,-0.031256989316736906,-0.01192321830078176,-0.0008717500563633623,-0.11080159681246878,0.13522183332212062,0.07687760041713036,-0.11943861603359988,0.14557015469857987,-0.06305112825559561,0.08794044881981188,-0.11438156737054317,0.10846135717351772,0.09940399950716894,0.025716592460324157,0.12871594931750674,-0.07426202770190148,-0.07206870537479529,-0.11791122537648388,0.028863733753337683,-0.013065721953341141,-0.009229344168850193,0.03690102284185549,-0.14586156531885944,0.1668623486638144,-0.009898904627383786,-0.007533143245953531,-0.020433109458316567,-0.040365341157552005,0.006159216627175269,0.07984292283098188,-0.010218314020506922,-0.11330750324650792,0.032937630505313266,0.008731370136159423,0.12366404220415281,-0.03093035989602445,0.015971247431400784,-0.03668547959745399,-0.039860634686675694,0.05075558855380776,-0.08930813497103228,0.040834378283570824,0.08741690829897188,-0.00753314324595353,-0.010660787780742738,0.03998361693511836,0.05125502626164362,-0.005324910884747066,0.03849772701017662,-0.11695717654651215,0.050168499546786476,-0.009229344168850177,-0.0053249108847470685,-0.13829672555718955,0.18379234537578576,-0.11646625500501125,0.07575843890227903,0.048104018661774745,0.0430200858796709,-0.03140651050290903,0.014053498607436472,-0.005324910884747069,-0.04203052468928919,-0.007336668439286875,0.07524038936295915,0.006199219403763436,-0.07207045567206609,-0.1823506858872177,-0.02335526503608662,-0.03677663359730091,-0.016018709978065766,0.2274419610595265,-0.1064796748331298,0.18091513068095627,0.06083142114944978,0.01597124743140085,-0.0092293441688502,-0.054893939668213154,0.03690102284185541,-0.01601870997806572,0.0366497300505634,-0.035520509668739486,0.04469791622282884,-0.1306530557783197,-0.00753314324595353,0.010660787780742835,-0.002698101709315232,-0.02608878150725533,0.022832490132357705,-0.007533143245953531,0.011923218300781793,-0.0053249108847470685,-0.010660787780742732,-0.0075331432459535335,-0.016018709978065763,-0.011923218300781782,0.0481040186617748,-0.06141745956582104,-0.009229344168850195,0.06902976205238921,-0.010660787780742736,-0.01851596418472516,0.006199219403763426,0.05856297824668504,-0.06223781876409848,0.04199893046533181,0.097691230354744,0.0012845117115359603,0.05694779081869877,-0.014117448197845096,0.03882976554907541,0.05525090199285893,-0.02777479931872081,-0.044323773016447784,0.004881882451604645,-0.014117448197845087,-0.005324910884747067,-0.08121839071192474,0.014053498607436453,-0.00532491088474707,-0.033562521379461425,-0.007533143245953528,-0.048136238143541135,-0.020419138570327115,-0.011923218300781776,0.18471556444238446,-0.1721342233230273,-0.030930359896024554,0.10765415576697196,-0.09006290340694058,-0.07651454590460718,-0.011923218300781774,-0.10373762937843628,-0.018515964184725175,0.028313236323887343,-0.026901729046184198,-0.0075331432459535275,-0.020165945532297783,-0.043394764377947065,-0.030884103748473692,0.049520684241308496,-0.028264955982644356,0.04496650350345652,0.001944249709262824,-0.02593463510020916,0.021463768055390294,-0.017645445634719308,-0.02393127988230374,0.219121186845992,0.056428652563586625,0.13684787322733646,0.22675159366632724,-0.10321895888538041,0.06388608513784663,0.012273828219700134,-0.04136947218259627,-0.023970315027885224,-0.03908771961787283,-0.05119933823690003,-0.04319286994355706,-0.016891024383013625,0.019978614069294715,0.04810401866177486,0.027216569024467722,-0.004786665041383056,-0.1598603472301443,0.08341506270157124,0.08939469106228741,0.05085054642535383,0.0036277640768289285,0.010612866758994092,0.10063036171003266,0.06345806070804941,-0.007614114254153398,-0.08451993675008092,0.005994363041619415,-0.04733100596238535,-0.017227636204069415,-0.022724462115164212,-0.01772156776696377,-0.005324910884747067,-0.02576645058589738,0.016610908693390304,0.029702622831527373,-0.05346624763259857
Neighborhood_ClearCr,0.016428806001938547,0.28531557650575967,-0.020881743288654372,-0.02175057703379323,-0.00755963926854819,-0.014353765485846317,-0.038075375311609844,0.05386221742424055,0.05234240558187221,0.07257630270832063,-0.05739173172050409,-0.002977827633669871,0.1055494288077685,0.03834196350448805,-0.003199018314593684,0.055718310532911174,-0.03018402008647823,-0.014719189662786042,0.07245178414891082,-0.05858345158008047,0.008982576583964444,-0.023768853688715626,0.1273745539137445,-0.01161244060174063,-0.08021953891991243,0.02858896972760019,0.39640547140998145,-0.23330980292386086,-0.00366083252007331,0.08540414623305273,-0.025502652588230226,-0.0073292040828580015,-0.01308063439933669,0.13931086193759246,0.3588758453022768,-0.005178974140609906,-0.014719189662786031,-0.02844117251579322,1.0,-0.04731703124341861,-0.026603397168173674,-0.037917356558180175,-0.03344446191668466,-0.022547890583103383,-0.015177449685580604,-0.0260580576053797,-0.05968501219565308,-0.011012731609331217,-0.032079730135446405,-0.02376885368871559,-0.03299451730543924,-0.04050073740430455,-0.018456594067140463,-0.03231035661390633,-0.028695542843757693,-0.034983508755827224,-0.018456594067140418,-0.022858593618896427,-0.01218343236012023,0.03155867396344362,0.012136935267368214,-0.010379326938188169,-0.016056552984566645,-0.012183432360120231,-0.018828668315514867,-0.005178974140609907,-0.008197114701856347,-0.008982576583964567,0.01424686183828139,-0.003660832520073308,-0.005178974140609905,-0.0036608325200733092,-0.0036608325200733092,-0.005178974140609906,-0.020595495227125716,-0.02687248635887972,-0.024358851586300367,-0.040694657944716175,-0.013759016074814764,-0.02919829861117927,-0.010379326938188155,-0.012183432360120225,-0.005796035694998349,-0.022547890583103383,0.042456643638123334,-0.04691817957854446,-0.012183432360120221,-0.03126797015180774,-0.009705629743243393,0.1298442802395769,-0.2454968676522902,0.187225434598035,0.18722543459803506,-0.00366083252007331,0.1610744693844462,0.07728708147464558,0.06908029134810828,-0.0036608325200733092,-0.005178974140609907,0.028588969727600153,-0.00366083252007331,-0.02919870342582925,-0.017489820111478552,-0.0036608325200733092,-0.03097935009152923,0.1322081026068935,-0.005178974140609908,-0.01845659406714047,-0.09277585344255158,0.0867813011274331,0.018932122537028657,-0.006345098350670453,-0.00970562974324339,-0.01845659406714045,-0.00366083252007331,-0.02894803666599247,0.0004314608985645005,0.04893814253590695,-0.029710145512290745,-0.0036608325200733075,0.13949489509753704,-0.008197114701856356,-0.01882866831551491,-0.09102578736391151,0.061713093519430155,-0.022858593618896438,-0.03834300536691215,0.03336520064120878,-0.02568898176785347,-0.013759016074814721,-0.024972934303043714,0.03730356427197664,-0.01955307262569832,-0.013317362075854,-0.003660832520073306,0.021577700191313033,0.06892763165119126,-0.044316769800588345,-0.018077397493858047,-0.008982576583964546,-0.006345098350670451,-0.02191462768554598,0.011603077855937043,0.008443599878581993,-0.005970465511611118,-0.005178974140609909,0.0027761905339399773,0.19771044117842446,-0.003467715213334202,-0.12839809825158013,0.03576750896360773,0.021914220767955,0.05875744388088766,0.007798158045546436,-0.053065830928979256,0.04593471813500284,0.037486298897709575,-0.025220966065279862,-0.000942460763512709,-0.04430792369751851,-0.013176179009130762,0.02963387774603177,-0.009705629743243396,-0.00517897414060991,-0.007329204082857996,0.001671362295388757,0.018538179271006424,-0.0036608325200733075,0.008686515046795188,0.03688951824525883,0.017873810830035544,-0.0063450983506704575,-0.003660832520073309,-0.010758123068857841,-0.023165558293816373,0.007759785890068772,-0.0009577779581948034,-0.00819711470185636,0.01404669720559722,0.11086167889859314,0.03527794359955432,-0.003660832520073309,-0.10048099487917754,0.01233517480980035,-0.06231036923700405,-0.016479394804867667,0.07297957846391565,0.07086070557737448,-0.016056552984566635,-0.014429949007617515,-0.011012731609331219,-0.06134793056869939,-0.04509258804336154,0.008443599878582064,0.0022252022864855444,-0.013759016074814723,-0.006345098350670457,0.007207063880168634,-0.021914627685546008,-0.011012731609331219,-0.009705629743243413,0.027139284439493126,-0.02025350144589437,0.00547972961373338,-0.005178974140609908,0.007329204082858143,-0.0009424607635127164,0.024686719364997278,-0.012183432360120197,-0.0051789741406099085,0.008197114701856733,-0.00366083252007331,-0.007329204082857997,-0.005178974140609906,-0.011012731609331207,-0.008197114701856363,-0.008197114701856347,-0.04222399926407862,-0.006345098350670453,0.02508615520686268,-0.007329204082857987,-0.012729573375982253,-0.01647939480486768,0.013335276168261889,-0.024939285295988874,0.029221546027606727,0.0001565797610897335,0.021197900632678877,0.06971561377955887,-0.009705629743243386,0.05604942749226884,0.0015583795342934252,-0.08452634359718404,0.04124089352839604,0.1089375891025797,-0.009705629743243401,-0.003660832520073308,0.02772994100113844,0.08480274903739016,-0.0036608325200733092,0.07605284335715641,-0.005178974140609906,-0.024777232057604157,0.14450460096227533,0.07728708147464555,-0.014728687945353614,-0.0072888237049337475,0.04593471813500291,-0.02386454254817582,0.06241800786395605,-0.05260312218718617,-0.008197114701856351,-0.013062296602888424,-0.012729573375982284,0.030905967630272136,-0.0301840200864783,-0.005178974140609905,-0.026872486358879677,0.037859218605264935,0.0050026632310106916,-0.041950083323131035,0.04153513245114466,-0.006638596997594431,-0.04222399926407864,0.019459820575432697,-0.014754192379640027,0.032779201372229894,0.022025392449082738,-0.03114357664187429,0.08821220628296945,-0.012729573375982272,0.05423975916720013,0.01566389409610769,-0.0037908143253085787,-0.014719189662786073,0.04826593069798407,-0.01647939480486765,-0.02687248635887972,0.0069935863590851735,-0.029694743507840207,-0.011612440601740654,-0.020253501445894356,-0.008197114701856363,-0.01845659406714044,0.04916459239374707,-0.01756818480902723,-0.024221545291454174,0.015359436410562359,0.03734530118153631,-0.01729575019483288,-0.0151774496855806,0.022854356746660438,-0.01627184870230302,-0.030293531029891824,0.00825240922778234,0.006182318978738722,0.01270596952430572,0.031083780206323238,-0.015622881154811788,0.04556920155473531,-0.003660832520073308,-0.0037004850902357077,0.026688178852178095,-0.029388869861121963,0.009899351399297696
Neighborhood_CollgCr,0.023411339505512427,-0.030443558468937638,0.13233719775907973,0.2983317581649529,0.23403915064576766,-0.011032506117964106,0.08147866223505497,0.07728017493856626,0.0017511799212149815,-0.022522657037846488,0.2570896798919143,0.12602408378360508,0.05421746114358963,0.02584998946851376,-0.018528083847364485,0.07262599312707735,-0.07304316047017488,-0.035619381694337544,0.12010070333906495,-0.07847083118294348,0.021737190108486706,-0.05751891859344195,0.0790300588804201,-0.0007493672567080164,-0.04229760340451761,-0.05131698147807288,-0.010162782928210524,0.07681760142828722,-0.008858951738437832,0.03991339812223382,0.02774967972017279,-0.017736147418702525,-0.005440488017842863,-0.01835443519506959,-0.03207357663436786,-0.0125327454109706,-0.0356193816943375,-0.06882559453906721,-0.04731703124341861,1.0,-0.06437831020650586,-0.09175727924076968,-0.08093319549947578,-0.05456427558048721,-0.03672833803236499,-0.06305862763666359,-0.14443344229764837,-0.026650019442430093,-0.07763064261850984,-0.057518918593442055,-0.07984436186009507,-0.09800887532235238,-0.04466363189252412,-0.07818874213032298,-0.06944115246114398,-0.0846575782993987,-0.04466363189252406,-0.05531615460909184,-0.02948303116709235,-0.08201066964094816,0.12169342443728945,-0.02511722563616081,0.0009543506459128732,-0.029483031167092378,-0.04556402484723874,-0.012532745410970603,-0.019836428774056683,-0.021737190108486626,0.03447638228667203,-0.008858951738437827,-0.012532745410970597,-0.00885895173843783,-0.008858951738437832,-0.012532745410970597,-0.049839619060934155,-0.06502948671915135,-0.05894667112563866,-0.014397390219400778,-0.03329583058138188,0.07404388473199665,-0.025117225636160798,-0.029483031167092368,0.03568115964166288,-0.01150273917642709,-0.040229925305111665,0.09703265643344315,-0.029483031167092333,-0.08175624799563302,-0.02348692681653139,-0.012532745410970604,0.04556402484723892,-0.008858951738437825,-0.008858951738437822,-0.00885895173843783,-0.02948303116709234,-0.01983642877405666,-0.021737190108486633,-0.008858951738437832,-0.012532745410970594,-0.06372141739826918,-0.00885895173843783,-0.036835224994931096,-0.0616204592940298,-0.00885895173843783,-0.12361357566520619,-0.0870193795864766,-0.012532745410970606,-0.04466363189252398,0.35451010426396723,-0.13714968789460263,-0.011449421628280549,-0.015354682235806131,-0.023486926816531365,-0.04466363189252405,-0.00885895173843783,-0.035960113612061494,-0.06639871081467967,-0.028101272126547908,-0.12110052913508174,-0.008858951738437825,-0.08823018787987531,-0.019836428774056676,-0.04556402484723875,0.3616526279671422,-0.13364152399085286,-0.026978756107592105,0.07488679883400744,-0.06710446536185546,0.006774594583662871,-0.033295830581381795,0.281495222543264,-0.2421262354015302,-0.04731703124341861,-0.04511788347949413,-0.008858951738437822,0.0640360298554215,-0.20088134234468558,0.2839517284224662,-0.04374600342313353,-0.02173719010848661,-0.015354682235806112,-0.053031824856111714,0.3082259034085315,-0.2688474980707283,0.014458799969993563,-0.012532745410970608,0.029725880405396143,-0.013807475058299663,0.019234913333119528,-0.1730270948094905,-0.09122810360981788,0.20488655532175817,-0.03705160212662152,-0.08360765704865286,-0.019246944345307916,-0.021103077995363574,-0.010147300748611646,-0.048118712860489174,-0.042409088879114945,0.06434710248069835,0.05065483057841164,-0.03780625019225283,-0.023486926816531382,-0.012532745410970604,-0.017736147418702542,-0.06305862763666362,-0.12007543428033722,-0.008858951738437829,-0.1435811266638714,0.08926998435383911,-0.04644818717366969,-0.015354682235806126,-0.008858951738437825,0.10354386104678975,-0.056058987072912576,0.25217625178347997,-0.21437678044789102,-0.019836428774056704,-0.0498396190609342,-0.052250406972064935,-0.03447638228667198,-0.008858951738437825,0.09175727924076983,-0.03628066118414718,0.04113768238279909,-0.020471195206728177,-0.01735664458007326,0.12447659077017457,-0.03885570486931137,-0.00038953957067138596,-0.026650019442430117,-0.11633053366813963,0.20723704912301405,-0.1739273657486586,-0.06238975095442359,-0.010147300748611641,-0.015354682235806109,0.06408495464507293,-0.03828392689612628,-0.026650019442430086,-0.023486926816531396,0.053614027890004905,-0.049012018676004965,0.10126239749147643,-0.012532745410970601,0.01773614741870275,-0.04240908887911491,0.062630098463751,-0.02948303116709234,-0.012532745410970603,0.019836428774056676,-0.00885895173843783,-0.017736147418702556,-0.012532745410970601,0.002171483065679475,-0.01983642877405667,0.018778485906106965,0.04455676398986277,-0.015354682235806117,-0.0011404907555360028,-0.017736147418702494,-0.030804653195790482,-0.03987895170141853,0.034789918426327206,0.0415832145963907,-0.05386654432052275,-0.13146975539521263,-0.008263133979925239,-0.0743876909182388,-0.023486926816531358,0.06032294180369479,-0.11945618943280323,0.16506702674124246,-0.09511640348659019,-0.04087796166998904,-0.023486926816531393,-0.008858951738437827,0.06250481656240435,-0.03447638228667192,-0.008858951738437827,-0.051735560347283244,-0.0125327454109706,-0.053474653824900666,-0.08219678870575431,-0.01983642877405667,-0.13063982289083292,0.14500645976265505,-0.03628066118414728,-0.11892941602145642,0.12894872290922432,0.009611651683505456,-0.01983642877405669,0.014206094244276926,-0.030804653195790527,0.07479022166816297,-0.073043160470175,-0.01253274541097059,0.05669237303720887,-0.01643484225169867,-0.026625915591014657,0.01328082589362696,-0.04764043113048713,0.005896490382609624,0.003796816981592297,0.08356952569116033,-0.010785032622073677,-0.011132583009632574,-0.035073666836306645,-0.07536521840862015,-0.017736147418702525,-0.030804653195790482,-0.11193432459723866,0.12455210790843013,-0.0700521693741457,-0.03561938169433753,-0.03417546763319195,0.01834431778265247,-0.06502948671915135,0.010117087960763884,-0.0718591462949467,-0.028101272126547904,-0.04901201867600489,-0.01983642877405668,-0.0446636318925241,-0.06820537075340442,0.1984909148832652,-0.08888828455110426,-0.08481460078784898,-0.04581342591810431,-0.04185447310576032,0.11047307949342743,-0.054038474769058334,-0.024540578754829283,0.023729412063075113,0.03886799938936307,0.02556871185020627,-0.058305323007453676,-0.03615336821587183,-0.01736287045866429,-0.029483031167092374,-0.008858951738437827,-0.02052496637592438,0.026485748658079872,0.022858542402583476,-0.03458458313861332
Neighborhood_Crawfor,0.010411892775901916,0.024651518816282976,0.024108951833045057,-0.1872667931365116,-0.05226525730866577,-0.023166326121701955,-0.019662934330816197,-0.010640415763115854,0.05026328191781016,0.10001328771526204,-0.21784089171700838,-0.05599164924483187,-0.06328164731032435,-0.05647321913191988,0.002121576171482904,0.07115960252664812,-0.041067585124056,0.05163706660616797,0.05291289686205354,-0.04830603340119421,0.012221457825645012,-0.032339278179841946,-0.03233927817984189,-0.015799581750333632,-0.04886602328190642,0.21032294644872837,-0.006194995785948148,-0.19464491887927993,-0.00498083259659544,-0.019509211882810455,-0.01356372563626454,-0.009971922616735402,0.0187220444843906,0.17597738964923484,-0.01803295928306207,-0.007046376220444553,-0.02002654294231608,-0.03869631248501389,-0.026603397168173674,-0.06437831020650586,1.0,-0.05158935965689413,-0.04550365666192293,-0.03067806783975459,-0.020650039495828443,-0.03545390891638984,-0.08120586031790157,-0.014983633443087818,-0.04364683843701671,-0.03233927817984198,-0.044891473839008884,-0.05510423979884037,-0.025111557233954574,-0.04396062276756251,-0.039042402073702964,-0.047597643377254736,-0.025111557233954578,-0.03110080223146835,-0.016576458143047545,-0.029813204623758156,0.0432496034326833,0.036412194469472525,0.011069604809843373,-0.01657645814304755,-0.02561779168595299,-0.007046376220444557,-0.011152779014381192,-0.012221457825644997,0.019383906107205234,-0.004980832596595438,-0.007046376220444554,-0.004980832596595439,-0.004980832596595439,-0.007046376220444556,-0.002144607519529686,0.003694802341748214,-0.03314201382647403,-0.013656317683748543,0.019559154558802243,-0.04745388291999893,0.0364121944694725,0.02656370030409937,0.036107189866900875,-0.0306780678397546,-0.041067585124055964,-0.034818237151959745,0.06970385875124643,0.028288010397426344,-0.01320522496742485,-0.007046376220444556,0.025617791685953007,-0.004980832596595437,-0.004980832596595436,-0.004980832596595438,-0.016576458143047527,-0.011152779014381185,-0.012221457825645007,-0.004980832596595439,-0.007046376220444556,0.107760654593303,-0.004980832596595438,0.03484890819284637,-0.059786796414983114,-0.004980832596595439,0.03456866389435439,-0.025265242082405753,0.09381351869964427,0.08990922256706091,-0.12483425531925776,0.10506015805786063,0.0025888266107976753,-0.008632974199265068,-0.013205224967424859,0.03239883266655321,-0.004980832596595438,0.03578199644952981,-0.045245595495204384,-0.015799581750333594,0.03717605392550072,-0.004980832596595438,-0.012089422393575073,0.18041260170322507,0.14362191809455074,-0.12244616087587834,0.06680699862087669,0.039188936557918296,-0.0368287785959858,0.04974219208265544,-0.019406025386680112,-0.01872015597182949,-0.03200050695970801,0.03345704994667437,0.0005961545583904603,0.09823477436737414,-0.004980832596595437,-0.08872789668508062,-0.00862939237140387,-0.07209698037236344,-0.024595632333712446,0.04609007297645195,-0.008632974199265057,0.04334662845256325,-0.034638117037424886,0.030174286439900437,0.013193658569266851,-0.00704637622044457,-0.029263106011477587,-0.021717499119164183,0.041959369396510626,0.0350145280470071,0.03498017300051121,-0.06273098913624459,0.0070588599356499835,0.08237694656272176,-0.010501430530245139,-0.028931741418591877,0.019559154558802232,0.02975135454282295,-0.017518791805622484,0.00938505416881755,-0.022476888206931514,0.012549887109015306,0.04079933652400459,-0.007046376220444556,-0.0099719226167354,0.0681129318557773,-0.004205234817672471,-0.004980832596595445,0.008599168273162261,-0.025432132849001008,0.029263102207977808,-0.008632974199265045,-0.0049808325965954425,-0.008447058633950663,0.03788869516608261,0.01925536618634316,-0.0199557374189209,-0.011152779014381211,-0.002144607519529716,-0.004642060079061841,-0.019383906107205216,-0.004980832596595438,-0.0074855149306081465,-0.028931741418591797,0.013686221646286674,-0.022421431837205925,0.009693802120789014,-0.08783157610577465,0.07690106314944133,-0.032508497277216414,-0.01498363344308781,0.08858917354840846,-0.08839057573082261,0.08996995417285564,0.09044580709518484,0.0195591545588022,0.07374704103555182,-0.09957132402835518,0.06773432692683773,-0.014983633443087807,0.040799336524004595,-0.06279845160153057,0.051330515915447024,-0.010977372473071569,-0.007046376220444557,0.009971922616735261,0.0022473875113858777,-0.00894530517526082,-0.016576458143047517,-0.0070463762204445585,0.011152779014380823,-0.004980832596595439,0.06139575885597872,-0.0070463762204445585,-0.014983633443087814,-0.011152779014381218,-0.011152779014381184,-0.04396841745206179,-0.008632974199265056,0.041211996471037876,-0.009971922616735393,0.06531611062526273,0.04176541224577572,0.011199699034107256,-0.044883560200937485,0.06745932794578188,0.11456448481415639,0.06341815003692534,0.06825092217345254,-0.013205224967424874,-0.015314095633207314,-0.013054336188747797,-0.008136444166429703,0.04818534179058887,-0.022983112447135187,-0.01320522496742486,-0.004980832596595438,-0.01931755846695511,-0.019383906107205202,-0.004980832596595439,0.03615186864872664,-0.0070463762204445515,0.032235006971042986,0.19364163338995896,-0.011152779014381194,0.032235006971042944,-0.03606547476092178,0.021264743989779,0.08678599305154773,-0.035989141125969765,-0.02629133539850376,-0.0111527790143812,0.017897214169987415,-0.0173195232680506,-0.01105809151410868,0.01319365856926687,-0.007046376220444554,0.0036948023417482903,0.04740271716534734,-0.06220377618209365,-0.033635287773507265,0.0015999037847290447,0.008399502417063207,0.036914265639089255,-0.0036843303018752236,-0.032881784109308636,0.03694278007970966,0.03673281497861511,0.027947723986761652,-0.009971922616735402,0.023998293678606026,0.04966822061710273,-0.09654928807834269,0.31766175265266045,0.015805261831925908,-0.03869631248501374,-0.022421431837205904,0.003694802341748214,-0.0006152326514281144,-0.040401888259130145,-0.01579958175033361,-0.0012607495137127091,-0.011152779014381225,0.0036436377162993197,-0.03834759957404838,-0.13293588726918354,0.03156141931971367,0.08417370023507374,0.0772693225903834,0.12957360322190656,-0.020650039495828512,-0.035774829096214635,-0.005783319212393227,-0.05881405922366633,0.040245938087284674,-0.017103712760779134,0.09091804454068474,0.02870530196020568,0.04635585607425954,-0.016576458143047555,-0.004980832596595438,0.06703171666535897,-0.014876171578014368,-0.024824275983361184,-0.03575384184835512
Neighborhood_Edwards,-0.008579727148974538,-0.008103440762384732,-0.1999248028735079,-0.13739149112195229,-0.12817894654258,-0.07901697956769946,-0.07246336810490729,-0.09745153439525663,-0.04881268895623381,-0.09055471812520811,-0.04390596358794938,-0.18622118297031975,-0.050803138842620915,-0.054943372710189925,-0.015029673137562214,-0.17994896448338465,-0.05853291060117453,0.023548372065840945,0.07411416989013483,-0.05273780057152885,-0.024967276368968592,-0.046092607415048566,-0.046092607415048524,0.010358679029554039,0.10492305065898852,-0.036152576131600805,-0.008143914649462384,0.0018405911117677955,-0.007099093560413936,-0.026939607710295337,-0.034092240709191056,-0.014212806847152554,0.01779758394135734,0.007204050535529166,0.0031633306313942834,-0.010043076750863713,-0.028543481291928397,-0.055153177194089825,-0.037917356558180175,-0.09175727924076968,-0.05158935965689413,1.0,-0.06485556575516072,-0.04372491338014611,-0.029432140021596567,-0.05053183611348109,-0.1157412920170691,-0.021355910608225406,-0.06220907522417986,-0.046092607415048635,-0.0639830322877811,-0.07853910893830136,-0.03579106319963169,-0.06265630654085942,-0.05564645263002168,-0.06784008838628987,-0.0357910631996316,-0.044327429312930385,-0.023626135786658696,0.01720052743295995,-0.002376746986357871,-0.020127611035002192,-0.007210650260687552,-0.02362613578665873,-0.03651259030750871,-0.010043076750863708,-0.01589586081167062,-0.01741903002486189,0.0007367344601000975,-0.0070990935604139304,0.0632713835304414,-0.007099093560413937,-0.007099093560413937,-0.010043076750863708,0.0353007674606442,0.06493854481772773,0.0008788229300159502,-0.038488446469968476,-0.026681510798093836,0.01775587594666735,-0.020127611035002154,-0.023626135786658713,-0.09707628370041908,0.04254315896446647,0.020351442762869862,-0.027237359702510216,0.0390905155742898,0.009640081402241468,-0.01882117612106475,-0.010043076750863725,-0.04550030484474177,-0.0070990935604139235,-0.007099093560413926,-0.007099093560413937,0.0704488412547642,-0.015895860811670617,-0.01741903002486188,0.09654767242162945,0.13658584381174646,-0.03615257613160084,-0.007099093560413935,-0.02951779355827325,-0.05441385262874174,-0.007099093560413937,0.060119716257688256,-0.02483695592460212,-0.010043076750863722,0.08962082225187769,-0.0866793987310404,0.0692504914566988,0.08650675242086696,0.047577118091361864,0.05969001569823384,-0.035791063199631754,-0.007099093560413935,-0.028816525759757145,-0.055799604436881194,-0.022518867455552222,0.04862679260047615,-0.007099093560413931,0.0025071981566559616,-0.01589586081167063,0.08650675242086696,-0.07711404415574787,0.08339137160175736,0.023796830473257362,-0.091185536642954,0.08444783176679162,0.011820775074859919,0.0011434933199182683,-0.14614887272150218,0.14498448657050952,0.060938608754218186,-1.5805203028961607e-17,-0.007099093560413926,-0.03156104130793331,0.04144298419227317,-0.09997571887499546,0.0928976698333281,-0.017419030024861854,-0.012304427092593563,0.06386675278390364,-0.11705739922468944,0.11417035801007427,0.046646227217551246,0.06327138353044141,-0.0950503446527265,0.0077194726108837965,0.03225830225720382,0.012330167917641653,0.04369091291449196,-0.08776266323267723,0.023877133033138348,0.03666212211267629,0.017520647729248568,0.013495387052942164,0.0011434933199183101,-0.03338539917824151,-0.010037860996757847,0.020243493493648138,-0.07052875937396118,0.04342415428642861,0.05969001569823389,-0.010043076750863725,0.037663938144954286,0.06991956098967382,0.0036020743114435765,-0.007099093560413924,0.02195083717680521,-0.12635556498089873,0.1439216293996684,0.04757711809136194,-0.007099093560413929,-0.13023685779210575,0.07279780449051618,-0.1390567534567205,0.12288061431890535,-0.015895860811670624,-0.021128926509290637,0.06600793010354845,0.026154073333556266,-0.0070990935604139304,-0.07676470588235296,-0.004748376926035227,0.12080840293172623,-0.03195687453530712,-0.11522190927982558,-0.08613381235146828,0.16027308988528252,-0.03449327440714776,-0.021355910608225396,0.07675382653984258,-0.11307972031075822,0.1522023351568458,0.026039496799007467,0.0011434933199183576,-0.012304427092593564,-0.01727478071528228,0.046139479197496835,0.04793215492068374,0.02043441978858461,-0.06335286227223393,0.09452334831056203,-0.1360553111887339,-0.010043076750863722,0.014212806847152426,-0.02440577967839161,0.00479677083485484,-0.0236261357866587,-0.010043076750863722,0.015895860811670465,-0.007099093560413937,-0.014212806847152567,-0.010043076750863715,0.04793215492068366,0.030520052758407665,0.03052005275840756,-0.04268543281888401,0.04757711809136188,-0.0062512725648503145,0.19329417312127475,0.035382139363507766,-0.03195687453530712,-0.00038720546484710005,-0.04420884163585241,-0.028568903510807032,0.029119054708972213,-0.01373015874895104,0.010576029113934777,0.05969001569823391,-0.021242191625347354,0.03453728721438235,-0.04398411846421092,0.04156565309105237,-0.009983216177387962,-0.018821176121064737,-0.0070990935604139304,-0.001514759314202557,0.053044881127212645,0.09654767242162943,-0.005712734611671814,0.06327138353044134,-0.11741877326313432,-0.049090841545277486,0.030520052758407624,0.11719454899846858,-0.12817760770236392,0.031739151031919564,0.09188475197098359,-0.11177307549651458,-0.08555152543957725,-0.01589586081167062,-0.11055081164216718,0.005348462927041852,-0.03014272961544138,0.020351442762869907,-0.01004307675086371,-0.022848747250681985,0.018180339861808285,0.0765853814878886,0.0314990871825365,-0.023848052518821862,-0.02237688610419546,-0.013288861160595942,0.009140334048562165,0.02158050538428009,-0.04088363512160768,-0.055646452630021555,0.09295375795069351,-0.014212806847152579,-0.02468521350942398,0.09218984197118248,-0.1107323367484857,-0.015156744068443681,-0.028543481291928546,0.0003803667392695876,0.014700162286241226,0.06493854481772773,-0.06825821130944536,-0.004204553662338599,0.0761137719997666,0.03718092925235407,-0.015895860811670652,0.17322874588621737,0.02934172949393093,-0.08872722199450216,0.00530787349736734,0.046510499644617384,-0.011665637391127607,-0.011281620386083564,-0.004155125650107757,0.014765968616003275,0.07742703490600146,-0.021454795881030275,-0.0034673357472332095,-0.014672342881945789,-0.03853368167940988,-0.04945479362135735,-0.005722562967978971,0.007732189893815578,-0.0070990935604139304,-0.03591804209954455,0.03458092710991179,0.02474640308929733,-0.008234219687853558
Neighborhood_Gilbert,0.04347137879954838,0.02067046688405813,0.07917261169713055,0.21376910683203326,0.16174657698947245,-0.0815454079043545,0.047519137002018916,-0.10275028012636471,-0.13623154241963545,0.057302255172673934,0.18084724813689596,-0.022755316997960632,0.01637492790006759,-0.014543228384964147,-0.010717242516929766,0.03593962229468401,-0.05162811643976164,-0.025176369338214176,0.12392481642907849,-0.10020379164054617,0.015364206241492208,-0.0406553249820555,0.08762421231853357,0.12696879328632737,-0.22024178032492228,0.08814030530086808,-0.03802882982778902,-0.01937885362993589,-0.006261653917248717,0.023606235769729207,0.024988322082792818,-0.012536202954956275,-0.04671075606292012,-0.03694904146370482,-0.022670135553552684,-0.00885835217455685,-0.025176369338214148,-0.048647070937595786,-0.03344446191668466,-0.08093319549947578,-0.04550365666192293,-0.06485556575516072,1.0,-0.038566934330160924,-0.025960198057806274,-0.04457088314910157,-0.102087950860004,-0.01883667544009815,-0.05487062485526581,-0.04065532498205553,-0.056435318305464624,-0.06927429747975666,-0.03156899527795532,-0.05526509884017275,-0.049082157479194366,-0.05983737945915204,-0.031568995277955245,-0.039098374889243157,-0.02083909508150726,-0.04474082609995011,0.007237200270023391,-0.017753271373258443,-0.027463856197199026,-0.020839095081507227,0.15092953108312954,-0.008858352174556852,0.03780269166532163,-0.01536420624149228,0.02436847841277111,-0.006261653917248715,-0.008858352174556853,-0.006261653917248715,-0.006261653917248717,-0.00885835217455685,-0.014226201159165688,-0.04596391901367903,-0.041664484135423695,-0.06960598796405075,-0.023534044900974244,-0.1712616911445228,-0.01775327137325841,-0.020839095081507268,0.23625482031575168,-0.03856693433016094,0.051125408392636525,0.08250488830205323,-0.02083909508150725,-0.07228036240390444,-0.01660094914692479,-0.00885835217455685,0.032205407941486554,-0.006261653917248714,-0.006261653917248714,-0.006261653917248714,-0.02083909508150722,-0.014020716627044155,-0.015364206241492245,-0.006261653917248717,-0.008858352174556853,-0.045039353937700914,-0.006261653917248715,-0.04994278615107644,-0.00010395019553636366,-0.006261653917248716,-0.08381769722667469,-0.056031421886908434,-0.00885835217455685,-0.031568995277955265,0.21627412263906484,-0.07954604810879741,-0.03220540794148644,-0.010852943893212657,-0.01660094914692481,-0.031568995277955265,-0.006261653917248715,-0.049514034360315845,0.006937448351734515,-0.019862444890336325,-0.08200063795091261,-0.0062616539172487135,-0.06828865382034559,-0.014020716627044178,-0.032205407941486394,0.22115034567960554,-0.07673702615185317,-0.039098374889243157,-0.039980198880776,0.07294275445075386,-0.052732965678870695,-0.023534044900974202,0.0936675713279096,-0.0812538828156096,-0.03344446191668466,-0.06963337595442788,-0.006261653917248713,0.07986841697074981,-0.19732586221193657,0.24372964905026565,-0.0071103874031684606,-0.015364206241492255,0.056004853929954,-0.03748377275928986,0.23015527813922065,-0.19483831092543288,0.036446333416579595,-0.008858352174556857,0.0006856750230304144,-0.023601141730982707,-0.047037757356119723,0.021897844577936074,-0.08033053262624172,0.01595501410117831,-0.04146300436418022,-0.06519779731128895,0.14754501669436762,-0.03637153999320954,-0.0235340449009742,-0.04313908382683789,-0.046872803081980274,0.08566503806729987,0.03580367380743987,-0.026722084237762192,-0.016600949146924813,-0.008858352174556848,-0.01253620295495626,-0.04457088314910149,0.09753227472810114,-0.006261653917248717,-0.14737676382329148,0.05082270682614159,-0.0328303485279396,-0.01085294389321265,-0.006261653917248716,0.07318651712680141,-0.039623421186398305,0.07591939772781714,-0.03494192697753465,-0.01402071662704417,-0.03522746879554786,-0.03693145364760311,-0.0243684784127711,-0.006261653917248718,0.06485556575516079,-0.0363715399932095,-0.1498332014148025,-0.028187104017454886,0.19227580507148176,0.016148471440732302,-0.0007501786169787934,0.23201163873809996,-0.01883667544009813,-0.13677956932723878,-0.025607525093055174,-0.20697052118478962,-0.04409811002411295,-0.023534044900974188,-0.010852943893212648,0.05286296825034208,-0.03748377275928988,-0.018836675440098163,-0.016600949146924792,0.04642026254685807,-0.013301553369364802,0.06055094997894133,-0.00885835217455685,0.012536202954956228,-0.046872803081980226,0.062005933382649314,-0.0208390950815072,-0.008858352174556853,0.01402071662704387,-0.006261653917248714,-0.012536202954956261,-0.008858352174556852,-0.018836675440098146,0.03780269166532169,-0.014020716627044152,0.05906334966944724,-0.010852943893212667,-0.02285496934145156,-0.012536202954956261,-0.021773239435992593,0.023905518597081992,-0.006495536507847499,0.05665933401867322,0.20080588754819295,-0.09748688854813399,0.0643196511882948,-0.05907139950940232,-0.01660094914692481,-0.045039353937700956,-0.1152103634148567,0.13083320070993848,-0.004505696664967703,-0.02889322082086041,-0.016600949146924792,-0.0062616539172487135,-0.07294275445075411,-0.024368478412771146,-0.006261653917248718,-0.03098018418429788,-0.00885835217455685,0.17561813186951322,-0.036219227269342374,-0.014020716627044162,-0.20207142139321782,0.2149064881547232,-0.0363715399932095,-0.13909692017722555,0.17959735880070662,-0.04404037911806513,-0.014020716627044166,0.22024178032492261,-0.021773239435992586,0.05286296825034213,-0.051628116439761715,-0.00885835217455685,0.0030433753582572256,-0.00858285215553267,-0.03720074012777094,0.017129817075741696,-0.005517028024002191,0.02755002365728547,0.004361186184676255,-0.020992077882794873,0.002331461049662307,0.009706780080477378,0.012415332260881802,-0.05326938547650985,-0.012536202954956275,-0.021773239435992582,-0.06896312651818516,0.3287572649637052,-0.049514034360315866,-0.025176369338214218,0.05985861762247154,-0.02818710401745481,-0.04596391901367903,-0.06020617880196774,-0.0507912355968255,-0.019862444890336367,-0.01330155336936479,-0.01402071662704417,-0.03156899527795528,-0.04820868648628237,0.1743902967936086,-0.0852062397699193,-0.07923651232590723,-0.04049147641170721,-0.029583435288392208,-0.02596019805780627,-0.05164848669532432,-0.09198952941171966,-0.038986084967956115,0.095635589752895,0.1167008809701725,-0.0007984597388743901,-0.026468589399403913,-0.026722084237762185,-0.020839095081507258,-0.0062616539172487135,0.008680608567015085,-0.04808840316801778,0.012280817300832523,-0.03233690692237208
Neighborhood_IDOTRR,-0.04307327315382435,-0.038909695865920677,-0.15658828075902148,-0.23136923381847946,-0.1600700449433729,-0.0775600275749097,0.004993377466023331,-0.11419945056433156,-0.1366354562379679,-0.1145495058922982,-0.11345870274319993,-0.11843344504113752,-0.09558376966191656,-0.019044247872957935,0.022011388039900246,-0.16405585189091743,-0.0348071116645689,-0.016973632959980525,-0.3112123579560233,0.2748316953912215,-0.194009655486212,0.02534960712236114,-0.0010298842522983062,-0.013391043193216988,0.09549760052048917,-0.006401278706751575,0.030566164142994314,-0.07520659983926263,-0.004221538613690467,-0.04229967096128521,-0.029408729315645216,-0.00845177097661471,0.022723571883367717,0.07084441230688764,-0.015283957542477886,-0.005972204189622774,-0.016973632959980514,-0.03279732337813941,-0.022547890583103383,-0.05456427558048721,-0.03067806783975459,-0.04372491338014611,-0.038566934330160924,1.0,-0.017502081713298298,-0.030049202135223076,-0.06882658036415445,-0.01269948064438369,-0.036993175388653106,-0.02740937562695789,-0.03804807460631944,-0.046703973999822845,-0.021283471479346356,-0.03725912543657786,-0.03309065396777744,-0.040341707042130893,-0.02128347147934628,-0.026359696896185104,-0.014049490074597454,-0.0010040671778456097,-0.011806884801710849,-0.01196906146714451,-0.018515831591705174,0.036349172109462105,-0.02171253393933594,-0.0059722041896227785,0.06514639284970455,0.0577642985791078,-0.026789568227284843,-0.004221538613690465,-0.005972204189622775,-0.004221538613690467,-0.004221538613690467,-0.00597220418962278,0.03671203529453981,-0.007473287142415056,-0.02808973969523826,-0.046927596098033125,0.07357351865354593,-0.04705619188717148,-0.011969061467144522,0.0363491721094622,-0.05943142322821474,-0.026001405481377395,-0.03480711166456897,0.021981659513369018,0.03634917210946209,-0.024684151293694893,-0.011192178420242017,-0.005972204189622778,0.021712533939335997,-0.004221538613690465,-0.004221538613690462,-0.004221538613690465,-0.01404949007459746,-0.00945261386446696,-0.010358379874444197,-0.004221538613690467,-0.005972204189622775,0.01756248260570303,-0.004221538613690466,-0.011889983024459668,-0.06828331184104988,-0.004221538613690467,0.0782667577576782,-0.028923158236959696,-0.005972204189622778,0.01230989972048683,-0.08255518151313113,0.09739040544399839,-0.02171253393933589,-0.007316936119897294,-0.011192178420242045,0.04590327092031998,-0.004221538613690466,-0.01142801066934832,-0.06554024329628994,-0.01339104319321699,0.08103870301225763,-0.004221538613690465,-0.03822012799769766,-0.009452613864466943,0.011239960396870384,-0.08958093152516797,0.08938815723073928,0.028384481579533542,-0.09730152815486785,0.123526528539751,-0.049986333730050576,0.20773339030322505,-0.10501638650264343,0.07220575474546012,0.1998840030069702,0.018885078113131455,-0.004221538613690466,-0.09975203027368033,0.025787467775657238,-0.09120999580666916,0.01342795496120797,0.05776429857910777,-0.007316936119897293,0.0032198762283586046,-0.12932483283717786,0.15381593923002376,-0.034807111664568964,0.11185777036239443,-0.05177361985935032,-0.036165321636450504,-0.014440971961888814,0.03626487817657388,0.018039468873792767,-0.0924887286268956,0.022344588738809686,-0.005612193948147183,0.09497882411051461,-0.024521294621179853,0.0288535614369858,-0.029083898685707633,-0.00850921355681402,0.030297098705690077,-0.005626867350842349,0.021478221043170164,-0.011192178420242022,-0.005972204189622777,-0.008451770976614712,0.0425462227695078,0.01047685008445535,0.1623580931697709,0.06848600258909143,-0.22250111609269757,0.10725728346936528,-0.007316936119897286,0.16235809316977098,-0.18429735596028174,0.13545667173436868,-0.08758131224619504,0.06426848305287464,0.06514639284970468,-0.02374997432760125,-0.024898782285556198,0.026789568227284944,-0.004221538613690465,0.009217684442301049,-0.024521294621179864,0.08750089025334624,-0.019003437365008414,-0.07361498620836848,-0.12895571768582437,0.019938100305719502,-0.04083783333452704,0.09865932860967135,0.14013675447920385,-0.07397350642582026,0.13635180739427957,-0.005289879795908884,-0.01586639577957399,0.08892384527694991,-0.026403926913799346,0.08869295429024206,-0.012699480644383672,0.051898865956411945,-0.10850674748061533,0.06880433385599596,-0.2532267532682391,-0.005972204189622776,0.008451770976614969,0.014582704273945193,0.002227131965218748,-0.014049490074597444,0.1118577703623943,-0.06514639284970448,-0.004221538613690465,-0.008451770976614707,-0.005972204189622778,0.0986593286096714,-0.009452613864466962,-0.009452613864466955,-0.048691176758388396,-0.007316936119897288,0.011465870240337957,-0.008451770976614698,0.03359042447153418,-0.019003437365008383,-0.015448875646433106,-0.04934154971440257,0.026470731707448417,0.19611481121176097,-0.020846195813903318,-0.015143357331038077,-0.01119217842024203,-0.006401278706751618,0.09043615593319326,-0.03833378046335216,-0.04195105494284349,-0.019479493594040945,-0.01119217842024201,-0.004221538613690465,-0.08798282895992478,-0.016428961730544936,-0.004221538613690467,-0.03882432039318784,-0.005972204189622773,-0.09183431387385647,-0.03097194203534381,-0.00945261386446695,0.14492884197358746,-0.1436895636780933,-0.0245212946211799,0.1268432843682305,-0.1308049794317705,-0.04743563319636747,-0.009452613864466955,-0.06836302444006477,-0.014679279985591705,0.014958447865328534,-0.013676806870277626,-0.0059722041896227785,-0.007473287142415066,0.005268656697423424,-0.023212703762021315,-0.014705325800552423,0.029802979509453917,0.0008299342659091783,-0.017194004375912956,-0.012795178978116143,-0.004653629341027802,-3.958289530978432e-05,0.011171695819629804,0.19000607093044264,-0.008451770976614698,0.08186012892865996,0.1512897280275836,-0.08183100713435883,0.05443341924084341,0.024887015894025352,-0.03279732337813937,-0.01900343736500839,-0.007473287142415056,-0.04059034752705331,-0.03424289574970004,-0.013391043193216984,0.03808435604873172,0.1397453995638763,0.0123098997204868,0.10249846757009204,-0.1037137558481719,0.007077354669155948,0.04772895851025302,0.02365663614373895,-0.01994482864208423,-0.01750208171329833,0.044478880436184164,0.00034354503754972457,0.056707937882280804,0.006908661440495351,-0.06180235344716619,-0.03752357055727785,-0.029408729315645196,-0.018015737046286465,-0.014049490074597454,-0.004221538613690465,0.03820125410788899,-0.00755742931230831,-0.036842243882201385,0.02099966197818536
Neighborhood_MeadowV,-0.17813745627624514,-0.08912270010521829,-0.1278695782637339,0.004746853134499427,-0.04291409211329923,-0.059122288519208144,-0.09891261688229395,-0.10000708696269209,-0.1231272121543876,-0.0943291186986548,0.011717888059489697,-0.10842759988674847,0.04335659323522628,-0.029133700767480657,-0.009517667450584492,-0.1125441547459984,-0.023429383961320917,-0.011425302037994897,-0.20948344977103975,0.25907400940407016,0.006972438897956924,-0.018449815425442582,-0.018449815425442564,-0.009013787057082378,0.08254624455151263,-0.02043933402078412,-0.01725788421265738,0.036591741860222744,-0.002841604613472636,-0.028472779986462003,-0.019795621584200136,-0.005689061168664086,0.06759483414642078,-0.02342938396132088,-0.010287946703597166,-0.004020013680035241,-0.011425302037994899,-0.022076554059848288,-0.015177449685580604,-0.03672833803236499,-0.020650039495828443,-0.029432140021596567,-0.025960198057806274,-0.017502081713298298,1.0,-0.020226737034148665,-0.04632858921580536,-0.008548282057815859,-0.024900868491524515,-0.01844981542544258,-0.02561094288808413,-0.03143740709963185,-0.01432634313714187,-0.02507988494791451,-0.022274000922962355,-0.027154834134293617,-0.014326343137141845,-0.01774325504616404,-0.009457001218333828,-0.026305809545678,0.04324351824264389,-0.00805662186144086,-0.012463387709552642,-0.009457001218333844,-0.014615153918552283,-0.00402001368003524,-0.0063627491359514385,-0.006972438897956948,0.011058672612085846,-0.002841604613472633,-0.004020013680035241,-0.002841604613472636,-0.0028416046134726357,-0.004020013680035238,-0.015986597019462166,-0.020858911407218354,0.2454390535041503,0.20638100707164353,-0.010679997880442443,-0.08240795430692162,-0.008056621861440863,-0.009457001218333832,0.03909301685011559,0.22624710081212823,0.007527087154994472,0.05739100295436189,-0.009457001218333835,-0.05357229643153581,-0.007533685877141772,-0.004020013680035244,0.014615153918552334,-0.0028416046134726322,-0.0028416046134726322,-0.0028416046134726357,-0.009457001218333832,-0.00636274913595143,-0.006972438897956957,-0.0028416046134726357,-0.004020013680035242,-0.02043933402078413,-0.002841604613472636,0.5197987549048003,-0.04596290398042639,-0.0028416046134726357,-0.04571848105016553,-0.030677137087794026,-0.004020013680035243,-0.014326343137141859,-0.08012702261829692,-0.04399224618942993,-0.014615153918552289,-0.004925180446616467,-0.007533685877141782,-0.014326343137141873,-0.002841604613472636,0.5242997948600354,-0.044116488029952154,-0.009013787057082386,-0.04498204137048417,-0.0028416046134726335,-0.03562687764030581,-0.00636274913595144,-0.014615153918552278,-0.07880932671074127,-0.042866964663122425,-0.017743255046164027,-0.05799826679707317,0.07611142877815483,-0.0336468310575803,-0.010679997880442448,-0.07690739012271448,0.08487544780988032,-0.0151774496855806,0.006384727609467752,-0.0028416046134726322,0.0014167532751405126,0.07236481998869915,-0.04541616808124665,-0.014032003877931333,-0.006972438897956949,-0.00492518044661647,-0.0170105315641524,0.06208087822355454,-0.03822042366564889,-0.0234293839613209,-0.00402001368003524,0.0312863832056375,-0.012390005986606974,-0.007791037859757208,-0.0347169617696838,0.02700788069958082,0.0018768177551643473,0.0040271357388543165,-0.012173448083363896,-0.033368547083709656,0.02645045267612324,0.12035190888801077,0.016973384406400758,0.012558914969619885,-0.061688652075613894,0.016248084933316368,-0.012126763768029122,-0.0075336858771417855,-0.004020013680035244,-0.005689061168664086,0.015224686819221171,0.003333637978581918,-0.0028416046134726327,0.07036050959684413,0.028634313277027833,-0.014898758550344518,-0.004925180446616453,-0.0028416046134726327,0.03321281365273698,-0.01798152659550229,-0.0758505876937666,0.08225996129389797,-0.006362749135951435,-0.01598659701946215,-0.016759883323828113,-0.011058672612085905,-0.0028416046134726344,0.0041551256501077835,-0.01650578859989449,0.007808098308238763,0.04213705242771361,-0.010027164030787867,0.05261083151734364,-0.01246338770955263,0.026165797216073254,-0.008548282057815841,-0.065184886950281,-0.026953419663881345,0.03853586044968453,-0.020012187601866464,-0.010679997880442436,-0.00492518044661646,0.023989772741709135,-0.01701053156415243,-0.008548282057815848,-0.007533685877141781,0.021066004917391155,-0.01572113524233983,0.032481009534635945,-0.004020013680035244,0.005689061168664139,0.012558914969619833,-0.012737503940080271,-0.009457001218333825,-0.004020013680035243,0.006362749135951376,-0.002841604613472636,-0.005689061168664087,-0.004020013680035239,-0.008548282057815854,-0.006362749135951437,-0.006362749135951435,-0.032775034216989615,-0.004925180446616471,0.04236250588762587,-0.00568906116866408,-0.009880925782424284,-0.012791605201270241,0.03412047866277025,-0.033212813652737094,0.0213013805326367,-0.044240578593520846,-0.014032003877931345,-0.031887513493741075,-0.007533685877141781,0.19020603776988543,-0.04702358020099829,-0.0174774798365359,-0.02677158672759668,0.04051145503597761,-0.0075336858771417655,-0.002841604613472633,0.04105166566244441,-0.011058672612085887,-0.0028416046134726353,-0.02613344991952528,-0.00402001368003524,-0.020150167859157898,-0.03173796472787623,-0.006362749135951431,0.09547131933269144,-0.08877185976031708,-0.016505788599894478,0.06910092528817947,-0.08491536714680498,-0.04083149771822377,-0.006362749135951436,0.023461466978082525,-0.009880925782424286,0.02398977274170909,-0.023429383961320882,-0.00402001368003524,-0.020858911407218385,-0.030369307963219624,0.007743050799509457,0.02991900559966113,0.01778144693140096,-0.030015455317216083,0.0364412868391408,-0.023049598604984966,-0.02765461209326955,0.0022616107019831255,0.010148772105477419,-0.024174209166994764,-0.005689061168664088,-0.009880925782424286,-0.03590414561142484,-0.05508213679344424,-0.02246999120828718,-0.011425302037994904,-0.022076554059848295,-0.012791605201270196,-0.020858911407218354,0.026620208924918298,0.22832230775003304,0.5328738819039894,-0.015721135242339784,-0.00636274913595144,0.03488885916927486,0.07701189850981364,-0.07155103364816101,0.034901168977049986,0.011265918772627502,0.004766431932958537,-0.013425275064515421,0.3453181688475806,0.0223179412120792,-0.035958190502997256,0.03314923169498906,-0.05854070410486708,-0.041600437364093856,-0.02525788840678472,0.016376603087805128,-0.012126763768029125,-0.009457001218333833,-0.002841604613472633,0.002585294817432913,-0.024211571093835264,0.016111597716346966,0.018916819060233184
Neighborhood_Mitchel,-0.007162345640287627,0.020683539132593277,-0.06840372063897092,0.0647288733646522,0.006187563629773464,-0.04312611431893601,-0.0593113807883951,0.015851861503079122,0.011634924758566083,-0.07849264487475974,0.037687131446842714,0.007864402303055794,0.012779177273781969,-0.017016560838870633,0.006664017255424256,-0.057845054186763493,-0.0402257460621126,-0.0196160214550264,0.050002648169794536,-0.02471855115946099,0.011970931758420946,-0.03167635954158749,-0.03167635954158746,-0.015475708188262273,-0.016137454515715764,0.006731963499031876,0.09298829602907986,-0.03768069619111976,-0.004878731159947838,0.09057363864686355,0.05219795672945552,-0.009767509477855098,-0.05345222800707004,0.10728970574494412,-0.017663304006740023,-0.006901933474916694,-0.019616021455026375,-0.03790308183108955,-0.0260580576053797,-0.06305862763666359,-0.03545390891638984,-0.05053183611348109,-0.04457088314910157,-0.030049202135223076,-0.020226737034148665,1.0,-0.0795412319968594,-0.014676485898762377,-0.04275212759839279,-0.03167635954158751,-0.043971249381892195,-0.0539746651866196,-0.024596798703062094,-0.043059479704942935,-0.03824207697451706,-0.04662194550433698,-0.024596798703062014,-0.030463270949871626,-0.016236659493301532,-0.02855054953660089,0.05212266597617977,-0.01383235793360206,-0.02139830351091566,-0.01623665949330154,-0.02509265592116889,-0.0069019334749167,-0.010924159654485432,-0.01197093175842093,0.01898655794843732,-0.004878731159947838,-0.006901933474916696,-0.004878731159947838,-0.004878731159947839,-0.006901933474916703,-0.0010660891010215241,0.12835162064502623,-0.009968356948151435,-0.011708757334910795,-0.0183364139403672,0.05806857271653689,-0.013832357933602045,-0.01623665949330154,-0.09860483558083978,0.09094317270599517,0.05197141131729802,0.015702688550357027,-0.016236659493301532,-0.015318711595155791,0.04212207907307332,-0.006901933474916701,0.025092655921168806,-0.004878731159947838,-0.004878731159947838,-0.004878731159947837,-0.016236659493301567,-0.010924159654485429,-0.01197093175842094,-0.004878731159947839,-0.0069019334749167,-0.014180093327748083,-0.004878731159947836,-0.01990545750292816,0.12232373366750486,-0.004878731159947838,-0.05723198594561286,0.06357745468853672,-0.006901933474916697,-0.024596798703062042,0.005696855775561473,-0.07552998093502519,-0.025092655921168855,-0.008456007989059744,-0.012934532786091461,0.004718569547118029,-0.004878731159947836,-0.019420505295217105,0.06599067943933393,0.12285817316804136,-0.06647645848239571,-0.004878731159947839,0.08001536800160887,-0.01092415965448544,-0.025092655921168827,0.008678594883727407,-0.07359799292371615,-0.006576925307115122,-0.015986149814397343,0.036710920737690826,-0.03087346441276744,-0.018336413940367193,-0.091731254331265,0.1065350364799492,0.0016713622953887862,0.039298764071464376,-0.00487873115994784,-0.035173059838979025,0.043903411820955,-0.013125077896189337,0.005818003154000062,-0.011970931758420903,0.075528833262826,-0.029205263109383598,-0.0441912031992858,0.022682746380860985,0.015092548365533686,-0.006901933474916708,0.010844867644579153,0.01979479074675837,-0.011708757334910804,-0.05912621750433275,-0.012186398471571769,0.008171328752669736,-0.04305947970494287,-0.032562490130485934,-0.054412426199848915,-0.02833867343120867,-0.0183364139403672,0.0534743011785188,-0.036520671370901196,0.006843579576552592,0.027896223801796335,-0.020820356211383173,-0.012934532786091465,-0.006901933474916697,-0.009767509477855103,-0.013610263382461431,-0.052126484621794825,-0.0048787311599478396,0.05543842073315404,0.04916205293516252,-0.025579574737273743,-0.008456007989059725,-0.004878731159947841,0.04343046325581003,-0.030872357712602227,-0.07500393380880759,0.10901625203185464,-0.010924159654485451,-0.0010660891010215,-0.003558004165535053,0.0187282374321321,-0.004878731159947837,0.005362562199797995,-0.002751497667717866,0.0007653456410461385,0.04347543530672144,-0.023211838259038203,0.06450718849188025,-0.02139830351091563,-0.031215448738793027,-0.014676485898762373,-0.06021587427594281,-0.03492562982403222,0.03792287970624387,-0.03435878544433815,-0.018336413940367207,-0.008456007989059726,0.0411878736542496,-0.029205263109383612,-0.014676485898762396,-0.012934532786091465,0.036168077050132634,0.05343216800567707,0.0003793633941172337,-0.006901933474916697,0.009767509477854949,-0.016369431687788615,-0.011436833517638242,-0.016236659493301532,-0.006901933474916699,0.010924159654485397,-0.004878731159947836,-0.009767509477855102,-0.006901933474916706,-0.014676485898762394,-0.010924159654485462,-0.010924159654485439,-0.042528171209006406,0.07552883326282595,0.039046189220271206,-0.009767509477855095,0.025158227155774544,0.04347543530672144,0.017771702751183577,-0.04343046325581005,-0.10884183942840327,-0.05419490900175806,0.005818003154000045,-0.012559935684828704,0.042122079073073436,0.027644020325811834,0.026387203624488365,-0.03045670430533773,-0.0016013090513735998,0.009429218051118606,-0.012934532786091463,-0.004878731159947839,0.07184973028638343,0.056443032812701646,-0.004878731159947838,0.005265162119664755,-0.006901933474916696,-0.07510787170167436,0.0019823587487597443,-0.010924159654485429,0.04732896590831266,-0.043988119249439094,-0.0027514976677178483,-0.04711841696017416,0.033328016203133914,-0.035482441779252534,0.11927398806427973,-0.10225794042370637,0.02515822715577454,-0.08514467999113798,0.08885027426906203,-0.006901933474916699,0.005228515427064167,0.006484980974480625,0.016323486250710742,-0.009286392174485845,0.025209340027650788,0.0015194942558763543,-0.02878511455448012,-0.002140851021526158,0.0002068608587918306,0.005860650871323367,-0.018929232843491507,-0.04150453126762902,-0.00976750947785511,-0.01696449262338925,-0.023378431569632572,-0.07572194902916506,-0.0385785713296881,-0.019616021455026385,0.05945529162667031,0.07619406187775891,0.12835162064502623,0.017353027359521607,-0.0395736952302471,-0.01547570818826228,-0.00018361569761399997,-0.010924159654485465,-0.02459679870306206,0.04097742310318079,0.034082234056679206,-0.014668183662841627,-0.031528670644347695,-0.024878718506906986,0.008167911671112802,-0.02022673703414869,0.02663996212348079,0.09503524682781837,-0.029729145316640653,-0.0367904259754868,-0.0031412933444144716,-0.008909019024584552,-0.033986964757686235,-0.020820356211383208,-0.016236659493301567,-0.004878731159947839,-0.0003803111310802641,-0.0018989540469874545,0.014932756076173845,-0.021934371540805332
Neighborhood_NAmes,0.10202119310400724,-0.016123582733555675,-0.22825222748064639,-0.15935605655815765,-0.273896773589083,-0.004665716618771948,-0.11714255002211256,-0.03042499072472023,0.011039856817187972,-0.16669671941734238,-0.2547611382398251,-0.09170039037315814,-0.10717944259048247,-0.10853945224423034,0.06366746635346972,-0.18851259699796932,-0.09213557589959352,-0.008486733934049157,0.21186791527056809,-0.1788237628404789,0.027418974154358147,-0.07255352391128421,-0.06107079817573134,-0.012445672033036936,0.05688621449129909,-0.04908371669046322,-0.06786627865959675,0.1062965366077596,-0.011174552347320137,-0.05786369296124475,0.01888176645841028,-0.022372117336427376,-0.013203897775231895,-0.03694872838640105,-0.020263149336233223,-0.015808622034013127,-0.0449297678861426,-0.0868155998271481,-0.05968501219565308,-0.14443344229764837,-0.08120586031790157,-0.1157412920170691,-0.102087950860004,-0.06882658036415445,-0.04632858921580536,-0.0795412319968594,1.0,-0.03361594532955978,-0.09792215888621729,-0.07255352391128435,-0.10071451200854345,-0.12362696401648135,-0.0563380530045032,-0.09862613745997,-0.08759205560048847,-0.10678583293318628,-0.056338053004503195,-0.06977498959044462,-0.03718946494593286,0.02085969542933374,-0.045121062582145245,0.045411585636916496,0.051419626610966745,-0.03718946494593285,-0.057473795528301244,-0.01580862203401312,-0.025021381565701044,-0.02741897415435816,0.04348800512560097,-0.011174552347320127,-0.015808622034013134,-0.011174552347320134,-0.01117455234732014,-0.01580862203401312,-0.04970771705716458,0.091982688254626,-0.07435447010459363,-0.1100778002615104,-0.003066584483303767,0.17876571542110944,-0.03168250160715107,-0.03718946494593287,-0.19195661393313784,0.0035963438388476863,0.10101839039657964,-0.07271413460767409,-0.015251437139443186,0.07133709621810772,-0.0021631731084173515,-0.01580862203401313,-0.05727730391965748,-0.011174552347320125,-0.011174552347320137,0.0613358762175127,0.07250067408651555,0.007450811399564323,0.0022341386347995737,-0.01117455234732014,-0.015808622034013134,0.14910875798107234,-0.011174552347320134,-0.07964692989145884,0.04114328056487523,-0.011174552347320135,0.1224730815010187,0.009829699216577609,-0.01580862203401313,-0.012469489064996652,-0.19996309041751742,0.06677335908225782,0.014245641626672936,0.022524466618938102,-0.029626066484846714,0.10451334810702076,-0.011174552347320134,-0.0788065120201507,0.054923642394188,-0.03544653427130763,0.11811099593208192,-0.011174552347320127,0.019951923983510606,0.039923004364829595,-0.028786020666311474,-0.20218334377107453,0.10905457770478608,-0.010201021869948037,0.07179496324372275,-0.04403108385964459,-0.0719465415941412,-0.04199887444524714,-0.2461361361716163,0.27122071221782,-0.03202148273354069,0.02213207084761833,-0.011174552347320127,-0.0032960921185741132,0.4029946092379437,-0.3311268533693646,0.049253767906896666,0.0022341386347995316,-0.01936817193348188,-0.04208985858770407,-0.28504550389365946,0.3659614745310367,-0.06454215214299724,-0.01580862203401314,0.06600821616072054,0.0022952039202827064,-0.025231207187086317,0.08644171436594913,0.19605165517758041,-0.17801407493988,0.022450033692089255,0.1879160518237556,-0.15036087647789176,0.08824957629606689,-0.041998874445247115,0.118491560043866,0.15759103744896968,-0.18775124264385282,0.012069105333786708,-0.030496931444408185,-0.029626066484846652,-0.01580862203401313,0.0865055203675191,0.01525893021980569,0.0606020595638228,-0.011174552347320135,0.18770478053114273,0.05107342082178681,-0.016347072449706863,-0.01936817193348184,-0.011174552347320135,-0.07279259003449247,-0.03541643140226556,-0.1908283571205233,0.241799628646207,0.007450811399564283,0.108203289804399,-0.0407508978282669,0.03176235041025375,0.06133587621751267,-0.049485832409075746,0.07548638844145981,0.04331547588220884,0.08026079598172402,-0.08429678296415637,0.02962482838394349,0.001203803967480789,-0.0762153219762391,0.039094099383265746,0.0015455363436638536,0.029150184832401106,0.08088797761740982,-0.06805878180621974,-0.022532729464275453,-0.01936817193348186,0.0673323584129412,-0.042089858587704074,0.014857417812323985,-0.02962606648484665,0.03212935563399039,-0.04845094901913461,0.12082397871176484,-0.015808622034013134,-0.013920428564887902,0.17769439390816547,-0.18298331271402143,0.13831475750598476,0.035481573898562706,-0.039923004364829665,-0.011174552347320137,0.013920428564888126,-0.01580862203401313,-0.009379263758617907,0.007450811399564349,-0.025021381565701037,-0.12888715544960402,0.022524466618938137,0.06577271808820634,-0.02237211733642732,-0.03885653967205201,0.014979034347564106,0.06612998904323826,-0.13060871417672132,-0.21920966709209777,-0.032861977597004814,0.004496194580712597,0.05698116472504762,-0.0021631731084173975,-0.05951489956791246,0.008064068587493721,0.027061699891103408,-0.025931833897623092,-0.0037649075207744015,0.08022550702087039,-0.011174552347320127,0.04789903707475186,-0.04348800512560102,-0.011174552347320134,0.08895250417781685,-0.015808622034013134,-0.11134833168714792,0.04420767441997884,0.0399230043648296,0.2932599757066765,-0.26729855785226425,-0.06490867795921706,0.20138148740970982,-0.057336399321883835,-0.149056165550189,0.039923004364829644,-0.11200611134847645,0.045188716507497444,-0.04069538145837104,0.045831542883387484,-0.01580862203401313,-0.02061197434974094,-0.01707526200725513,0.008159944821178568,-0.007870179785867484,0.015087602929267465,0.05139128899535966,-0.04662475240854517,-0.04396220700231384,0.0339694758275873,-0.0014645528815359328,0.01837618642917967,-0.0950645858719678,0.01392042856488813,0.0031660884177227783,-0.04575677113696186,-0.14139577908823892,-0.07880651202015065,-0.026708250910095824,0.09772575949891224,0.01497903434756403,0.091982688254626,-0.09141658725104627,-0.09064207771022546,-0.03544653427130772,-0.04845094901913466,-0.025021381565701058,0.01677622022800761,0.03149521630679192,-0.1549594703714621,0.11126281345284739,0.08413224274297586,-0.0008401219206188675,-0.0060793806156201535,-0.04632858921580548,0.0003912935872524616,0.07093260329999564,0.13610448824820887,-0.0849157386225549,-0.08411959180594614,-0.04776483346746185,-0.03485581449535006,-0.030496931444408123,0.006686590667046479,-0.011174552347320127,0.010433704562485721,0.01472032453845095,-0.03188312143872479,0.03522362381670985
Neighborhood_NPkVill,-0.10509498462429502,-0.05722052399010672,-0.0056575757982451555,0.013503155679492144,-0.03213604949587597,-0.04495040100564799,-0.02377621849729148,-0.022325368231950353,-0.04949079818136942,-0.03935039234925683,-0.010888113013922241,-0.012152657278537425,-0.027880437595026116,-0.005937796680562943,-0.0069060032714017274,-0.037909739904049986,-0.01700032104755588,-0.008290179674884511,0.04080647930497086,-0.03299552154026916,0.005059189774064153,-0.013387154609718944,-0.013387154609718966,-0.006540388517157802,0.023572546221629114,-0.014830745909717512,-0.012522291354355383,0.026550905492864915,-0.0020618634616685508,-0.0206598006027551,0.035213061527710005,-0.004127973082268798,0.010044421481956164,-0.017000321047555864,-0.007464916583809135,-0.0029169150707926976,-0.008290179674884504,-0.016018709978065742,-0.011012731609331217,-0.026650019442430093,-0.014983633443087818,-0.021355910608225406,-0.01883667544009815,-0.01269948064438369,-0.008548282057815859,-0.014676485898762377,-0.03361594532955978,1.0,-0.0180680277133082,-0.013387154609718968,-0.018583256484542336,-0.022810928980410202,-0.010395170149199653,-0.018197921748783052,-0.0161619770852297,-0.019703501339951357,-0.010395170149199669,-0.012874475603431478,-0.006861983956736445,-0.01908745054631706,0.03137742309249079,-0.005845871083480673,-0.009043412867890524,-0.00686198395673645,-0.010604730759674039,-0.0029169150707926994,-0.004616799922473709,-0.005059189774064047,0.008024153988668379,-0.00206186346166855,-0.0029169150707926976,-0.0020618634616685503,-0.0020618634616685508,-0.0029169150707926994,-0.011599847534934272,-0.015135190545797237,0.14155499421063086,0.17277235427558466,-0.007749388249152327,-0.00831932650517287,-0.005845871083480667,-0.006861983956736443,0.042902977279802926,-0.012699480644383658,-0.017000321047555864,0.04164281387321532,-0.00686198395673645,-0.038871966932398826,-0.005466429625050505,-0.0029169150707926994,0.010604730759674054,-0.0020618634616685495,-0.0020618634616685495,-0.00206186346166855,-0.006861983956736439,-0.004616799922473708,-0.005059189774064053,-0.0020618634616685508,-0.0029169150707926976,-0.014830745909717528,-0.00206186346166855,-0.01644536847607774,-0.033350604746381976,-0.0020618634616685508,-0.03317325188500581,0.27865318831257846,-0.0029169150707926985,-0.010395170149199663,-0.05814003096900134,-0.03192069881385227,-0.010604730759674047,-0.0035737025330180357,0.6279452570871523,-0.010395170149199667,-0.00206186346166855,-0.01630418730203371,-0.03201084848146221,-0.006540388517157793,-0.03263889250930005,-0.0020618634616685495,0.09227805725688726,-0.004616799922473715,-0.010604730759674039,-0.05718391306558235,-0.03110419645733732,-0.01287447560343148,-0.052147624887894026,0.06467224976256697,-0.024414083236505662,-0.007749388249152314,-0.055803871120735295,0.06158548019039294,-0.011012731609331214,-0.026252235637134243,-0.002061863461668549,0.02934631244349574,0.0898944631641042,-0.0702577788949797,-0.01018159808466139,-0.005059189774064046,-0.0035737025330180357,-0.012342812694417513,0.05650595769181563,-0.03907779492704059,-0.017000321047555875,-0.0029169150707927024,0.022701346300473282,-0.02503618693820714,-0.02292014940351052,0.05417976819729043,-0.02645157210336479,-0.04988176705534088,0.021695420223023676,-0.02493319350361786,-0.054009650200788475,-0.011976572060304164,-0.007749388249152303,-0.014205017059054562,0.030932459693154786,0.0006419523217604583,0.011789582719304234,-0.008799159109975196,-0.005466429625050517,-0.002916915070792699,-0.004127973082268795,0.033912333630020115,-0.03501823210738217,-0.0020618634616685508,0.10307043830894619,0.020777008882922447,-0.010810513796863645,-0.0035737025330180275,-0.0020618634616685503,0.02409916094769331,-0.013047365033300241,-0.0466359903158015,0.06071721122077164,-0.0046167999224737116,-0.011599847534934286,-0.012160942758675608,-0.008024153988668277,-0.0020618634616685503,0.02135591060822544,0.10577289062012718,-0.09089570592765271,-0.00928156692016239,0.06547264711950579,0.039254518812981996,-0.00904341286789053,-0.019945816942927793,-0.006202618883528599,-0.027471702728588628,0.026998887831111457,0.01352231010689849,-0.014520809196575515,-0.007749388249152317,-0.003573702533018033,0.01740693819095906,-0.012342812694417542,-0.006202618883528596,-0.0054664296250505106,0.015285457243616338,-0.011407228922153633,0.023568165127565054,-0.0029169150707926985,0.004127973082268897,-0.015434471674407814,0.023993586055954863,-0.006861983956736442,-0.0029169150707926994,0.004616799922473653,-0.0020618634616685495,-0.004127973082268795,-0.0029169150707926976,-0.006202618883528606,-0.004616799922473717,-0.004616799922473706,-0.02378150893567243,-0.003573702533018034,0.004901825493574521,-0.004127973082268794,-0.00716958289751016,-0.009281566920162401,0.014026274082516155,-0.024099160947693363,0.019612642361970602,-0.0321008883827725,-0.010181598084661419,0.04157662612419222,-0.005466429625050514,-0.014830745909717514,0.036473914077947776,0.0007711610197987756,-0.03254948514666903,-0.009514079999909844,-0.005466429625050505,-0.0020618634616685495,-0.04682994351665855,-0.008024153988668261,-0.0020618634616685503,0.01948911965927441,-0.002916915070792697,0.05270202325171341,-0.02302901308291515,-0.0046167999224737055,-0.07055076339188159,0.07475839789958551,-0.011976572060304166,-0.04580241277053261,0.0691914609216419,-0.02962726511325717,-0.00461679992247371,0.03091175586319182,-0.007169582897510155,0.01740693819095899,-0.017000321047555857,-0.0029169150707926985,0.03208142953297192,-0.022035918068488727,0.0038756669742103455,-0.03174006505176561,-0.012937584518296165,0.06100510639399482,-0.023781508935672418,-0.01672474944065703,0.053083831878885414,-0.018836675440098184,-0.016161977085229668,-0.01754076494662173,-0.004127973082268792,-0.007169582897510159,-0.026051986827314123,-0.03996750452422695,-0.016304187302033722,-0.00829017967488452,-0.01601870997806572,-0.009281566920162387,-0.015135190545797237,0.12803924298353242,0.19860271249372788,-0.006540388517157808,-0.011407228922153628,-0.004616799922473714,-0.010395170149199665,-0.015874356921465695,-0.018714337145480084,0.0798090119073339,-0.03183043810159911,-0.017937382270528254,-0.0097413566923183,-0.008548282057815871,0.04926393365380792,0.006821494415918839,-0.028956136751996476,0.04130070380245109,-0.030185206409006408,-0.01832708075498509,-0.014363669263472854,-0.008799159109975196,-0.006861983956736443,-0.0020618634616685495,-0.0005881656324767348,-0.018835623661912805,0.03975923051332609,0.024819711854006613
Neighborhood_NWAmes,0.04984990898580035,0.03027658540433872,0.03807525643917623,0.0331468048725481,-0.03718530398175389,0.09453032911787096,-0.00028138703597983556,0.05043173163747312,0.09134143026737118,0.09272577985713751,-0.03763030604188449,0.0649830080540942,0.031005217460164713,0.05996558540936809,0.0036454749037137775,0.023482773020255216,-0.04952138404602976,-0.024149024617953877,0.11886795123309499,-0.0961148845027034,0.014737255788424924,-0.038996347354674346,-0.019973738888979548,-0.01905193970527867,-0.03424244297688146,-0.04320148200905867,-0.03647702873143479,0.07734192689678879,-0.006006141416396618,0.04225497592431323,0.01157301569065184,-0.012024651756097019,-0.018209104643412723,-0.04952138404602982,-0.021745059989413312,-0.008496879032243013,-0.024149024617953832,-0.04666198282530733,-0.032079730135446405,-0.07763064261850984,-0.04364683843701671,-0.06220907522417986,-0.05487062485526581,-0.036993175388653106,-0.024900868491524515,-0.04275212759839279,-0.09792215888621729,-0.0180680277133082,1.0,-0.038996347354674346,-0.05413242365379911,-0.06644749656936684,-0.03028079362397405,-0.05300995606142656,-0.04707931526362906,-0.05739566059827295,-0.03028079362397395,-0.037502930030867444,-0.019988736794361583,0.026770911848936523,-0.10968169942141617,0.15325949644064055,0.14003473775567624,-0.01998873679436158,0.1116837025956005,-0.008496879032243013,-0.01344858849341383,-0.014737255788424766,-0.0077913668062648805,-0.006006141416396618,-0.008496879032243013,-0.006006141416396619,0.11411668691153593,-0.008496879032243016,-0.03378997979190854,-0.010174227545444689,-0.03996432684809289,-0.06676565212083488,-0.02257371672773412,-0.008171094010332164,-0.01702883293784895,-0.0199887367943616,0.046083339291076754,-0.01699686436775953,0.05714005851464972,-0.05361720221602228,-0.019988736794361594,0.045134744240509485,0.12056388719676463,-0.008496879032243016,-0.01663374293977029,-0.0060061414163966155,-0.006006141416396614,-0.006006141416396618,-0.01998873679436159,0.040345765480241366,0.03438693017299117,-0.00600614141639662,-0.008496879032243016,0.025920889205435192,-0.006006141416396619,-0.016491825067946674,0.14791189128405055,-0.006006141416396618,-0.05270869485531603,0.1873171623163386,-0.008496879032243014,-0.030280793623973942,-0.11016623002432943,-0.07492882273816241,0.016633742939770227,0.05899045115774604,-0.015923532271270843,0.01816847617438441,-0.006006141416396619,-0.015831189671532592,0.1590146716118355,-0.019051939705278666,-0.050647981633365105,-0.00600614141639662,0.16863528160215782,-0.013448588493413823,-0.03089123688814483,-0.10708385451866624,-0.06300992726941605,-0.03750293003086743,0.18945372819664885,-0.15122315432339895,-0.037781136250272074,-0.022573716727734023,-0.08927193535545251,0.1016796087392485,-0.032079730135446426,0.038759735859409915,-0.0060061414163966155,-0.02017058416856643,0.20479580902327285,-0.14772114558177152,-0.029658665124169988,-0.01473725578842475,-0.010410079616072817,-0.03595421321389328,0.038800091244241205,0.004407767689119233,0.011428011702929943,-0.008496879032243018,0.007085173475944146,-0.06204458580251754,-0.00819929061133068,0.07706114067884416,0.016660015557546284,-0.054923510274937574,-0.024355925757952847,-0.018020874304905524,-0.05626089104713713,0.007400350389211256,0.009674450026171753,0.10254734725062829,0.07160314704799556,-0.10592922397064414,0.03434267223259514,-0.02563166521080786,-0.015923532271270826,-0.008496879032243016,-0.012024651756097028,0.04449711239832715,0.033437970994705024,-0.006006141416396617,0.1215077922155381,0.06052275326688013,-0.031490676203809354,-0.010410079616072827,-0.00600614141639662,0.0702000745244385,-0.03800655133484631,-0.03398009122456083,0.06442647760207351,-0.013448588493413828,0.009809994133134773,-0.014586530818366627,-0.023374100418794896,-0.006006141416396619,0.012441815044836038,0.007400350389211288,-0.2024295281694597,-0.027036903521793745,0.2324117136376973,0.14145924703463225,-0.02634316848869156,-0.031691737141994344,-0.018068027713308194,-0.12353707970306718,0.08943098275896016,-0.07745077510880911,-0.04229864641209937,0.04192261678007757,-0.010410079616072836,0.020878878012536465,-0.03595421321389334,-0.018068027713308194,-0.015923532271270843,0.044526041382560694,-0.03322888801774505,0.06865330091576088,0.16144070161261753,-0.10822186580487345,0.004995568398697362,-0.03156437212990026,-0.019988736794361597,-0.008496879032243016,-0.040345765480241824,0.11411668691153584,-0.012024651756097028,-0.008496879032243013,-0.018068027713308173,-0.013448588493413837,-0.01344858849341383,-0.06927476451198192,-0.010410079616072812,0.03386718481227531,-0.012024651756097028,-0.020884762536204703,0.054073807043587385,0.03357824528250166,-0.07020007452443863,0.015542731142161809,-0.04855267061985313,0.019772443416113342,0.04880607203900537,0.0750680807074196,-0.04320148200905864,-0.11614967767326695,0.05559758446148957,0.0921447331194918,-0.0013197241230865366,-0.015923532271270833,-0.006006141416396618,-0.03460190819264218,-0.023374100418794896,-0.006006141416396619,0.11047363533322135,-0.008496879032243013,0.12963070067890753,0.026249778974145772,-0.013448588493413821,-0.12330725186530209,0.11077256336770039,0.049688066898990114,-0.13342094344567798,0.1952143540382882,-0.07676699060752332,-0.01344858849341383,0.08642140370355783,0.048731112584477564,0.02087887801253648,-0.019046686171549882,-0.008496879032243013,0.057653956090853095,-0.003633391409970645,-0.011171475570606052,-0.0380708507754675,0.011209159992262598,-0.014562936397513646,-0.012492170649701654,0.013146303160634313,-0.032181445599840985,0.07015105203014999,-0.03112022534375476,-0.051095679602337546,-0.01202465175609704,-0.02088476253620472,-0.06534851063839392,0.11720280105025303,-0.04749356901459767,-0.02414902461795383,0.04988005060636295,-2.8023676876042892e-18,-0.010174227545444689,-0.057749410747434664,-0.04871865288940957,-0.019051939705278683,-0.03322888801774504,-0.01344858849341384,-0.03028079362397397,-0.04624148705148553,-0.10167313721115509,0.14470005824651655,0.05201423870816182,-0.037736842728138424,-0.002579659656481019,-0.02490086849152451,-0.0612013692603019,-0.07836683166525903,-0.0077390921871323065,0.0643117101744556,0.034325040201026794,0.06050435100024925,-0.02403626335750769,0.03132759081320957,0.016354421013568626,-0.006006141416396618,-0.033472176640506265,-0.0015479876160990644,0.030547964223859136,-0.01693248329025513
Neighborhood_NoRidge,0.13227671391982915,0.0630680011339334,0.22469281074550482,0.13608157030141388,0.09712753809686148,0.2981591638785315,0.034944905161572413,0.16911741916557455,0.15931363559425601,0.3214495119802198,0.1065715662901633,0.18526292876267483,0.14376970801804145,0.07304401003813417,-0.01490527392791946,0.33042362576535794,-0.036691908781120955,-0.01789275129328794,0.0880729023968612,-0.07121445901841497,0.010919283769822041,-0.028893587033121997,0.0463913095790578,-0.014116165112019878,-0.12025571245557905,-0.03200929997457742,-0.00029297503278776594,0.04360958361507246,-0.004450133961766882,0.0905456187800024,0.039463392068855054,-0.008909432437295361,-0.0881642237833331,-0.01659052535881829,-0.016111580339312502,-0.006295597677267975,-0.01789275129328794,-0.03457329091975725,-0.02376885368871559,-0.057518918593442055,-0.03233927817984198,-0.046092607415048635,-0.04065532498205553,-0.02740937562695789,-0.01844981542544258,-0.03167635954158751,-0.07255352391128435,-0.013387154609718968,-0.038996347354674346,1.0,-0.04010836912312498,-0.0492329834842838,-0.022435966580378337,-0.03927669853672095,-0.03488250529357341,-0.04252620122948384,-0.022435966580378292,-0.027787068439733376,-0.014810266741067621,-0.04119657460294321,0.0677221061105686,-0.012617183401492529,-0.019518459627346888,-0.014810266741067639,-0.022888262674206957,-0.0062955976772679795,-0.009964470738065627,-0.010919283769821883,0.01731858624165302,-0.004450133961766881,-0.006295597677267976,-0.004450133961766882,-0.004450133961766882,-0.0062955976772679795,-0.025036029992381255,-0.0326663849075437,-0.029610792659715432,-0.049468714667843194,-0.01672555747341413,-0.11930094801037902,-0.012617183401492512,-0.014810266741067613,0.18466437044497047,-0.027409375626957878,-0.036691908781120906,-0.06061729218663618,-0.014810266741067635,0.07279332248064263,-0.01179823231571305,-0.006295597677267979,-0.008459639299847643,-0.00445013396176688,-0.004450133961766878,-0.00445013396176688,-0.014810266741067633,-0.009964470738065622,0.05388622153074698,-0.004450133961766882,-0.006295597677267976,-0.009212432675610064,-0.00445013396176688,-0.03549415086386954,0.04347952589508812,0.15401805101822433,-0.03683092883991493,-0.0480423521826061,-0.006295597677267978,-0.022435966580378303,0.07407806643285261,-0.03316667000822826,-0.022888262674206895,-0.007713146533265656,-0.011798232315713064,0.009521605329233736,-0.00445013396176688,-0.03518943857372267,0.049763459165085955,0.13668579388955798,-0.03527857371739488,-0.004450133961766882,-0.05579396140727898,-0.009964470738065638,-0.022888262674206905,0.07714374104026635,-0.05499753442095821,-0.027787068439733366,0.18466437044497086,-0.1393741215558241,-0.05269308224137023,-0.016725557473414095,0.2223190394354872,-0.21737517623199856,-0.023768853688715588,-0.015201565123159236,-0.004450133961766879,0.025324923825340857,-0.1405563860780389,0.18219749578641453,-0.021975012537903946,-0.010919283769821868,-0.007713146533265654,-0.026639576759707177,0.1480628710801787,-0.160026647913015,0.0035108580634843766,-0.006295597677267979,0.01784017826100852,0.04648217377656512,-0.018563997759391743,-0.025121688157362577,-0.057090608349037085,0.20417612608387697,-0.02037624373658501,-0.053813481468828514,-0.06323739058674195,-0.025849117103019684,-0.0167255574734141,-0.03065878513159203,-0.01134484794805307,0.034761498357972764,0.025445536733930227,-0.01899128507694838,-0.011798232315713057,-0.006295597677267978,-0.008909432437295367,-0.031676359541587484,-0.042077327163711084,-0.00445013396176688,-0.10946688665266126,0.04484315987587384,-0.023332405605869237,-0.007713146533265647,-0.004450133961766881,0.05201338331910171,-0.028160216874531716,0.1568428676503953,-0.15456549167932154,-0.009964470738065632,-0.02503602999238122,-0.02624704563787694,-0.017318586241652948,-0.004450133961766882,0.04609260741504866,0.002044239120490077,-0.2253323318523217,-0.0200324691414831,0.22437257273716144,0.08955664359640363,-0.019518459627346843,0.026631318732763285,-0.013387154609718942,-0.10208368815142138,0.06538517104829483,-0.14341291642236584,-0.0313403614542568,0.025816801256872596,-0.007713146533265651,0.01789537794340464,-0.026639576759707174,0.03958099100055118,-0.011798232315713074,0.010824838364931352,-0.024620299927641726,0.05086733142156395,-0.006295597677267976,-0.0704062465776513,-0.03331232540714785,0.0369139900877404,-0.01481026674106764,-0.0062955976772679795,0.009964470738065438,-0.00445013396176688,-0.008909432437295367,-0.006295597677267978,-0.013387154609718954,-0.009964470738065632,-0.009964470738065629,-0.05132779281662781,-0.0077131465332656544,0.06634238460279336,-0.008909432437295361,-0.015474159631352858,-0.020032469141483104,0.03627530946876896,-0.05201338331910176,0.14461887066101117,0.001884824971052116,-0.02197501253790392,-0.019277953207991912,0.04822064984784467,-0.032009299974577396,-0.05833625703992708,-0.07983040731174423,0.1998792933795079,0.014285769941926107,-0.011798232315713055,-0.004450133961766882,0.09710795807304273,-0.017318586241652972,-0.004450133961766882,-0.022709298830280878,-0.0062955976772679735,0.13970004615856124,0.027250053483181786,-0.009964470738065622,-0.15227019346117204,0.1281394805818493,0.0857243077910192,-0.09885565964492486,-0.06805928046905312,0.26314621412028777,-0.009964470738065634,0.18909113129807645,-0.015474159631352874,0.03756951333299103,-0.03669190878112092,-0.006295597677267978,-0.03266638490754367,0.0003720776008136829,0.014603020459396519,-0.03263069322235022,0.020759272865224308,0.03874846968868983,0.023580821250022165,-0.03609714070381733,-0.043308885371407105,-0.004004028610458679,0.007224528793749567,-0.03785835253182224,-0.008909432437295368,-0.015474159631352876,-0.028418850149323528,0.25276305064777493,-0.03518943857372265,-0.017892751293287927,-0.034573290919757145,-0.02003246914148308,-0.0326663849075437,-0.042788305539659933,-0.03609714070381726,-0.014116165112019874,-0.02462029992764167,-0.00996447073806564,-0.022435966580378316,-0.034261732733871876,0.09981974221148757,-0.044724558171287655,-0.032899096044752885,-0.03871437440512001,-0.021024836540383625,-0.018449815425442592,-0.04534596723087197,-0.060678914928802355,-0.10477819757680205,-0.0023719910686686857,0.058911905342382866,0.20459500610983694,0.13341618851488585,-0.018991285076948396,-0.014810266741067632,-0.004450133961766882,0.017473894090393013,-0.025904316822402056,-0.01466290330905238,0.02662156499854897
Neighborhood_NridgHt,0.14074122041808643,0.008776306771658231,0.3687238174263575,0.2688980655212295,0.24355775479836375,0.2957197099797777,0.17392563544110184,0.2934449566076675,0.25469259495018154,0.17989210325070887,0.2464575017026893,0.3011390487107763,0.10820287771288664,0.10285784959841017,-0.020690619959957583,0.4021485981752677,-0.05093353828094132,-0.024837659397456992,0.11475555342538978,-0.09025750495141503,0.015157504102834587,-0.04010836912312489,-0.021559677669288183,-0.01959522575950288,-0.03678709076712704,-0.02758334235747687,-0.03751720948551482,0.06942458358199513,-0.006177412841863215,-0.061897463108693804,0.00904915848121497,0.10488322597230607,0.037681228503411664,-0.050933538280941285,-0.022365143194759806,-0.008739176454660776,-0.024837659397456992,-0.047992598233690904,-0.03299451730543924,-0.07984436186009507,-0.044891473839008884,-0.0639830322877811,-0.056435318305464624,-0.03804807460631944,-0.02561094288808413,-0.043971249381892195,-0.10071451200854345,-0.018583256484542336,-0.05413242365379911,-0.04010836912312498,1.0,-0.06834231666551928,-0.031144282231498278,-0.05452159058834211,-0.04842183134444938,-0.059032358092512276,-0.031144282231498198,-0.03857236543710439,-0.02055873660067669,-0.05718664902661855,0.08509539346691587,-0.017514427979506794,-5.5559203520011785e-05,-0.02055873660067667,-0.03177213292595963,-0.008739176454660776,-0.01383208910755065,-0.015157504102834857,-0.006348393431661276,-0.00617741284186321,0.07411275616744785,-0.006177412841863214,-0.006177412841863215,-0.008739176454660772,-0.03475353652562935,-0.045345544057506834,0.08577082494130736,0.10265228597558715,-0.02321742994958453,0.07790375249751857,-0.01751442797950682,-0.020558736600676693,0.01684786847479084,-0.03804807460631951,-0.050933538280941285,-0.1273740516614783,-0.020558736600676634,0.1460557662891245,-0.01637760850449416,-0.00873917645466078,0.03177213292595952,-0.006177412841863204,-0.006177412841863204,-0.006177412841863212,-0.02055873660067667,-0.013832089107550622,-0.015157504102834864,-0.006177412841863215,-0.008739176454660777,-0.04443341760514058,-0.006177412841863213,0.05793550752763584,-0.09991954262455569,-0.006177412841863214,-0.03086079491890373,-0.06668955269119885,-0.008739176454660779,-0.031144282231498264,0.2170175879622309,-0.09563549596750033,-0.008601646376558489,-0.010706933960893643,-0.016377608504494177,-0.031144282231498285,-0.006177412841863213,0.059209573304065476,-0.09590558742832522,-0.019595225759502885,-0.02847330519294459,-0.00617741284186321,-0.07744987828611376,-0.013832089107550653,-0.03177213292595963,0.19606481509708001,-0.09318922722259271,0.05766080875662832,0.07010445948576699,-0.2748488933485268,0.3711002070207318,-0.023217429949584506,0.14462298238249358,-0.29543230772605494,-0.032994517305439106,-0.07865258809194707,-0.0061774128418632035,0.08792254711331739,-0.2005405713562178,0.2583322769404525,-0.030504413084646822,-0.01515750410283485,-0.010706933960893636,-0.03697948533483651,-0.022285457301832956,-0.22213953070879885,0.023355138932020077,-0.008739176454660783,0.010441853002190768,0.07358439425316511,0.011280642918518257,-0.12642812930505512,-0.06909670773903583,0.18950937841090892,-0.05452159058834207,-0.0747006931357463,-0.004135480660676177,-0.0358822159770715,-0.02321742994958454,-0.042558712752239415,-0.046242200466418706,0.07485925758970322,0.03532198957127019,-0.02636257904273212,-0.016377608504494132,-0.008739176454660779,-0.01236754731985845,-0.043971249381892064,-0.0884069910312439,-0.00617741284186321,-0.15195545958316434,0.062248623090205166,-0.03238866588277531,-0.010706933960893616,-0.006177412841863212,0.07220190331901838,-0.03909034803107755,0.0443521757683463,-0.2375794862086903,-0.01383208910755067,-0.034753536525629236,-0.03643459684076912,-0.024040637421536375,-0.006177412841863211,0.06398303228778111,-0.035882215977071454,0.08704732379348896,-0.027807889198844055,-0.12326072911561183,0.056875018214249805,-0.027094371583252015,0.17200807829844184,-0.018583256484542322,-0.1417065399714331,0.1131869748152445,-0.21599959441644243,-0.043504836703678294,-0.023217429949584516,-0.010706933960893632,0.052151777029567366,-0.0369794853348365,-0.01858325648454226,-0.016377608504494143,0.04579574817920009,-0.03417644463070323,0.07061102183767058,-0.00873917645466078,0.012367547319858731,-0.046242200466418665,0.07188559736368834,-0.020558736600676638,-0.008739176454660784,0.01383208910755112,-0.006177412841863213,-0.012367547319858455,-0.008739176454660776,-0.018583256484542312,0.038622066988615505,0.038622066988615485,0.2831046658484528,-0.01070693396089364,-0.21552302598375966,-0.012367547319858422,-0.021480313456857743,-0.027807889198844058,-0.14519898575252033,0.2782680107656097,-0.045025887617881635,-0.09617535002559485,-0.0064046062104128765,-0.0013348835010878128,-0.01637760850449413,0.006116808137850547,0.06495607721479835,-0.04560463028948455,-0.0020275655233794308,-0.028504506269486876,-0.016377608504494146,-0.00617741284186321,0.07490899086280212,-0.024040637421536337,-0.006177412841863211,-0.056811953489115996,-0.008739176454660776,0.1709139707390765,0.010635701411909719,0.03862206698861541,-0.1928747478046364,0.16874485264558634,0.08782034677741352,-0.13722558166292978,-0.10789147790726972,0.38546898000947455,-0.013832089107550639,0.024067338838173705,-0.021480313456857716,0.05215177702956732,-0.05093353828094132,-0.00873917645466077,-0.028810955065508854,0.04026578542121167,-0.025275249913285065,-0.050901003797958484,-0.027066896320133864,0.005503835632818198,0.017338511121726494,0.05545854528295873,0.016729405563168247,0.038381211874027224,-0.001737345038332649,-0.052552726527138056,-0.012367547319858438,-0.02148031345685772,-0.07805263586797694,0.054907587822505245,-0.04884789797585387,-0.024837659397456947,-0.04799259823369093,-0.027807889198844,-0.045345544057506834,0.1865584946700039,-0.0048651471090098,-0.019595225759502868,-0.03417644463070334,-0.01383208910755068,-0.031144282231498205,-0.04756011158160106,0.20816759418479872,-0.10777079232538667,-0.09536507181315934,-0.05374100547749243,-0.029185434946114225,-0.02561094288808417,-0.06294659053083419,-0.10583146467734506,0.012339069452115624,0.004757340920328411,0.019602086933900573,0.08390787895516134,0.09585448950995282,0.08471784058898195,0.014878991187974937,-0.00617741284186321,0.004757340920328481,-0.03043656517127284,0.03032433031481399,-0.011599450398136405
Neighborhood_OldTown,-0.07227577973042922,-0.06704812421841963,-0.14873097150722997,-0.4641378349484924,-0.132494421448776,-0.14255484888375922,0.03330684816800228,-0.16325957016629197,-0.14365225553002367,-0.019705087444924253,-0.26586547835883034,-0.12312363981591867,-0.0984925181649261,0.009689819445572723,-0.00524187163925546,-0.1921887988609724,-0.0625208679336684,-0.030488202378645912,-0.4523278187286155,0.5618807428263608,0.018605821315421604,0.05937074869991225,-0.033718164600827126,0.007024362555534042,0.15111779836114334,-0.026353910635754884,-0.04605233758836163,-0.02089521107012031,-0.007582768162061817,-0.07597907483085307,-0.052824241762986536,-0.015181152119910736,0.0033020335044673505,-0.02523817201134478,-0.00016819518082849877,-0.010727330466560613,-0.030488202378645923,-0.058910866930384984,-0.04050073740430455,-0.09800887532235238,-0.05510423979884037,-0.07853910893830136,-0.06927429747975666,-0.046703973999822845,-0.03143740709963185,-0.0539746651866196,-0.12362696401648135,-0.022810928980410202,-0.06644749656936684,-0.0492329834842838,-0.06834231666551928,1.0,-0.03822957567848778,-0.06692519859714485,-0.05943775014989467,-0.07246216125330562,-0.03822957567848765,-0.04734754047677821,-0.025235828871817138,0.019380169888024056,-0.12315555720122465,-0.021498943046142818,-0.03325831435779321,-0.02523582887181718,-0.019619600721390185,-0.010727330466560632,-0.01697887571779996,0.021459811605692714,-0.07216422670899247,0.0903892806574979,-0.01072733046656062,-0.0075827681620618155,-0.0075827681620618155,0.05857312298998137,0.20626070916774944,-0.014171165652345052,-0.05045505995157851,-0.08429179836476373,0.024103767496684653,-0.1188835980680738,0.0826662898544163,0.21189569262683483,-0.013596386072252673,-0.01408603473182888,-0.06252086793366836,0.02908969344279642,0.06368849169017744,-0.04608337399671493,0.0541091628353227,-0.01072733046656061,0.019619600721390223,-0.0075827681620618285,-0.007582768162061827,-0.007582768162061816,-0.025235828871817082,-0.01697887571779993,0.021459811605692724,-0.0075827681620618155,-0.01072733046656062,0.0018341549526715668,0.09038928065749781,-0.047669753991790326,-0.10123632713121059,-0.007582768162061815,0.11444144781564272,-0.07206804756538865,-0.010727330466560608,0.11983111243646312,-0.11726065354997808,0.1476710416231545,-0.00023893965695873608,-0.013142750861940892,-0.02010349826338197,0.001285596350250066,0.09038928065749781,-0.04704884535128986,-0.09568001484277931,-0.024053120265919502,0.11187329953008905,-0.007582768162061827,-0.08641941304852878,-0.016978875717799956,0.1354256877940613,-0.11325955777256864,0.14819119121652632,0.0331454836220762,-0.1750749236035791,0.21170970552706386,-0.0807229164089121,0.0504053374108546,-0.16175720306812405,0.16310270881022443,-0.0031233185608882134,0.12559520537397934,-0.0075827681620618285,-0.12709096918210902,-0.041731245447090545,-0.1809851006629648,-0.03744413693271552,0.1015910774479211,-0.013142750861940911,0.27298493573131416,-0.2118239002676175,0.17412742913800042,-0.05009330262622714,-0.010727330466560629,-0.012823875219884201,-0.08319599215004303,0.0016881915834582458,0.14436138020108258,-0.05481690137630038,-0.16076532223999357,0.0732959780857035,0.02410586545006178,0.180552946736686,-0.026800476755126323,-0.028499372331655483,-0.03756753129545889,-0.016018453588761306,0.04721847412794973,-0.16671614006177202,0.15346359061156006,0.0541091628353227,0.12787357644652325,-0.015181152119910711,0.07411402915186373,0.1266749332116592,-0.0075827681620618224,-0.0007096318022916365,-0.1937834754086665,0.017317970043213907,0.10006324476303655,-0.0075827681620618285,-0.14955347108313363,0.015602486961144793,-0.11689501584298581,0.12361428358600425,0.026895741181293713,0.010680205581869011,0.09123952555040268,0.046745705359142416,-0.007582768162061827,-0.07367385440230058,-0.0440453846716025,0.11693187776009321,0.009968381994377933,-0.10758304284079657,-0.23991766699169925,-0.033258314357793244,-0.0625834136745641,0.009936324029814888,0.29644691213569263,-0.17336857061213484,0.28711221811445736,0.30595962934709076,0.05040533741085458,0.043460246950547926,-0.30088639486642044,0.2059581531090362,0.009936324029814913,0.09121549338467504,-0.20416026712363297,0.06645422843483824,-0.2399541284696932,-0.010727330466560613,0.015181152119911046,0.011144080951995332,-0.012897123573805104,0.034047051502845815,-0.010727330466560613,0.01697887571780013,-0.007582768162061817,0.03385531269219027,-0.010727330466560625,0.04268357704003999,-0.01697887571779994,0.026895741181293713,-0.07819719444398182,-0.01314275086194091,0.04493440769617043,-0.015181152119910722,0.0020222526618477823,0.0540709205149591,0.008537084205811951,-0.07030613146576538,0.13536746317157758,0.2706066673203432,-0.017286157610530914,-0.03770291761699436,-0.02010349826338202,-0.04044794342996818,0.11493964323166724,-0.12484083151860292,0.03277972181250053,0.0726473034014153,-0.02010349826338198,-0.007582768162061827,-0.15422191520573592,-0.004091337340558114,-0.007582768162061827,-0.02468552806927159,-0.01072733046656061,-0.12536716123601582,-0.027600715003386282,-0.01697887571779997,0.1273453412949667,-0.12546334260043157,-0.00955556883865016,0.11465941436136257,-0.0918873335928918,-0.06229143996664516,0.026895741181293755,-0.1138803324358659,-0.026367063552553634,-0.1670887566574632,0.14874774229283297,0.1278735764465234,-0.0280013139494198,-0.031650088815803216,0.018109959559752937,0.008952603234484496,0.036693950374081886,-0.04269588652060531,0.03295117864206083,0.0015638211320131428,0.0011960541824813352,-0.012625661700410466,0.01865954868212529,0.2012361545965072,0.0338553126921903,0.03041156887624926,0.17068133943354274,-0.14063411339439405,0.21118917800541426,0.19109087906792896,-0.05891086693038492,-0.03413415652620312,-0.014171165652345052,-0.0729087716779395,-0.06150741789393125,-0.02405312026591956,0.19292763897562926,0.02689574118129377,-0.03822957567848774,0.10041793341445802,-0.2353048617524672,0.05762421211727161,0.1042755910503431,0.12343683408856808,0.13249231741441986,-0.03143740709963183,0.09769561701652202,0.004692105286895671,-0.06951055253200322,-0.02124910695966959,0.027049850372485074,0.0022665553128209375,0.019782981899186623,0.03732382164365747,0.004405611315514351,-0.007582768162061827,-0.008979501991855578,0.009287429895301904,-0.01312755633850764,0.0035944135066174653
Neighborhood_SWISU,-0.05473142874793645,-0.03160618908915843,-0.0629455078178306,-0.2012168879111712,-0.09711934276144393,-0.0679697324653637,0.018801270107928286,-0.06330839675552617,-0.04046141783729458,0.07180629827206299,-0.1099836398830849,-0.11818766747313356,0.0003323367746807682,-0.007055118511731475,-0.011573994856880584,-0.06370549244437915,-0.0284913893951564,0.23966772195423292,0.0037624962318234855,-0.05529826465455094,0.008478860221147307,0.07343674914845785,0.009521605329233719,-0.010961249232686885,0.07846578517328903,-0.02485532805835657,-0.02098651420161465,-0.14734951777969418,-0.0034555438454198853,-0.034624429865341214,-0.024072539158763718,-0.006918203966304114,0.04690175333644102,-0.0028929718462774256,-0.012510695803726822,-0.004888552568041251,-0.01389378098285405,-0.026846275568352545,-0.018456594067140463,-0.04466363189252412,-0.025111557233954574,-0.03579106319963169,-0.03156899527795532,-0.021283471479346356,-0.01432634313714187,-0.024596798703062094,-0.0563380530045032,-0.010395170149199653,-0.03028079362397405,-0.022435966580378337,-0.031144282231498278,-0.03822957567848778,1.0,-0.030498487250727964,-0.027086381559663347,-0.033021736916271284,-0.017421602787456393,-0.021576751206621704,-0.011500221459806025,0.08333009301036949,-0.024189762854490107,-0.009797284941114596,-0.015156148919745297,-0.011500221459806044,-0.017772812210984954,-0.004888552568041253,-0.007737444721353529,-0.008478860221147133,0.013447939907623692,-0.0034555438454198857,-0.004888552568041251,-0.003455543845419885,-0.0034555438454198853,-0.004888552568041254,0.09042996294272772,-0.02536555669765992,-0.022992879138554783,-0.0384126217277799,-0.012987451093612766,-0.11015078794678537,0.27628343533943156,-0.01150022145980603,-0.007109508826277287,-0.02128347147934638,-0.02849138939515641,0.05701384115780404,-0.011500221459806044,-0.05184408888176551,-0.009161366694949801,-0.004888552568041253,0.0177728122109849,-0.0034555438454198836,-0.0034555438454198823,-0.0034555438454198853,-0.011500221459806002,-0.007737444721353508,-0.008478860221147133,-0.0034555438454198853,-0.004888552568041254,0.004175695113803908,-0.003455543845419885,-0.027561326382487535,-0.0558933601156744,-0.003455543845419885,0.0034368515925748294,-0.03730504650655178,-0.004888552568041251,-0.017421602787456424,-0.04219193059800699,0.14366264128120262,0.06206812879836287,-0.005989283976805371,-0.009161366694949812,-0.01742160278745642,-0.003455543845419885,-0.02732471627414308,-0.05364801914054517,-0.010961249232686874,0.005009959525748495,-0.0034555438454198857,-0.007688519448325899,-0.007737444721353531,0.022147658293688914,-0.05141697551771159,0.13331144276435514,0.044743368291625986,-0.07592641194029846,0.09762142092599933,-0.04091635388950766,0.041188773468314684,-0.07113920014577085,0.0705724253366331,0.05853376975578818,-0.026398183867422747,-0.003455543845419885,0.0007736563088791202,-0.08368214627550052,-0.022093541012309207,-0.01706367043796341,-0.00847886022114715,-0.005989283976805376,-0.02068572009460302,-0.07033591628504172,0.09788741412045196,-0.002892971846277411,-0.004888552568041262,-0.08098346363101336,-0.041958957659151946,0.0009434679020858575,0.05688170381905106,0.008147327659854642,-0.07191868476311937,0.06577781844886704,0.04995510730733411,0.022677587484365446,0.015449300262610877,-0.012987451093612745,-0.02380664878399749,-0.02586713164733363,0.03064327247974229,0.01975854403704895,-0.014746796125258109,-0.009161366694949817,-0.004888552568041254,-0.006918203966304096,0.004718569547118011,-0.0302451174649702,-0.0034555438454198883,0.019383497309859117,-0.11501880859713833,0.06025809714031426,-0.005989283976805351,-0.0034555438454198896,-0.05395912339067303,0.14185192458827423,-0.03268159524392684,0.004375692020644092,0.08263590962405586,-0.01944056068810375,0.04963353062094127,-0.01344793990762388,-0.003455543845419886,-0.026914879526123082,-0.02007192553803766,0.043888843643828626,-0.015555279019719944,-0.030355639995836018,-0.113941053866515,0.03142906670726126,-0.01124391032072201,-0.010395170149199662,0.12408462693193886,-0.06086584852410031,0.10846592075375003,0.03488144959888055,-0.012987451093612767,-0.0059892839768053525,-0.02093581161694837,-0.02068572009460304,0.05705793393005155,-0.009161366694949795,-0.0026100740577694264,0.0553140086003937,-0.09506008985918453,-0.004888552568041254,0.00691820396630382,0.0021076922083012382,0.021273248904674552,-0.011500221459806005,-0.004888552568041254,0.007737444721353381,-0.003455543845419886,-0.0069182039663041,-0.0048885525680412555,-0.010395170149199674,-0.007737444721353524,-0.007737444721353525,-0.039856202103197846,-0.005989283976805373,0.05151508264116181,-0.006918203966304096,-0.012015736500645888,-0.01555527901971996,0.02044959561094619,-0.04038856541218031,0.10865780790868929,0.11235697508731297,-0.017063670437963464,-0.01925475106641518,-0.00916136669494983,0.004175695113803907,-0.050686119911703145,-0.0612119468617164,0.08005897011859463,0.11708152840970623,0.06727060687434579,0.19834821672710118,-0.03303202158221123,-0.013447939907623878,-0.003455543845419886,-0.00858051328894561,-0.004888552568041251,-0.043875509177080864,0.039803263391225245,-0.00773744472135353,-0.012005736341987299,0.008980325390389409,0.015449300262610806,0.1054693949926174,-0.09699816589602567,-0.04965329446979488,-0.007737444721353528,-0.023678579839476393,-0.012015736500645894,-0.020935811616948317,0.022705445702601516,-0.004888552568041251,-0.025365556697659847,0.0851496741925388,-0.007406746239809384,-0.007509770034171396,-0.004633742414526551,-9.857139012504089e-05,-0.0016987889421035095,-0.028029550001862573,-0.011562500101656761,-0.008231915224378257,-0.000275454727725391,0.020364973066410472,-0.006918203966304096,-0.012015736500645845,0.16882396259855714,-0.06698283705154742,0.10565556959335311,0.13824312077939813,-0.026846275568352514,-0.01555527901971994,-0.02536555669765992,-0.0332252617862344,-0.02802955000186256,-0.010961249232686876,0.09252988535457542,-0.007737444721353517,0.06397212543553994,0.0006534401655934771,-0.06447329629401827,0.0095690826921444,0.02263937915828654,0.04308863832139893,0.027011870192250306,0.03488885916927491,-0.014011917236334116,-0.06358449487611124,0.0013762492842510259,0.029903556661504203,-0.018990926845157404,-0.006798242049336171,0.06566169191815982,-0.014746796125258095,0.04955549974498233,0.19834821672710118,-0.045915591342772864,0.036336952348768874,0.027691838419569594,5.566772348010544e-05
Neighborhood_Sawyer,0.011349641638978893,-0.001332599797358547,-0.1792146026112028,-0.05810293960330545,-0.07096784019084114,-0.07939209812276048,-0.1068681035692122,-0.047417455873096384,-0.029462172392988404,-0.1321061869171303,-0.07676205233120241,-0.08388057916204585,0.005779320830242631,-0.0786766553287929,0.04269800700527511,-0.12839406550544372,-0.04987740145524046,-0.02432263594455686,0.10443388592989833,-0.07928335966843626,0.014843204354397605,-0.03927669853672094,-0.020376243736584965,-0.01918890724657372,-0.0316478562636222,-0.043512064598685604,-0.03673926811579044,0.0675831486664107,-0.006049320559056111,0.041164527752544165,-0.00676108995286789,-0.012111098963648589,-0.016147599719221147,-0.03473789914242318,-0.021901388817245886,-0.008557964499010754,-0.024322635944556876,-0.04699744352686321,-0.03231035661390633,-0.07818874213032298,-0.04396062276756251,-0.06265630654085942,-0.05526509884017275,-0.03725912543657786,-0.02507988494791451,-0.043059479704942935,-0.09862613745997,-0.018197921748783052,-0.05300995606142656,-0.03927669853672095,-0.05452159058834211,-0.06692519859714485,-0.030498487250727964,1.0,-0.04741777623701362,-0.057808287482189136,-0.030498487250727818,-0.03777254478910985,-0.020132439124658164,0.13496634686528916,-0.09865189626641004,-0.01715125603044226,0.0010190312300220625,0.19652624236429175,-0.031113319092349986,-0.008557964499010758,-0.013545272617357492,-0.014843204354397649,-0.00742319751402553,-0.006049320559056108,-0.008557964499010758,0.11330213911961834,-0.006049320559056111,-0.008557964499010758,-0.012372903174533566,0.05668365993781979,-0.04025163699459613,-0.06724564142142134,-0.02273600290572525,0.10118764681101951,-0.01715125603044223,-0.02013243912465816,-0.11907980219573382,0.08194830291419732,0.025820110108845835,-0.051621869090656865,-0.02013243912465814,0.05903879482830432,-0.01603800917481273,0.07586519880204119,0.031113319092350027,-0.006049320559056107,-0.006049320559056106,-0.006049320559056115,-0.020132439124658154,-0.013545272617357473,-0.014843204354397671,-0.006049320559056111,-0.008557964499010758,-0.04351206459868558,-0.006049320559056114,-0.03264358011132813,0.18911971351970613,-0.006049320559056114,-0.036228717994633314,0.053997336206721536,-0.008557964499010763,-0.030498487250727877,-0.09215933935346707,0.005013145450277821,-0.031113319092350027,-0.010484919397835519,-0.016038009174812764,-0.030498487250727846,-0.006049320559056114,-0.04783500812661909,0.14777293490333093,-0.01918890724657372,-0.0339596899324543,-0.00604932055905611,0.1243759278522399,-0.013545272617357466,-0.031113319092349954,-0.09552807522032657,0.0001377179081635445,-0.03777254478910989,-0.0376799530162857,0.049677026871519946,-0.06058796535070704,-0.02273600290572529,-0.15048489284167962,0.16781657835949176,-0.009543406490207856,0.047878341926897904,-0.006049320559056104,-0.037964275728034666,0.2007450843266703,-0.1621296193151809,0.019241800548616423,-0.014843204354397696,-0.010484919397835524,-0.036212693991141416,-0.13475946044845896,0.18287472803186436,-0.019598396829605926,-0.008557964499010758,0.043138106144319434,-0.05182366992706568,0.014220747308655251,0.04527931859043587,0.06723252558458169,-0.07036389978419459,0.0035490035490035538,0.07877078223453786,-0.07143008385609086,0.06990223776939103,-0.022736002905725205,0.011949472169018772,0.020896516849313856,-0.054948843954341874,0.03458956737555541,-0.02581593548551642,-0.01603800917481277,-0.008557964499010766,-0.012111098963648573,-0.025721685891038737,-0.0018089301567886077,-0.006049320559056106,0.12557617615275682,0.035638237566564535,-0.03171706787626247,-0.01048491939783549,-0.006049320559056108,0.07070475445493797,-0.018914406045810864,-0.11913085972429983,0.15454601591230185,-0.01354527261735751,0.009287095188558773,0.1092495301399417,0.007423197514025571,-0.006049320559056111,-0.07332481278970863,0.04889415478394222,-0.03692935234622521,0.0802218679800887,0.008640386575636809,-0.014424449507216575,0.001019031230022049,-0.032279028939996776,0.061588762194830365,0.0239469342936569,-0.04400845885802346,0.10154183980323943,-0.02509147766464306,-0.02273600290572526,-0.010484919397835506,0.03625266194123519,-0.03621269399114133,-0.018197921748783038,-0.016038009174812753,0.04484614644829732,-0.033467775982023926,0.023671898303980393,-0.00855796449901076,0.012111098963648067,0.020896516849313814,-0.030410397656377604,-0.020132439124658133,-0.00855796449901076,-0.03990364095383681,-0.006049320559056115,-0.012111098963648578,-0.008557964499010756,-0.018197921748783052,0.03990364095383682,-0.01354527261735749,-0.06977279223597094,-0.010484919397835525,0.08096388430301475,-0.012111098963648573,0.01354951187264918,-0.000367990220092136,0.051097314409495984,-0.07070475445493812,-0.13225566639286715,0.00408738131763594,-0.029871886166383622,-0.01015404116577131,-0.01603800917481279,-0.043512064598685646,-0.07363493669629195,0.10200242488685388,-0.042423022074018636,-0.02791344859343118,0.029165646028327462,-0.006049320559056108,0.03308894662053132,0.007423197514025555,-0.006049320559056111,0.026689247454869,-0.008557964499010756,-0.024787105809283453,-0.044381734446462845,-0.013545272617357489,0.13856680678106356,-0.13711396064968434,-0.03513817715785364,0.10991158694625036,-0.030003362879238903,-0.08692371114292707,-0.013545272617357492,-0.05907895748510666,0.0481339302888517,-0.03783592489275598,0.04095961242166305,-0.008557964499010756,0.02298734743406698,0.00754980498697124,0.030164062814722285,0.02395917407069628,-0.03154121810317791,-0.015833580222592947,-0.0020712348603501127,-0.018335054190456772,-0.0066684918042941525,-0.013858815412195255,0.00015204967185483275,-0.02203254025318471,-0.01211109896364856,-0.021034906543553257,-0.04501697093790666,-0.07857326802916931,-0.047835008126619144,-0.02432263594455685,0.03293763050531325,0.1070851540468153,0.05668365993781979,-0.05816458079960118,-0.04906889933175053,-0.019188907246573714,-0.011457436822674853,-0.013545272617357506,-0.006429410825829142,0.03403054434496227,-0.06050092150463566,0.01840430086877869,0.014466770564512219,0.06274108620369348,-0.002949314074181296,0.004027135738854288,-0.011490127381519562,0.06438036962408067,0.08126053694746824,-0.07230901997810349,-0.03249826804731226,-0.053769994211398865,-0.024451396998005945,-0.02581593548551637,0.015977341123500185,-0.006049320559056108,0.0024263397614059674,-0.01851977399761293,-0.04539079820131984,0.06854608676216246
Neighborhood_SawyerW,0.013577412428632401,-0.012196855504578259,0.03305914067564268,0.1175276448185776,0.05088302645071876,-0.036595844846337454,-0.07010638040789474,-0.013993054002228132,0.01792875754792602,0.031078291903108696,0.077238530670112,0.02498291961976183,0.05226008210472708,0.023843834443775372,-0.015189496846920492,0.014560153318488735,-0.04429722418409149,0.1454438047953544,0.06375260266640109,-0.08597543603157154,0.013182578316295742,-0.03488250529357336,-0.013828988249911873,0.025129866302462337,0.01169333290941163,-0.03864402763584904,0.057085313023726984,-0.011245860067635435,-0.005372535479949057,0.0028537306548858717,-0.03742698009586574,-0.010756135048252244,0.027033692533942996,0.006295172667621804,-0.019451108158694233,-0.007600517687601894,-0.021601471322658005,-0.04173946980491518,-0.028695542843757693,-0.06944115246114398,-0.039042402073702964,-0.05564645263002168,-0.049082157479194366,-0.03309065396777744,-0.022274000922962355,-0.03824207697451706,-0.08759205560048847,-0.0161619770852297,-0.04707931526362906,-0.03488250529357341,-0.04842183134444938,-0.05943775014989467,-0.027086381559663347,-0.04741777623701362,1.0,-0.051340819601336594,-0.027086381559663288,-0.03354663305842757,-0.01788006478400565,0.04143071817617171,-0.039632428513045444,-0.015232410094600631,-0.02356414835211819,0.14301296809518216,-0.027632427326468013,0.18048008949712258,-0.012029856413112659,-0.013182578316295903,0.020908296209783163,-0.005372535479949057,-0.007600517687601894,-0.0053725354799490565,-0.005372535479949057,-0.007600517687601898,-0.030225373116123513,0.05439983548851831,-0.03574836971662159,0.031024362882246057,0.015498726699492836,-0.00931028864663932,-0.015232410094600603,-0.017880064784005646,0.05302172619238362,0.03330287071333335,-0.027433091900187,0.06642123393743174,-0.017880064784005643,-0.05746868830185244,-0.014243710922284911,-0.007600517687601897,0.027632427326468045,-0.005372535479949052,-0.005372535479949055,-0.0053725354799490565,-0.01788006478400563,-0.012029856413112657,-0.0131825783162959,-0.005372535479949057,-0.0076005176876018914,-0.03864402763584898,-0.0053725354799490565,-0.04285120099420358,0.09714456759048629,-0.005372535479949057,-0.07671587142887465,0.14134167228588304,-0.007600517687601894,-0.027086381559663246,-0.020466735131538346,-0.023226532899744873,-0.027632427326467954,-0.009311888983126902,-0.014243710922284927,-0.02708638155966333,-0.0053725354799490565,-0.04248332946403029,0.08610055901274966,0.025129866302462354,-0.0752119142473298,-0.005372535479949056,0.12045444805682129,-0.012029856413112668,-0.027632427326467934,-0.017317470080731975,-0.04032490291620667,-0.011700921967747753,0.01524148205334993,0.012493352255904892,-0.039018123589264424,0.015498726699492838,0.09791402284259423,-0.08323541019874031,0.0220253924490828,-0.045216639124546834,-0.005372535479949052,0.03394479435558443,-0.04645870122627231,0.06199479984875651,0.0828871494189341,-0.013182578316295861,-0.009311888983126885,-0.00942255859528348,0.16209757436387612,-0.13047448112782173,-0.010568959616282536,-0.007600517687601896,0.006874833572510322,-0.005000384375511829,0.0050967327688635515,0.036891816472869314,-0.011303167653428257,0.10086244146005977,-0.015704558964434654,-0.05287989215674123,-0.03633077570842684,0.015595482306464925,0.08688087490535865,0.002809432009819821,-0.04021713766532367,-0.014153877507453054,0.03071976036764319,-0.022927703696636974,-0.014243710922284925,-0.007600517687601898,-0.010756135048252242,-0.038242076974517106,0.011814037388094868,-0.005372535479949051,-0.01754273097496591,0.040036060152677744,-0.02816862998441616,-0.009311888983126897,-0.005372535479949056,0.05036328342940373,-0.03399712583515417,0.12289395918876571,-0.08140615393975933,-0.012029856413112688,-0.030225373116123517,-0.00862478639497267,-0.02090829620978323,-0.005372535479949056,0.04187631350462645,0.062397957470779135,-0.10407887475235261,-0.02418469918844225,0.09620600465256628,0.05524682898983316,-0.023564148352118237,-0.02274284868171597,0.028275850682068615,-0.044438326801396116,0.053299560818498265,-0.01896925396948722,-0.018330363227477723,0.015498726699492845,-0.009311888983126912,0.012345352384823266,-0.00942255859528347,0.028275850682068556,-0.014243710922284939,0.0026365759634168714,-0.0297234726020977,0.03608321573931609,-0.007600517687601897,0.01075613504825228,-0.021787438672425757,-0.012339797933975346,-0.01788006478400564,-0.007600517687601897,0.01202985641311283,-0.005372535479949058,-0.010756135048252251,-0.0076005176876018914,-0.01616197708522969,-0.012029856413112676,-0.01202985641311266,-0.04939778759631948,-0.009311888983126886,0.05955490337549588,-0.01075613504825224,0.1354149676387546,-0.024184699188442182,0.014390944671808558,-0.0503632834294035,0.0035154454121448667,-0.02393732420350753,0.02817863307551473,-0.008844229637640432,-0.014243710922284894,-0.019518508873699995,0.004308263057476125,0.0035632633261499886,-0.005986259205667954,0.004421882069653222,0.03610935916617993,-0.005372535479949056,0.05133349402815031,0.013584486237994802,-0.005372535479949056,-0.003559174710367642,-0.007600517687601894,0.012127638971844303,-0.008357505531353086,-0.012029856413112636,-0.08585217944100063,0.08334210253547925,-0.007805755275692124,-0.0633211730898406,0.08909763606034221,-0.024426911483060147,-0.012029856413112666,0.038837687105043775,0.01984256735470458,-0.03717172036748945,0.040023437235430726,-0.007600517687601894,0.016864977353718343,-0.030609642490206763,0.015332221660667604,0.0075860219766353525,0.01632087909967571,-0.02328691982643935,-0.011690867123701943,0.02489066174330405,-0.00867280038768375,-0.01833341260915622,0.02853893707884198,-0.04570544256354896,-0.010756135048252253,0.019842567354704545,-0.056217504927955526,0.09409451176289245,-0.042483329464030384,-0.021601471322658067,-0.02393127988230378,0.035662183549058805,0.05439983548851831,0.03650123738352801,-0.026461716229221565,-0.01704209323960096,-0.029723472602097695,-0.012029856413112673,-0.0002754547277254011,-0.005448693634972126,0.1039226574966987,-0.05691316520482561,-0.052904432911686554,-0.03067515138465226,-0.025382759540230133,-0.022274000922962372,-0.02681292721333039,0.03457763378322557,-0.025269353011900187,-0.01078244381834658,0.04624489730669189,-0.031998093702031084,0.001984048349834945,0.008592491592525002,0.022343193435791327,-0.005372535479949056,-0.010782443818346586,-0.01100707819473683,0.011058923030459218,0.0634821183747816
Neighborhood_Somerst,-0.04516483029165004,-0.06709621542775772,0.2240098346507582,0.27941567536915346,0.24773607315477406,0.0653718700107073,0.13514466098684863,0.04313715722387125,-0.018494607169747594,0.038666700078386004,0.2536290624961861,0.18453338050601706,-0.0500581999040024,0.2059152202327369,-0.02193790191964237,0.1400579963436251,0.8628071099772279,-0.026334935194276973,-0.33329323839852276,-0.1048149684978281,0.016071236096264978,0.380082446269413,0.027908573353665728,-0.020776474636195818,0.05743966473911765,-0.04711197437595221,-0.0397788400533549,0.08434272873750615,-0.0065498026305739,-0.006364791687174092,0.03677803130214689,0.04254131589720333,0.02614491642455452,-0.054003938470190437,-0.02371336957398761,-0.009265995716504861,-0.026334935194276963,-0.05088571125259188,-0.034983508755827224,-0.0846575782993987,-0.047597643377254736,-0.06784008838628987,-0.05983737945915204,-0.040341707042130893,-0.027154834134293617,-0.04662194550433698,-0.10678583293318628,-0.019703501339951357,-0.05739566059827295,-0.04252620122948384,-0.059032358092512276,-0.07246216125330562,-0.033021736916271284,-0.057808287482189136,-0.051340819601336594,1.0,-0.033021736916271235,-0.04089760342635657,-0.02179806830391046,-0.022509263544375855,0.023527900301759188,-0.01857024119802397,-0.028727687595541194,-0.021798068303910505,0.054297638363107525,-0.009265995716504867,0.08492591922098765,-0.016071236096264912,0.025489866754114965,-0.0065498026305739025,-0.009265995716504865,-0.006549802630573902,-0.006549802630573901,-0.009265995716504868,-0.03684856602341892,-0.04807908607628062,0.11127619098007549,0.12235852574682535,-0.024617034291185086,-0.03353874399502584,-0.01857024119802396,-0.021798068303910473,0.14401150275887337,-0.0403417070421309,-0.05400393847019035,0.06892440442239527,-0.02179806830391046,-0.05751397018662291,-0.01736489142158265,-0.009265995716504863,0.033687436009963406,-0.0065498026305739,-0.0065498026305739025,-0.006549802630573902,-0.02179806830391042,-0.014665921793182594,-0.01607123609626491,-0.006549802630573901,-0.009265995716504865,-0.04711197437595223,-0.006549802630573901,0.10768866633717593,-0.10594294082029646,-0.006549802630573902,0.08165244529185119,-0.07070976456170662,-0.009265995716504863,-0.0330217369162712,0.1318976570760865,-0.10140064119063175,-0.03368743600996335,-0.011352374532457226,-0.01736489142158266,-0.03302173691627126,-0.006549802630573901,0.10940678670612701,-0.10168701443553081,0.014495214862462177,0.08549659485518339,-0.006549802630573903,-0.08211874930849054,-0.014665921793182612,-0.03368743600996342,0.13040581463133546,-0.09880690529007723,-0.04089760342635652,-0.06453896922557266,-0.049613206700665484,0.20017144154332697,-0.024617034291185044,0.2790819942366044,-0.27797224512563456,-0.03498350875582722,-0.08339396144854369,-0.0065498026305739,0.09322273662316366,-0.21918481568750425,0.28044583318530275,-0.03234329486802915,-0.01607123609626489,-0.011352374532457233,-0.03920870055534867,0.209592894087281,-0.2355306533393512,0.030624773694186723,-0.00926599571650487,0.006528598118370648,-0.06945505745366845,0.03561735187434909,0.010130126625640777,-0.06475004729513359,0.11183818499842817,-0.05780828748218922,-0.06909388705107972,0.07167447715027127,-0.03804528507545188,-0.024617034291185055,-0.04512425765838565,-0.04902979516051278,0.08960717074059389,0.03745128683049577,-0.027951780783153756,-0.017364891421582675,-0.009265995716504863,-0.013113093789102089,-0.046621945504336876,-0.064223805036419,-0.0065498026305739025,-0.16111571209277972,0.06600112469459866,-0.03434113510467513,-0.011352374532457219,-0.006549802630573904,0.0765544133761849,-0.041446811297587975,0.22244913325549848,-0.22862808835946014,-0.014665921793182617,-0.03684856602341895,-0.03863096482954034,-0.02548986675411492,-0.006549802630573904,0.06784008838628985,-0.018473010159962194,0.08529296077292293,-0.029484217825137424,-0.08107145865567722,0.024309906350939176,-0.02872768759554122,-0.014467142338601986,-0.019703501339951367,-0.005245757286840631,0.11000911023724219,-0.1422701600515477,-0.04612741631146911,-0.024617034291185093,-0.011352374532457207,0.05529561567627647,-0.03920870055534872,-0.019703501339951374,-0.01736489142158266,0.048556429620584166,-0.036236685595765795,0.07486762960793013,-0.009265995716504863,0.013113093789101995,-0.0336156046061741,0.06578394987919521,-0.02179806830391045,-0.009265995716504867,0.014665921793182667,-0.006549802630573902,0.04254131589720337,0.06938722373754792,0.017463309973135163,-0.014665921793182627,-0.014665921793182619,0.26085177425033673,-0.01135237453245723,-0.20297133906557888,-0.013113093789102087,-0.022775200101867128,-0.02948421782513737,-0.16350213577531789,0.2665517853647074,0.06947977100078045,-0.10197303899216269,-0.03234329486802932,-0.05198611356317967,-0.017364891421582672,0.0008765018488548964,0.033217380272691555,0.03299087254128208,-0.07043351473365447,-0.030222828702959628,-0.017364891421582648,-0.0065498026305739025,-0.04529053621839344,-0.025489866754114965,-0.006549802630573905,-0.060236719147108146,-0.00926599571650486,0.010023011506407751,-0.07315493643208354,-0.014665921793182612,-0.20655422112405106,0.20835027600596656,0.0010992647555274698,-0.14549788054748097,0.0848548944675752,0.1089163319171831,-0.014665921793182608,0.11161242270041645,-0.022775200101867166,0.05529561567627633,-0.05400393847019043,-0.009265995716504868,0.014707555848021425,0.008477430082034785,0.00684011508693101,-0.01691941372706013,0.02380532255382082,-0.0537916512264697,0.04009116371386409,-0.010178558657244706,-0.01510709499206477,-0.021261029439857644,0.03729646453498758,-0.0557207354053836,-0.013113093789102094,-0.02277520010186718,-0.08275784261443428,0.06767315612265472,-0.05179257058748764,-0.02633493519427699,-0.05088571125259192,-0.029484217825137354,-0.04807908607628062,-0.0015319122924641441,0.2618380281943624,-0.02077647463619582,-0.03623668559576583,-0.014665921793182605,-0.03302173691627125,-0.05042715323096364,0.20312468489056137,-0.09117355676167671,-0.10111391519662498,-0.05698064676214832,-0.030944805451410536,-0.027154834134293666,0.07342968519565683,-0.031238657421281867,-0.0369879993262961,0.03913448916513179,0.017279086711559515,-0.005505943171943962,-0.029146984905507482,-0.0015889901220397587,-0.021798068303910456,-0.0065498026305739025,0.03217173579185712,0.014996677392982393,-0.013170291847886957,-0.0206736291125511
Neighborhood_StoneBr,-0.036068537419667486,0.0020516176133530063,0.19673577272047044,0.11896183536059482,0.08937124191545961,0.05818435514360171,0.021562313821735617,0.1401217102259186,0.13173065211936455,0.09136496087181219,0.09914291007434681,0.09790700804253412,0.07449408894312853,0.008807705605266388,-0.011573994856880569,0.21536272276938623,-0.028491389395156264,-0.013893780982854036,0.06838890209608525,-0.05529826465455084,0.008478860221146994,-0.022435966580378268,0.04147917723884577,-0.010961249232686862,-0.1078107129616732,0.14933081097460618,0.04710306520806841,-0.09502759740068611,-0.0034555438454198758,0.09444365763269631,-0.024072539158763697,-0.00691820396630409,-0.023692638283356746,0.048303863251480436,-0.012510695803726803,-0.004888552568041238,-0.013893780982854053,-0.026846275568352503,-0.018456594067140418,-0.04466363189252406,-0.025111557233954578,-0.0357910631996316,-0.031568995277955245,-0.02128347147934628,-0.014326343137141845,-0.024596798703062014,-0.056338053004503195,-0.010395170149199669,-0.03028079362397395,-0.022435966580378292,-0.031144282231498198,-0.03822957567848765,-0.017421602787456393,-0.030498487250727818,-0.027086381559663288,-0.033021736916271235,1.0,-0.021576751206621694,-0.011500221459805995,-0.03198927741156358,0.052586440988022065,-0.009797284941114603,-0.01515614891974524,-0.011500221459806012,-0.01777281221098492,-0.004888552568041241,-0.007737444721353514,-0.008478860221147126,0.01344793990762378,-0.0034555438454198753,-0.004888552568041238,-0.0034555438454198758,-0.0034555438454198758,-0.004888552568041241,-0.019440560688103698,-0.025365556697659806,-0.022992879138554755,0.197723916051414,-0.012987451093612754,0.05880012514821823,-0.009797284941114598,-0.011500221459806014,-0.0071095088262773005,-0.021283471479346325,-0.028491389395156295,-0.05797646932777453,-0.011500221459806021,0.06788022182234685,-0.0091613666949498,-0.004888552568041239,0.017772812210984857,-0.0034555438454198766,-0.0034555438454198753,-0.003455543845419875,-0.01150022145980601,-0.007737444721353502,-0.00847886022114712,-0.0034555438454198758,-0.00488855256804124,-0.024855328058356486,-0.003455543845419875,0.1571447428824451,0.06173446801965472,-0.0034555438454198758,-0.040837883629418245,-0.0373050465065517,-0.004888552568041239,-0.017421602787456383,0.0020055357145241054,-0.05349693438887863,-0.017772812210984923,-0.00598928397680536,-0.00916136669494982,-0.017421602787456393,-0.003455543845419875,0.13225162676685204,0.06743581922883969,-0.010961249232686878,-0.039772943990125605,0.19834821672710057,-0.04332419689136019,-0.007737444721353507,-0.017772812210984937,-0.006997576549747723,-0.05212853160892802,0.011583308542502146,-0.0185789926786141,-0.02079247787094542,0.0710921648830194,-0.012987451093612726,0.14151181408307395,-0.16879254845562183,-0.018456594067140415,-0.026398183867422712,-0.0034555438454198766,0.033046176622114044,-0.08368214627550025,0.11607298564786504,-0.01706367043796342,-0.008478860221147135,-0.00598928397680536,-0.02068572009460301,0.05789355856552336,-0.12426122517881173,0.04830386325148047,-0.004888552568041244,-0.021468770559899545,0.0494739948518359,0.040299557531951614,-0.10141128815663315,-0.04433104756097374,0.12663768407121004,-0.030498487250727846,-0.041786347621857914,-0.033919468459520964,0.015449300262610764,-0.01298745109361276,0.006417444454816695,0.0021076922083012295,-0.0026200567547735388,0.019758544037049127,-0.014746796125258125,-0.009161366694949803,-0.004888552568041239,-0.006918203966304082,-0.02459679870306202,0.012419492678852435,-0.0034555438454198753,-0.06180475781586222,0.03482086302335284,-0.018117690676931888,-0.005989283976805351,-0.003455543845419877,0.04038856541218035,-0.02186650220925963,0.06425659019742715,-0.13289808409807324,-0.007737444721353516,0.017182947188840076,-0.020380918370917846,0.03890937279939181,-0.0034555438454198745,-0.006012898617538153,-0.020071925538037633,-0.027706364981858227,-0.015555279019719934,0.008238758605546147,0.04116751363475484,-0.015156148919745255,0.07749181437254349,-0.010395170149199634,-0.07926832390666931,0.020660884361391862,-0.12426122517881158,-0.0243358950689864,0.04118877346831468,-0.005989283976805341,0.004118520318088259,-0.02068572009460297,-0.010395170149199644,-0.009161366694949786,0.02561739352995903,-0.01911774490797013,0.039498652296060054,-0.004888552568041239,0.0069182039663038845,-0.02586713164733359,0.04021162902712876,-0.011500221459806014,-0.004888552568041239,0.0077374447213536725,-0.003455543845419875,-0.006918203966304085,-0.00488855256804124,-0.010395170149199646,-0.007737444721353525,-0.007737444721353511,0.11277345054117936,-0.005989283976805359,-0.08877676935984644,-0.006918203966304075,-0.01201573650064586,-0.015555279019719917,-0.06210268897517762,0.11056773667238493,-0.04055049532635325,0.021726486895336728,0.024457927627747646,0.03931178342726424,-0.009161366694949807,0.09126876463028513,0.047491969734846186,-0.08243984292302413,0.0052757990545202835,-0.015944955230893808,-0.009161366694949786,-0.0034555438454198758,0.0961467771053647,-0.013447939907623888,-0.0034555438454198758,-0.031779678847946725,-0.004888552568041239,0.10485009738668902,-0.0385950698987427,-0.007737444721353507,-0.0651220244004764,0.040701152172571003,0.08649175186390785,-0.07676174901829529,0.009481023734198032,0.11055402028357642,-0.007737444721353507,0.009193743360811022,-0.012015736500645878,0.02917285225312466,-0.02849138939515635,-0.004888552568041237,-0.02536555669765982,-0.0165839790980558,-0.025280877661498155,-0.05319420440871387,0.023264253153344582,0.014292851568135622,0.03645862421899074,-0.0020466020636280466,0.09877246818866307,-0.03156899527795528,-0.0002754547277253861,-0.029397136853186633,-0.006918203966304088,-0.012015736500645814,-0.04366136963755769,-0.0015681600647519402,-0.02732471627414302,-0.013893780982854077,-0.026846275568352434,-0.0155552790197199,-0.025365556697659806,0.21210701604683435,0.02393634587460636,-0.010961249232686876,-0.019117744907970125,0.08263590962405538,-0.0174216027874564,-0.026604349599162365,0.08451869649848952,-0.046314360229978785,-0.03814865499545739,-0.030061840689348113,-0.016325855610700706,-0.014326343137141843,0.00718746013677244,0.04443978150977668,-0.04590196142178898,-0.0206425420080137,-0.018990926845157362,-0.00679824204933615,0.03575028155918526,0.08094352539863887,0.04955549974498225,-0.0034555438454198758,-0.008006017340634271,-0.015674763758292402,-0.009859323276317288,0.032565618235861765
Neighborhood_Timber,0.05579284052141171,0.21539983408530747,0.12516797748880684,0.11680965283507172,0.06713922323962637,0.05142055533374197,0.006728348298033415,0.11074291322103173,0.1273480078676067,0.07279025889023251,0.08900858201852939,0.11367513616761234,0.06470916519746282,0.01019133965281704,-0.00826267908841479,0.12623630766971297,-0.03528674301728946,-0.017207524430655603,0.08470003270213917,-0.06848720598016632,-0.12398685117127864,-0.027787068439733283,-0.0017478387080191971,0.03858319233284614,-0.10781097121874009,0.2057631339409696,0.0017479941940958589,-0.1154184850147865,0.16015125782047346,0.009700195512733155,-0.02981397261073347,-0.008568233795634652,-0.032411236741171204,0.006428758849303773,0.12188640224552841,-0.006054499336712147,-0.017207524430655582,-0.0332492604629818,-0.022858593618896427,-0.05531615460909184,-0.03110080223146835,-0.044327429312930385,-0.039098374889243157,-0.026359696896185104,-0.01774325504616404,-0.030463270949871626,-0.06977498959044462,-0.012874475603431478,-0.037502930030867444,-0.027787068439733376,-0.03857236543710439,-0.04734754047677821,-0.021576751206621704,-0.03777254478910985,-0.03354663305842757,-0.04089760342635657,-0.021576751206621694,1.0,-0.014243087750683047,-0.03961889663136358,0.0651285974019103,-0.012133991473334152,-0.018770974087832317,-0.014243087750683055,-0.022011726016077943,-0.006054499336712151,-0.00958286799236615,-0.010501115180925532,0.0166553477982702,-0.004279710124597743,-0.006054499336712148,-0.004279710124597742,-0.0042797101245977435,-0.006054499336712151,0.0057638218693914,-0.03141538196915644,-0.0284768077167802,-0.047574244019105295,-0.01608502986055989,0.03531131311413857,-0.012133991473334152,-0.01424308775068304,-0.02413163384745507,-0.026359696896185066,0.04814426071589699,-0.08013260615011933,-0.014243087750683052,0.09274132876719267,-0.011346403215660888,-0.006054499336712149,-0.043043172735893524,-0.004279710124597741,-0.004279710124597739,-0.004279710124597741,-0.014243087750683028,0.1376906822061031,-0.010501115180925535,-0.0042797101245977435,-0.006054499336712149,-0.007128801490868253,-0.004279710124597742,-0.034134854842839436,0.0026586832785460398,-0.004279710124597741,-0.0327807807116896,-0.013329377947765184,0.1102556195001265,0.011583308542502125,0.08639269461686588,-0.05389879796553947,-0.022011726016077947,-0.007417761261689464,-0.011346403215660902,0.011583308542502177,-0.004279710124597742,-0.012171177970416086,0.019884018282241386,-0.013575567672668067,-0.031257578127963315,-0.004279710124597743,-0.01010299723479234,-0.009582867992366155,-0.02201172601607795,0.08036874580112405,-0.051970003069504764,-0.026722925457102698,0.07866784614992633,-0.09381694750207144,0.04059011244821557,-0.016085029860559864,0.0939177494581487,-0.09380191031633345,-0.022858593618896403,-0.02581128664598338,-0.004279710124597741,0.03461686773771497,-0.021709734874385784,0.053347475617530976,-0.02113345001625286,-0.010501115180925518,0.08758163735292981,-0.025619378507035107,0.05150160384066931,-0.11080104594138246,0.006428758849303748,-0.006054499336712153,-0.0013728596198119168,0.15663399785403656,-0.015506655714445277,-0.1270724757681081,-0.026397774555690475,0.06776456798674306,0.001450723626324312,-0.03680231975481876,-0.029097070920573984,0.004083726679085844,-0.016085029860559864,0.04439567544955661,0.03634559971142743,-0.03631082090420248,-0.00491031255390855,0.020720548234806273,-0.011346403215660878,-0.006054499336712148,-0.008568233795634655,-0.030463270949871675,-0.003158865258621907,-0.004279710124597742,-0.03912200696035853,0.04312583103982207,-0.022438859899627184,-0.007417761261689443,-0.004279710124597744,0.034646443636960476,-0.02708178367308101,0.06799755165520757,-0.07855537028375302,-0.009582867992366146,0.005763821869391392,0.003282225868045803,-0.016655347798270194,-0.004279710124597743,0.010265299419836523,0.004083726679085858,0.001465064995479413,-0.01926529891955374,-0.001536449530700531,0.0564026256591722,0.019186951352936646,0.030901858015414358,-0.012874475603431471,-0.08842759443290917,0.019135565754300324,-0.12803991285042107,-0.030140140359073978,0.02805809720037509,-0.007417761261689458,0.015716311960345467,-0.025619378507035127,0.04208673603694852,-0.011346403215660895,0.008727365906085058,0.00664629686577617,0.01759378292765116,-0.006054499336712149,0.008568233795634523,-0.03203658531264997,0.03437121375991631,-0.014243087750683045,-0.006054499336712151,0.009582867992366075,-0.004279710124597742,-0.00856823379563466,-0.006054499336712149,-0.012874475603431473,-0.00958286799236612,-0.009582867992366153,0.05945602095690423,-0.007417761261689456,-0.05050896543593184,-0.008568233795634645,-0.014881555974024798,-0.019265298919553777,-0.03565919705645347,0.057603661609171346,-0.03841178587834156,-0.029707114581277817,-0.021133450016252924,-0.00030506178412674376,-0.011346403215660876,-0.03078346098329468,0.006821587141428933,0.0006397380981647667,0.01774592473460644,-0.019747915057817006,-0.011346403215660905,-0.004279710124597743,0.049960408262501706,0.06866678478234195,-0.004279710124597744,-0.0015536568810589904,-0.006054499336712149,0.052646824567111006,0.07995869880946363,-0.009582867992366143,-0.11181521524050789,0.12071061463427155,-0.024859190561037154,-0.08517097800096216,0.00480150737865197,0.13431100582986533,-0.009582867992366156,0.0006726719701679952,-0.014881555974024787,0.036130738528053964,-0.035286743017289485,-0.006054499336712149,0.01500815818769417,0.003997042832137933,0.019372054177746168,0.03338258620706414,-0.04074536627241593,-0.0010601789351222077,-0.002725777465072969,-0.013543683676952481,-0.041650313631336845,0.01794722205109164,0.010144789122932135,-0.03640851624311574,-0.008568233795634657,-0.014881555974024798,-0.039646982321925296,0.012981905878967089,-0.033841811917742014,-0.017207524430655596,0.03282685606508549,-0.01926529891955375,-0.03141538196915644,-0.04114967010111249,-0.03471475237968327,-0.013575567672668086,0.006646296865776126,-0.009582867992366129,-0.0215767512066217,-0.010739816007991941,0.08351865455768696,-0.006362309980550769,-0.06606889871531851,-0.037231755612875,-0.020219662280496063,-0.017743255046164086,-0.043609382714085286,-0.03474031938356032,-0.014089766355755191,0.04568462829817789,0.0017105080733381586,0.039909296599734884,0.043302040846720374,-0.01826398839253543,-0.014243087750683045,-0.004279710124597743,0.025091989423420346,-0.00966600286399293,-0.008131236731170588,0.005896593263630378
Neighborhood_Veenker,-0.03293913894426898,0.04443983836269,0.03957493385775647,0.03202004593163615,0.020907672651183398,-0.033945907714461376,-0.057447487936884443,0.052418435642794414,0.056058872700670226,0.004009396040347172,0.008408226515745689,0.03013755095041992,0.0669662404934366,0.004632534710610968,-0.007640141131252129,0.06347063934055396,-0.018807528316383212,-0.009171461441647943,0.045144383619183596,-0.03650308743855518,0.0055970034134938795,-0.014810266741067642,0.03313427747613595,-0.007235659955626422,-0.08168816192893064,-0.016407318007103038,0.03722244077765812,0.003207953139175951,-0.0022810484185192673,0.07396157057577216,0.11873374411624989,-0.004566794380933164,-0.06930071173710163,-0.0188075283163832,-0.008258469333413752,-0.003226995692431687,-0.009171461441647943,-0.017721567766963736,-0.01218343236012023,-0.02948303116709235,-0.016576458143047545,-0.023626135786658696,-0.02083909508150726,-0.014049490074597454,-0.009457001218333828,-0.016236659493301532,-0.03718946494593286,-0.006861983956736445,-0.019988736794361583,-0.014810266741067621,-0.02055873660067669,-0.025235828871817138,-0.011500221459806025,-0.020132439124658164,-0.01788006478400565,-0.02179806830391046,-0.011500221459805995,-0.014243087750683047,1.0,0.08268862906428788,-0.03439740563537394,-0.006467312330686564,-0.010004766563749577,-0.007591442374051083,-0.011732059264778629,-0.003226995692431685,-0.005107585617360076,-0.005597003413494103,0.00887715608044919,-0.0022810484185192647,-0.003226995692431686,-0.0022810484185192673,-0.0022810484185192673,-0.0032269956924316843,-0.012832961234597939,-0.016744126417828,-0.01517789180007702,0.06320966414215752,-0.008573181560681944,0.04008205830856651,-0.006467312330686572,-0.007591442374051075,-0.04048397793344639,-0.014049490074597423,0.058000839073601304,0.007732974814617699,-0.007591442374051075,-0.003089305366308926,-0.006047534612732173,-0.00322699569243169,-0.04815887264632904,-0.002281048418519262,-0.0022810484185192643,-0.0022810484185192673,-0.007591442374051061,-0.005107585617360068,0.11821549633955743,-0.0022810484185192673,-0.003226995692431687,0.11425459630400864,-0.0022810484185192673,-0.01819358189895209,-0.036895917517173075,-0.0022810484185192673,-0.014558563153823664,0.12669299027293676,-0.0032269956924316887,-0.011500221459806007,-0.06432056640025022,-0.01256093962234352,0.04815887264632909,-0.003953602487626554,-0.0060475346127321795,0.17166694215455885,-0.0022810484185192673,-0.01803739255869523,-0.03541373939718084,-0.0072356599556264185,-0.013713271539201365,-0.002281048418519265,0.10505775868503053,-0.00510758561736007,-0.011732059264778641,-0.06326280905013594,-0.011226750991250513,0.035505496258879825,-0.04048397793344642,0.05539708074873708,-0.027009405322679512,-0.008573181560681951,0.07259277716466939,-0.062452728185405135,-0.012183432360120185,0.050165114855074355,-0.002281048418519262,-0.04015961953663777,0.019548627295064253,0.0019985873824665693,-0.011263945765943816,-0.0055970034134941084,-0.003953602487626557,-0.01365490678703658,0.05360643873555078,-0.050285474776101534,0.019596655378609076,-0.0032269956924316835,-0.004647831278077022,0.13690977930086035,-0.02535665989579841,-0.058800707741284916,-0.0030198194027713002,-0.00261639890029524,0.05208712137165857,-0.027583699244584075,-0.04276909198662966,-0.013249733197818516,0.07270503323539379,-0.015715071487504916,0.024894179484863964,-0.04364848511029546,0.013042866085375427,-0.009734547580500665,-0.00604753461273218,-0.003226995692431689,-0.0045667943809331625,-0.01623665949330155,-0.017404872735602133,-0.002281048418519262,0.013491311145406696,0.02298569431731344,-0.011959717924173854,-0.0039536024876265525,-0.002281048418519264,0.02666100543965791,-0.014434356070779126,0.00945198037077079,-0.024359767405095243,-0.005107585617360065,-0.01283296123459794,-0.013453703294655643,-0.008877156080449125,-0.0022810484185192656,0.023626135786658745,0.040041204732801455,-0.036907256907691796,-0.010268237416402015,0.031687182197225675,0.06374274803305437,-0.01000476656374959,-0.022066143098011845,-0.00686198395673645,-0.05232602825330677,0.03181042994857783,-0.050285474776101596,-0.016064433687895296,-0.008573181560681951,-0.003953602487626554,0.01925737061154285,-0.013654906787036571,-0.006861983956736436,-0.006047534612732177,0.01691036711212632,-0.012619866434564407,0.02607356247931572,-0.0032269956924316874,0.004566794380933159,-0.01707522241802449,0.02654420748270667,-0.007591442374051069,-0.0032269956924316874,0.00510758561736009,-0.0022810484185192673,-0.004566794380933164,0.21092817298712543,-0.006861983956736456,-0.005107585617360076,-0.005107585617360067,-0.02630958565210648,-0.0039536024876265586,0.010619792499776529,-0.004566794380933157,-0.007931740405629882,-0.010268237416402036,0.04074594423523059,-0.026661005439657923,-0.04403637819483481,-0.03551335092738431,-0.011263945765943839,0.06226766041973477,-0.006047534612732181,0.07070062486697136,-0.012837632293964176,-0.0009161546847086567,-0.03600963545730715,-0.010525467636881175,-0.00604753461273217,-0.002281048418519265,0.02535345628516492,0.14822160607052895,-0.002281048418519266,0.013826521125966098,-0.003226995692431686,0.03351264085881929,0.06273609077244482,-0.005107585617360072,0.0016374254491279482,-0.01247319452762946,-0.013249733197818522,-0.05067140630643034,0.060572204854905616,-0.0087415697276103,-0.005107585617360072,0.0652491934359962,-0.007931740405629894,0.019257370611542795,-0.0188075283163832,-0.003226995692431685,-0.016744126417827954,-0.02437843096558372,-0.0016713942467277215,0.010578065630194531,0.02289077439920982,0.005116728809924211,0.0023133614805876026,-0.018502662262063187,-0.022199256321950557,0.014172503099160844,0.022343193435791317,-0.019405423727103036,-0.004566794380933162,-0.00793174040562987,-0.02882142511203901,-0.02458846774749117,-0.018037392558695242,-0.009171461441647955,0.0633865480316791,-0.01026823741640202,-0.016744126417828,0.0784479264811296,-0.01850266226206323,-0.007235659955626408,-0.012619866434564447,-0.0051075856173600715,-0.011500221459806025,-0.017561869359388527,-0.03489588855375102,0.0021246991421401754,0.03318406654665857,0.053318768137328935,-0.010776904819518445,-0.00945700121833385,0.00856107338890121,-0.001456911735791144,0.052686961353610645,-0.02803450263326313,-0.03339402371785669,0.015605858743583566,-0.015890589103831496,-0.009734547580500663,-0.007591442374051077,-0.002281048418519265,0.04779759341965807,0.013842467459196945,-0.047821596587779666,-0.03215360041756447
Condition1_Feedr,0.05480645974786628,0.0051683029495735566,-0.13860695490312172,-0.13643078318223145,-0.11020119348673667,-0.01945085962810236,-0.05676090821878087,-0.041036601464772435,-0.0033041787591473674,-0.004024541648150769,-0.059628325322062685,-0.05978252512724957,-0.023445763565185573,-0.029566272745327974,0.03847490664176695,-0.11732867748568138,-0.05231544825822578,0.06070802983728607,0.008373649773184317,-0.009188890742662943,0.015568751914343763,-0.004974353030948562,-0.004974353030948594,0.016151196949373572,0.016651730233744222,-0.012733835712857597,-0.019241126170442834,-0.017134562602378032,-0.0063450161289721925,-0.05138585332457775,0.10836190053196017,-0.01270309905281642,-0.08244469788021777,0.0057134630101576085,-0.02297194601206572,-0.008976284567380784,-0.02551154561255593,0.04262135700611832,0.03155867396344362,-0.08201066964094816,-0.029813204623758156,0.01720052743295995,-0.04474082609995011,-0.0010040671778456097,-0.026305809545678,-0.02855054953660089,0.02085969542933374,-0.01908745054631706,0.026770911848936523,-0.04119657460294321,-0.05718664902661855,0.019380169888024056,0.08333009301036949,0.13496634686528916,0.04143071817617171,-0.022509263544375855,-0.03198927741156358,-0.03961889663136358,0.08268862906428788,1.0,-0.6083179772300991,-0.017989622980447234,-0.027829486081141958,-0.021116528660441558,-0.032634162719527314,-0.008976284567380786,-0.01420737624819616,0.03120157276660656,-0.12366772938925628,-0.006345016128972189,-0.00897628456738078,0.10802194125744007,0.1080219412574401,0.1528184743014581,0.026569764038871953,0.11486938587501935,-0.042219168823167244,-0.07053266152068043,0.006855589314957294,0.004320157976107963,0.0225425522532765,0.013485190581134955,-0.0564745530364533,0.018034089700784933,-0.00879376480693824,-0.03839142754401915,0.048086909822711445,0.031157571355303535,-0.01682195973867669,0.07192109486703868,-0.03523745775128456,-0.006345016128972186,-0.0063450161289721856,0.10802194125744004,-0.021116528660441565,-0.014207376248196176,0.031201572766606542,-0.006345016128972192,-0.008976284567380786,-0.012733835712857557,-0.006345016128972189,-0.035653782105225205,-0.0026368202389404523,-0.006345016128972191,0.03173678569162068,0.06868687482705431,-0.008976284567380784,-0.008925403327177013,-0.06620068336387222,0.030694743310207807,0.03523745775128451,-0.010997430544599895,-0.01682195973867671,-0.008925403327177058,-0.006345016128972189,-0.035100607374566016,-0.00415368982870849,-0.02012687619845015,0.00953760386576304,-0.006345016128972189,0.061817840616081386,-0.014207376248196147,0.012613584261013878,-0.05639903570034052,0.04440668137998334,-0.002033718540531333,-0.04347449825786108,0.040398486389904786,-0.011652102723098431,0.09896442735027333,-0.12098355013820251,0.10935924919773449,0.07519093152653815,0.02892358360600475,-0.006345016128972188,-0.056008766641739566,0.1076088847243937,-0.11983377179896829,0.03926176331426768,-0.015568751914343698,-0.010997430544599894,0.0011388140821709971,-0.10468392802845997,0.1375339243726662,-0.03780822044112994,-0.008976284567380793,-0.02008301844338408,-0.014863732253610758,-0.0036205849643494367,0.06420468931635108,0.027649377090596453,-0.07407168920093256,-0.001438793951076749,0.0480534735006803,0.01341433343526555,-0.016725041414619512,0.006855589314957338,0.024801429873704543,0.04762713359125011,-0.026301177967706434,-0.045462392293468726,0.027152126438920274,0.0264938448794326,-0.008976284567380786,-0.012703099052816417,0.02129058516659239,0.05343126707769813,-0.006345016128972191,0.034539990873923884,-0.033111248363394345,-0.011058718190116222,-0.010997430544599887,-0.0063450161289721925,-0.05416489385990345,0.0711887861304338,-0.08247263337525625,0.08511274946265888,-0.01420737624819619,0.02656976403887191,0.0022557149829519987,-0.024692899130311693,-0.006345016128972187,0.006490765069041486,0.0034056761990198204,0.011070036837306773,-0.0028209740833133774,-0.0026616361643583175,-0.03617210982868638,-0.027829486081141927,-0.02366321197212933,0.05736708387788828,0.05104300590869789,-0.029123339685645427,0.0955682974816217,0.022434541788062347,-0.023847356696814655,-0.01099743054459991,-0.00322878678601252,0.040260427257927806,-0.019087450546317032,-0.0168219597386767,-0.016950428741478687,0.007078525344922335,-0.12356420170139232,-0.008976284567380784,0.012703099052815912,0.03177314019334198,-0.03349230220381034,-0.02111652866044157,-0.008976284567380782,-0.037009338128017294,-0.006345016128972191,-0.01270309905281642,-0.008976284567380786,0.09559435108999126,-0.01420737624819621,-0.014207376248196173,-0.04074628058457849,-0.010997430544599895,0.032752648365477754,0.04453926087654148,0.07735707493341697,-0.028562362593547972,0.004176409316065781,-0.031385607868787906,-0.018165478813904595,0.05530257044562768,-0.007800777275905395,-0.015883200083262095,0.026493844879432567,-0.012733835712857614,-0.0059927158814626355,-0.0517634651453763,0.06088405884268057,0.020981620074305454,0.026493844879432616,0.10802194125744004,-0.028197040355717653,0.09399560368534278,-0.006345016128972189,-0.018910809315733287,-0.008976284567380782,-0.06659608460623463,0.029100250977898534,0.037009338128017114,0.06585383722362655,-0.06956009325407402,-0.016725041414619515,0.017405794200943004,-0.02845273738822119,-0.04577597629160336,-0.014207376248196141,-0.041491092830185185,0.11049713637789743,-0.13101872162999997,0.1362785133640206,-0.00897628456738078,-0.030431319785141797,-0.02168770641345438,-0.008332712748787142,0.05766831283240427,0.039239161930794915,-0.03247859405722677,-0.029933926957990926,0.0074331751709011875,0.0007794764868175723,-0.018289477201012205,-0.01934682368487897,0.030625521246908507,-0.012703099052816434,0.01107695204445642,0.05028516315663246,-0.06367758083379833,0.010117233890316052,-0.025511545612555902,-0.003336679352029941,-0.0028209740833133627,0.11486938587501935,-0.061007711478586316,-0.05146742591195228,-0.02012687619845018,0.02816964167877247,0.037009338128017114,-0.00892540332717699,0.09017820420132731,-0.07568372944955983,-0.023601005528929932,0.048460080563853085,0.04153182306000983,0.019143742151388445,-0.02630580954567804,0.03145906860008024,0.013339440740607712,-0.002027877732684915,-0.04477847646267803,-0.02126151435726764,0.011372499535856442,0.02360438699040769,-0.027077838815284336,0.1172903483058645,0.10802194125744004,0.03399711034755409,0.03046553995478527,-0.012428568750288612,-0.0065304802308146365
Condition1_Norm,-0.07545936311415899,-0.024954562075411472,0.09922324839194711,0.1960579930420445,0.13282843547503367,0.038352843102217586,0.04223461897147339,0.052031523796066244,-0.004993104984216865,-0.05579572447673806,0.12505691056714624,0.03363730206562225,0.04034950466894872,-0.02330741519248359,-0.029530850569098637,0.11296832108736445,0.07634168762159692,-0.03459872290178493,0.01790389893973959,-0.051070077213003946,0.005545174904744261,0.031548590895411205,-0.02874060112985097,-0.08767819450076546,-0.009457981039379088,0.02025671114728556,0.03765626604051742,0.010456665955682912,0.010430426793999118,-0.001000651747720532,-0.040196020898744717,-0.017227925379245144,0.08927252721784082,-0.0009261556557211608,0.03776305628294207,0.014755908757214742,0.04193784594155756,-0.08215217155175186,0.012136935267368214,0.12169342443728945,0.0432496034326833,-0.002376746986357871,0.007237200270023391,-0.011806884801710849,0.04324351824264389,0.05212266597617977,-0.045121062582145245,0.03137742309249079,-0.10968169942141617,0.0677221061105686,0.08509539346691587,-0.12315555720122465,-0.024189762854490107,-0.09865189626641004,-0.039632428513045444,0.023527900301759188,0.052586440988022065,0.0651285974019103,-0.03439740563537394,-0.6083179772300991,1.0,-0.18630819574471988,-0.288214007926444,-0.21869176243407473,-0.3379732850723474,-0.09296222517045288,-0.14713763806749952,-0.16123662415333315,0.2557301778739313,-0.06571168880219455,-0.09296222517045284,-0.06571168880219458,-0.06571168880219458,-0.09296222517045286,-0.03804773616210187,-0.09541172151992967,0.06940312534475293,0.11594702797021085,-0.04256230591794973,0.06554753926247882,-0.024397501823713356,-0.03439740563537387,0.008477205985989637,0.013543191390197856,0.037707765982937916,0.0014528281373172535,-0.03439740563537382,0.01595146756513925,-0.058861885087413725,-0.039103158206618985,0.06685185858573907,0.010430426793999054,0.01043042679399905,-0.06571168880219458,0.011676183564301324,-0.04484194683961889,-0.06782175460417972,0.01043042679399913,0.014755908757214763,-0.034511433806486344,-0.06571168880219458,0.0433693657098381,0.018923099057882586,0.010430426793999107,-0.05492120264715113,-0.024397501823713356,0.014755908757214714,-0.024189762854490107,0.08566461463823288,-0.04452415464940907,-0.05178955711426078,0.01807842437054936,0.027653234604825303,-0.00883452208598771,-0.06571168880219458,0.04233901974057265,0.002033959799615273,0.008933250005738342,-0.043283929270453124,0.010430426793999175,-0.03729777039999155,0.02335518064563487,-0.021664954171304266,0.07978115349753143,-0.052555821693080325,-0.022452226999079502,0.06040750279526886,-0.07127413404847484,0.03193747825671817,-0.0834445208128226,0.13871897162914107,-0.12681110598891362,-0.045961181094460256,-0.06640158940746635,0.010430426793999054,0.08290144412380704,-0.10509958497700915,0.1468905020097064,-0.01115964111065614,0.025593114944973457,0.01807842437054931,-0.08081397574219178,0.1316696536104363,-0.13980667758387103,0.037707765982937874,0.014755908757214777,0.012406838760192839,0.036955775608204754,-0.05482056848766989,-0.07357532798528087,-0.03779272713131361,0.09809821165946477,-0.01691886241138943,-0.04002035109270957,-0.0428260225954146,-0.006425823805437597,-0.022121198470513286,-0.007967026849971606,-0.038027338755980813,0.039284817790584826,0.049203337156690334,-0.04574910169730349,-0.030023511856667393,0.01475590875721474,0.020882333793024514,-0.014242821516746744,-0.03212186763380702,-0.06571168880219454,-0.06726061733180778,0.06450155009735217,-0.01924191772204909,-0.025912408264454116,0.010430426793999168,0.08455770426433519,-0.0698956961027229,0.10677603843345232,-0.10086001289078073,0.02335518064563496,-0.038047736162101935,0.008685038367887218,0.02083727375269075,0.010430426793999175,-0.0055097316501934125,0.02037904121153044,-0.0019119090403992853,0.012677313820927787,-0.01030641309819211,0.07638998156432147,0.028171294007847944,0.02556914444375907,-0.07042488294092371,-0.09471813693502334,0.06507295323908122,-0.11585856464615676,-0.01591567629390355,-0.022121198470513352,0.018078424370549347,0.02538117494857092,-0.028721964888505248,0.03137742309249072,-0.030023511856667306,0.018528849880769933,-0.02654484327753137,0.10561362945661817,-0.03910315820661903,0.055338184551515235,-0.016917105073953467,0.03582586945197734,0.01167618356430125,0.014755908757214756,0.04484194683961883,-0.06571168880219458,-0.017227925379245237,0.014755908757214732,-0.04497430643257007,-0.010743383096992083,-0.044841946839618924,0.041120445218129395,0.018078424370549323,-0.026104042841336387,-0.01722792537924516,-0.029921958476224128,0.012677313820927823,-0.01500490070706436,0.03647587242775248,-0.07061968979749154,-0.07697909628748661,-0.058158898865150806,0.02865625521254623,-0.058861885087413815,0.04216396912879418,0.03723364176264722,0.024576939206437342,-0.061070825172461304,-0.052254600036113236,-0.0877002583181601,-0.06571168880219455,0.018472297036763282,-0.038427180167299735,0.010430426793999146,-0.00035972153941816884,0.014755908757214747,0.020205907298613778,-0.024008664840825807,-0.010743383096992007,-0.05194235952306679,0.05268331592274337,0.006976608703046534,-0.01582357856476082,-0.004512855356533795,0.059205384702202525,-0.010743383096991986,0.030129616245207803,-0.07404929117853438,0.11045990934250513,-0.11682792057169854,0.014755908757214681,0.001325162798887833,0.003996235349101687,0.00886888460455202,-0.006060529186095458,-0.04916999954746072,0.02201751356254208,-0.002070813787963252,0.04539185673770075,0.0015967761243176587,0.007237200270023532,0.02106338858035968,-0.023919635597357342,-0.01722792537924517,-0.02992195847622414,-0.10872689237483313,0.01954230845991565,-0.05800995561857646,-0.034598722901785194,0.030038634155827772,0.012677313820927823,-0.09541172151992967,0.10028918059659751,0.0846061235051819,0.03308611113236435,-0.04058668066347199,-0.010743383096992078,0.006520718682514842,-0.05339525585769333,0.10627101772739513,-0.018341282679830952,-0.05113425353098094,-0.05646076497255235,-0.04883097945100695,0.043243518242643844,-0.0056976960009783445,0.018704193951246763,0.018143886237986014,0.019397998577737746,-0.002286402843289067,-0.03362351486982599,-0.0289102150310202,-0.009644405222674705,-0.12654458403472427,-0.06571168880219455,-0.0044412926036571125,-0.016465696297945403,0.0014233038610914218,-0.012434286004933858
Condition1_PosA,0.13943816849089077,0.045345851605801867,0.02822376191484479,-0.007111830660792774,0.020713462152788704,0.014742263568528226,0.008298706152178382,0.03365106614625526,0.10439040262848714,0.07542605324769744,-0.03480464350200559,0.03252197343146527,-0.006068992380951282,0.020833299721082624,-0.006508799844839615,0.04201689908541696,-0.016022536139647155,-0.007813364410791654,0.03845946718104237,-0.031097761909706704,0.004768207068885268,-0.012617183401492503,0.04354466954417534,-0.006164213669280103,-0.03983188724670809,0.037041025776917376,-0.011802063338397714,-0.005626159139503091,-0.0019432739968373671,-0.019471538265045777,-0.013537533157647044,-0.003890549931917399,-0.01580512523730285,0.028963815329362114,-0.007035566881881255,-0.0027491467371303954,-0.007813364410791642,-0.015097383091537818,-0.010379326938188169,-0.02511722563616081,0.036412194469472525,-0.020127611035002192,-0.017753271373258443,-0.01196906146714451,-0.00805662186144086,-0.01383235793360206,0.045411585636916496,-0.005845871083480673,0.15325949644064055,-0.012617183401492529,-0.017514427979506794,-0.021498943046142818,-0.009797284941114596,-0.01715125603044226,-0.015232410094600631,-0.01857024119802397,-0.009797284941114603,-0.012133991473334152,-0.006467312330686564,-0.017989622980447234,-0.18630819574471988,1.0,-0.008523274889703208,-0.006467312330686571,-0.009994792532023003,-0.002749146737130396,-0.004351261567380239,-0.00476820706888524,0.007562639370978993,-0.0019432739968373671,-0.002749146737130396,-0.0019432739968373671,-0.0019432739968373667,-0.002749146737130396,-0.010932674496144422,-0.014264679874110167,-0.01293037106202559,-0.02160188158309258,-0.0073036769679153315,0.018963748244217274,-0.005509641873278238,-0.006467312330686561,0.011320680251826705,-0.011969061467144505,-0.016022536139647135,-0.02811316399290399,-0.006467312330686583,-0.013258212334032056,0.12916860787509912,-0.0027491467371303963,-0.13031671801368488,-0.0019432739968373654,-0.0019432739968373654,-0.0019432739968373667,0.10083127861024958,0.15446978564199818,-0.00476820706888524,-0.0019432739968373667,-0.0027491467371303963,0.08805979713003004,-0.0019432739968373673,-0.015499502038854245,0.020247010739048135,-0.0019432739968373667,-0.03126526997403614,0.04992229992230002,-0.002749146737130396,-0.009797284941114592,-0.05479606795396105,-0.0034319991305470513,0.060160962740830805,-0.0033681586263844283,-0.005152024245730458,-0.009797284941114598,-0.0019432739968373673,-0.015366440995063966,0.049627008097950474,-0.006164213669280091,-0.03076164463749949,-0.0019432739968373667,0.1008874474422633,-0.004351261567380241,-0.009994792532022994,-0.053894941815316996,-0.002157719066489732,-0.012133991473334152,0.03147701338312791,-0.014719841179805569,-0.023009890806121234,-0.007303676967915306,-0.013256343629416014,0.019801792636400622,-0.01037932693818814,0.0061855801585434175,-0.0019432739968373667,-0.0006992302128472697,0.06600480980383297,-0.04753899436978422,-0.009595996617622898,-0.004768207068885242,-0.0033681586263844226,-0.011632907514392644,0.011524694576473034,0.004482102907952489,-0.01602253613964717,-0.002749146737130398,0.021395663087802073,0.04067705512367073,0.012980077968788103,-0.028417046900371883,0.005811429922050516,0.014564965268908171,-0.017151256030442243,-0.023499144096809112,-0.011118054345201904,-0.011287731456865633,-0.007303676967915321,-0.013388005941554135,0.03461587171593562,-0.0026425575082045056,0.011111496933675318,-0.008293069551080747,-0.005152024245730459,-0.0027491467371303963,-0.0038905499319174,0.03768611804358929,-0.033004134917072575,-0.0019432739968373667,0.05411201839444039,0.01958200523208675,-0.010188739819316745,-0.00336815862638442,-0.0019432739968373676,0.022713081484723063,-0.012296937051272726,0.014935496110427335,-0.01906559154268518,-0.004351261567380234,0.05342903826341527,-0.011461497950420969,0.08444947297593351,-0.0019432739968373665,-0.05333816924275574,-0.01128773145686564,-0.018097477738647925,-0.008747731351357972,0.029050302205332845,0.05430381211285298,-0.008523274889703206,-0.018798619855993442,-0.005845871083480673,-0.04457766404118502,0.034542796938058784,-0.05128951850350187,-0.013685635081726941,-0.0073036769679153115,-0.0033681586263844235,0.016405766424354932,-0.011632907514392679,-0.005845871083480685,-0.005152024245730457,0.014406303881660178,-0.010751134472528784,0.022212626246600888,-0.0027491467371303967,0.0038905499319172782,-0.014546747647163608,0.022613578803945086,-0.00646731233068658,-0.0027491467371303967,0.00435126156738025,-0.0019432739968373673,-0.0038905499319174005,-0.002749146737130397,-0.005845871083480666,-0.004351261567380228,-0.004351261567380238,-0.022413699441984035,-0.0033681586263844226,0.02897023595119025,-0.0038905499319173958,-0.006757219511337868,-0.008747731351357974,0.03471234247640768,-0.022713081484723074,-0.008569514459310257,-0.0037090956567363813,-0.009595996617622919,0.04680932768158378,-0.005152024245730456,-0.01397774557619524,0.000827232169073756,-0.007563337161505561,0.021891838963030645,-0.008966871284819971,-0.005152024245730456,-0.0019432739968373667,0.03363794692145713,-0.007562639370979127,-0.0019432739968373667,-0.01787175226119967,-0.0027491467371303963,0.0641913083681819,0.012739588372976418,-0.004351261567380234,-0.06649298874791748,0.07045861832476615,-0.011287731456865645,-0.043168056170586354,0.06521186747419536,-0.02792323301825628,-0.004351261567380236,0.020575411955253226,-0.0067572195113378836,0.016405766424354908,-0.016022536139647162,-0.002749146737130394,0.0357988600686804,0.014988592610835271,-0.024268830243838933,-0.003152755135749665,-0.009469714955750075,-0.0071370008841567,0.011114990297049451,-0.0157628142192054,-0.018912021862112723,0.0642713368702773,-0.015232410094600569,-0.01653189604408728,-0.0038905499319174,-0.006757219511337878,-0.02455358926943697,0.031306633879537485,-0.015366440995063929,-0.007813364410791656,-0.015097383091537778,-0.008747731351357965,-0.014264679874110167,-0.018684696289668453,-0.015762814219205397,-0.006164213669280104,-0.010751134472528763,-0.0043512615673802265,-0.009797284941114596,-0.01496133259815165,-0.06543356451448461,0.03975442103701602,0.05012143167077921,0.025945556013181312,-0.009181076005285388,-0.00805662186144087,-0.019801569961324435,-0.03575764077152722,-0.004211216303888083,0.004380613474032667,-0.0006846036243408983,0.10881981412763644,-0.013537533157647046,-0.008293069551080752,-0.0064673123306865695,-0.0019432739968373667,-0.01782666316516078,-0.015213258837857723,-0.018742922096556064,0.058306553927702856
Condition1_PosN,0.009173909934938178,0.02550236828052983,0.04857924322851916,0.00318497726961842,-0.005109694446546108,0.060471499269472005,0.017683011669777784,0.07201504370863658,0.10704619516323838,0.12038963234403913,-0.025048557455872606,0.049098314077596183,0.08539149590197864,0.10269342820837392,-0.005803950443737228,0.0495411684479438,-0.024786453110637565,-0.012087074662618078,0.05949581087754084,-0.048107441337791254,0.007376294233612968,0.017062992305806483,0.053644444238959726,0.06373983412695382,-0.03810106154959551,-0.021623214470990422,0.020713175520530234,-0.02118108225762347,-0.003006195110681859,0.0683731639144423,-0.020942217132244246,-0.006018581117345415,-0.022766612360602102,-0.024786453110637555,-0.010883841802858597,-0.0042528596035137705,-0.01208707466261806,0.007587282107911959,-0.016056552984566645,0.0009543506459128732,0.011069604809843373,-0.007210650260687552,-0.027463856197199026,-0.018515831591705174,-0.012463387709552642,-0.02139830351091566,0.051419626610966745,-0.009043412867890524,0.14003473775567624,-0.019518459627346888,-5.5559203520011785e-05,-0.03325831435779321,-0.015156148919745297,0.0010190312300220625,-0.02356414835211819,-0.028727687595541194,-0.01515614891974524,-0.018770974087832317,-0.010004766563749577,-0.027829486081141958,-0.288214007926444,-0.008523274889703208,1.0,-0.010004766563749575,-0.015461688105201227,-0.004252859603513772,-0.006731290219724527,-0.007376294233612957,-0.10816637505775394,-0.00300619511068186,0.3225458257191234,-0.0030061951106818605,-0.0030061951106818596,-0.0042528596035137705,-0.0169125674868669,-0.022067094482189433,-0.0200029529182326,-0.03341755763845393,-0.011298601240319223,-0.01750168454672554,-0.008523274889703203,0.05988499029306567,0.0421296428764444,-0.018515831591705164,0.004515750566715314,-0.07091285287546198,-0.010004766563749575,0.06514425533067561,0.07952072022148751,-0.004252859603513773,-0.07593128611987496,-0.003006195110681859,-0.003006195110681859,-0.0030061951106818605,-0.010004766563749575,0.09671801210446303,0.08709203542493897,-0.0030061951106818596,-0.0042528596035137705,0.07807118487947085,-0.003006195110681861,0.0364314779752437,0.001867537856566391,-0.0030061951106818596,-0.014579397308622536,0.013728108746100883,-0.004252859603513771,-0.015156148919745269,-0.0341758006609501,0.00554108417202191,-0.015461688105201212,-0.005210455144831115,-0.007970049577586914,0.0780142823342679,-0.003006195110681861,0.03711688902353189,0.022629824918554534,-0.00953588069615843,-0.013412505680629482,-0.00300619511068186,0.023497157246532095,-0.006731290219724526,-0.01546168810520121,-0.03252773793273481,-0.027660646868420267,0.019186951352936653,0.04212964287644437,-0.041254896400181186,0.007142560601652066,-0.011298601240319197,-0.01730434145894739,0.0026103194199170996,-0.01605655298456659,0.02215963688146651,-0.003006195110681859,-0.01262605673984162,0.04571527636649239,-0.029439974766199875,-0.014844761037798136,-0.0073762942336129695,-0.005210455144831118,-0.017995810034866742,-0.012751332729819698,0.0008791531493363323,0.004515750566715359,-0.004252859603513772,0.010389956138094476,-0.01557029615509637,0.034158112932380906,0.0013385817752745036,0.04152879260256189,-0.019248722895017497,0.0010190312300220538,-0.03635257416298777,-0.013960046574353444,0.02319889258422334,-0.011298601240319216,-0.020710902357969463,0.009519001568378668,-0.015986761542945576,0.017189201218528235,-0.0128291662305869,-0.007970049577586916,-0.004252859603513772,-0.006018581117345408,-0.021398303510915605,0.014060343201696711,-0.00300619511068186,0.018987158259749188,-0.01871276433347857,-0.01576171959213586,-0.0052104551448310995,-0.0030061951106818596,0.01353682030296905,-0.019023046724271287,-0.00771849950290757,-0.00683018528072478,-0.0067312902197245224,-0.016912567486866946,-0.017730643828776163,-0.011699209446474308,-0.0030061951106818596,0.03113689885296893,0.02319889258422341,-0.05360701668536803,-0.013532516392855121,0.04309930075552698,0.020595560398162373,-0.01318528799444829,0.02170638005200292,-0.009043412867890527,-0.027882439904367656,0.0067754822543450235,-0.02333902794558911,-0.02117132701627296,0.05071627774789902,-0.005210455144831106,-0.0033000948080345017,-0.01799581003486673,-0.00904341286789052,-0.00797004957758691,0.022286183195229792,-0.016631729719123148,0.03436236399324592,-0.004252859603513771,0.006018581117345245,-0.022503446104047243,0.013304089172123553,-0.01000476656374956,-0.004252859603513771,0.0067312902197245155,-0.003006195110681861,-0.006018581117345412,-0.004252859603513771,-0.009043412867890515,-0.006731290219724523,0.09671801210446294,0.009004917292780726,-0.005210455144831117,-0.008713924184218087,-0.006018581117345401,-0.010453245548413535,-0.013532516392855113,0.022200232606084648,0.008062914825265737,0.034017341240051735,0.0050687532055732325,0.0802137964849444,-0.011387686842524874,-0.007970049577586916,-0.02162321447099043,-0.03735204890884146,-0.0056254589641050855,0.03814628454060241,0.08764436734624385,-0.00797004957758691,-0.003006195110681859,0.028932443711092767,-0.011699209446474313,-0.0030061951106818605,-0.0010913345959280049,-0.0042528596035137705,0.07954179601886556,0.01129453838834506,-0.006731290219724518,-0.04206136857542093,0.03637677306692499,0.023198892584223387,-0.025060313453310605,0.02774981298109402,0.011819695078478944,-0.00673129021972452,0.03810106154959541,-0.01045324554841355,0.025379300547503692,-0.024786453110637558,-0.004252859603513771,-0.02206709448218941,-0.008837688887069121,-0.017082953574751633,-0.028845510916072906,0.027264628970375467,0.032202679826375695,0.009004917292780744,-0.024384669950548173,0.021263236090638172,0.0259634989632415,-0.02356414835211815,-0.0255744198393631,-0.006018581117345406,-0.01045324554841351,-0.03798377384331839,0.07651033653504537,-0.02377149072293614,0.04596269180916615,0.007587282107911987,-0.013532516392855092,-0.022067094482189433,-0.028904746691404255,-0.02438466995054818,-0.00953588069615846,-0.016631729719123113,-0.006731290219724521,0.03142906670726127,-0.023144798406733808,-0.02051765534224573,-0.004469074913799635,0.05796625730606223,-0.026152687548212625,-0.014202889475599447,-0.012463387709552678,-0.03063252166109255,-0.039859391790091986,-0.030191620833622455,0.024857795966410922,-0.007840791656330842,0.05541064122381276,0.013297018044773184,0.15147419075763155,-0.010004766563749575,-0.003006195110681859,-0.01853684187052805,0.0006524623774288765,0.05160086861171238,-0.0051614965828598236
Condition1_RRAe,-0.028331689189959732,0.010451603408740644,-0.04063445117472192,0.024149754786312674,0.012080479334613214,-0.022327929124554172,-0.027931552402333106,-0.009170077598045617,0.012361294100548153,-0.02925405054930437,0.00232544639977847,0.006790003816802968,-0.039238038642898036,-0.007804767617332543,-0.007640141131252131,-0.04665127135276292,-0.01880752831638321,-0.009171461441647946,-0.013029314601476633,0.03017060855013203,0.00559700341349394,-0.014810266741067626,-0.014810266741067661,-0.007235659955626432,0.016945649028675517,-0.016407318007103044,-0.01385346480070737,0.029373380978264734,-0.002281048418519269,0.0739615705757722,-0.01589058910383152,-0.004566794380933169,0.0013057356712503705,-0.01880752831638319,-0.008258469333413773,-0.0032269956924316874,-0.009171461441647951,-0.017721567766963764,-0.012183432360120231,-0.029483031167092378,-0.01657645814304755,-0.02362613578665873,-0.020839095081507227,0.036349172109462105,-0.009457001218333844,-0.01623665949330154,-0.03718946494593285,-0.00686198395673645,-0.01998873679436158,-0.014810266741067639,-0.02055873660067667,-0.02523582887181718,-0.011500221459806044,0.19652624236429175,0.14301296809518216,-0.021798068303910505,-0.011500221459806012,-0.014243087750683055,-0.007591442374051083,-0.021116528660441558,-0.21869176243407473,-0.006467312330686571,-0.010004766563749575,1.0,-0.011732059264778657,-0.0032269956924316865,-0.00510758561736008,-0.005597003413494101,0.008877156080449278,-0.0022810484185192656,-0.0032269956924316887,-0.002281048418519268,-0.002281048418519269,-0.0032269956924316856,-0.01283296123459794,0.06873288256828691,-0.015177891800077054,-0.02535665989579839,0.07270503323539387,0.024240205268364224,-0.0064673123306865764,-0.007591442374051082,-0.040483977933446505,0.036349172109462244,-0.01880752831638317,0.04606962415024346,-0.00759144237405107,-0.043004224258441894,-0.006047534612732181,-0.003226995692431691,0.011732059264778756,-0.002281048418519263,-0.0022810484185192647,-0.0022810484185192687,-0.007591442374051077,-0.005107585617360077,-0.005597003413494107,-0.002281048418519269,-0.003226995692431688,-0.01640731800710304,-0.0022810484185192687,-0.0181935818989521,0.05134001954273303,-0.002281048418519269,0.007582584975949783,-0.024625535412998858,-0.003226995692431691,-0.01150022145980602,0.018563835139348492,-0.03531400643204771,-0.011732059264778659,-0.003953602487626557,-0.006047534612732185,-0.01150022145980603,-0.0022810484185192687,-0.018037392558695246,0.032707551142850774,-0.007235659955626435,0.008682004128845592,-0.0022810484185192647,-0.0018675307399569914,-0.005107585617360073,-0.011732059264778667,0.020037787282113768,-0.03441070636214968,-0.014243087750683064,-0.02327681409564971,0.0392469733419568,-0.02700940532267949,-0.00857318156068196,-0.028153852740670237,0.035486029226723344,-0.012183432360120188,0.02376242282608782,-0.002281048418519263,-0.015951095786228654,0.01954862729506419,-0.013946426707157386,0.051029087636624317,-0.005597003413494115,-0.003953602487626561,-0.013654906787036613,-0.010519247912465645,0.029066874092368328,-0.01880752831638322,-0.003226995692431685,0.025114597081538875,-0.00026307122017731884,-0.025356659895798432,0.026013591114945066,-0.003019819402771286,0.014906272633792197,-0.020132439124658143,-5.656260952410843e-05,-0.008805059187891935,0.04004120473280146,-0.00857318156068196,-0.0157150714875049,-0.017075222418024477,0.0062550295811934975,0.013042866085375438,-0.009734547580500663,-0.00604753461273219,-0.0032269956924316904,-0.004566794380933164,-0.016236659493301553,-0.03874082084137801,0.3004762871304011,0.013491311145406701,-0.009128290087736869,0.04683216143371792,-0.003953602487626562,-0.002281048418519264,-0.0016481348817242805,-0.014434356070779112,-0.0067071429797272665,0.02316619305562509,-0.0051075856173600775,-0.012832961234597946,0.09158590531602488,-0.008877156080449127,-0.0022810484185192665,-0.03909051557429003,-0.013249733197818539,0.016798319589215252,-0.010268237416402027,-0.006913807379703394,-0.06923015731184204,0.059884990293065724,-0.02206614309801186,-0.0068619839567364525,0.07329577319108949,-0.02060856296894321,0.04493734386606221,-0.016064433687895303,-0.008573181560681965,-0.003953602487626558,0.01925737061154288,-0.013654906787036588,-0.006861983956736447,-0.0060475346127321795,0.016910367112126318,-0.01261986643456442,0.026073562479315755,-0.0032269956924316895,0.004566794380933403,-0.017075222418024488,0.026544207482706698,-0.007591442374051083,-0.0032269956924316887,0.005107585617360198,-0.0022810484185192687,-0.004566794380933168,-0.0032269956924316843,-0.006861983956736446,0.13047559622528923,-0.005107585617360074,0.0023133614805875917,-0.003953602487626562,-0.012766175900937933,-0.004566794380933163,-0.007931740405629889,-0.010268237416402015,-0.021178842631636163,0.0016481348817243026,-0.04403637819483487,-0.012851859513931085,-0.011263945765943832,-0.025597143909658993,-0.006047534612732183,-0.01640731800710307,-0.03124916780397187,0.03093112721230733,-0.013570852799318066,-0.010525467636881156,0.10862000479751423,-0.0022810484185192647,0.025353456285164912,-0.008877156080449124,-0.002281048418519267,-0.020978169984224495,-0.0032269956924316874,-0.04617539766540895,0.003927299422352072,-0.005107585617360072,0.033512640858819186,-0.02833631648785509,-0.013249733197818525,-0.014218953383351602,0.044597598805743356,-0.03277677086190598,-0.005107585617360077,0.01593228795719328,-0.007931740405629894,-0.05591846118752794,0.05800083907360129,-0.0032269956924316874,-0.01674412641782796,0.06719749324475664,0.02514438157989287,-0.012268052446852836,-0.018963365391455607,-0.016474092179929463,-0.026309585652106483,-0.018502662262063183,-0.02219925632195061,0.014172503099160886,0.02234319343579132,-0.019405423727103063,-0.004566794380933162,0.07979811559603377,-0.028821425112039046,-0.024588467747491183,-0.01803739255869527,-0.009171461441647958,-0.017721567766963736,0.05787551998335672,0.06873288256828691,-0.02193241765773913,-0.01850266226206323,-0.00723565995562642,-0.012619866434564447,-0.005107585617360084,-0.011500221459806038,-0.017561869359388534,0.02896872728890205,-0.018835170773566993,-0.03521415061774822,0.05331876813732905,-0.01077690481951843,-0.009457001218333856,-0.023243423170375477,0.018801099066638034,0.034954604604815906,-0.04699252664649345,0.014010229688143033,-0.020275328288907712,0.028984188636195535,-0.009734547580500678,-0.007591442374051077,-0.0022810484185192647,0.009881545393197463,-0.00566525695241264,-0.04782159658777974,0.04100628001304985
Condition1_RRAn,-0.014818168482764677,0.0197793522072209,0.02404103560776239,0.012356468462736393,0.03274482594723098,-0.04600883665743407,-0.004845176364235165,-0.022852451539349936,-0.03763414987392288,0.017173751417381863,0.05622914274669076,0.018379555084141092,-0.01762284256050939,0.05737983599034371,0.015342784119944157,0.005892711711544368,-0.003955695053520031,-0.014173871561726255,0.0317314846155798,-0.02735057329550146,0.008649789133186947,-0.022888262674206943,0.008459639299847544,0.11440272938974101,-0.04807332644141427,-0.025356397078554464,-0.02140959017484996,0.028286651252939225,-0.0035252056082745193,0.027980458506152935,-0.024557827608050666,-0.00705767095200578,0.03769094667187668,-0.029065759306299333,-0.012762904186317864,-0.00498710295690368,-0.014173871561726224,0.15822263522994817,-0.018828668315514867,-0.04556402484723874,-0.02561779168595299,-0.03651259030750871,0.15092953108312954,-0.02171253393933594,-0.014615153918552283,-0.02509265592116889,-0.057473795528301244,-0.010604730759674039,0.1116837025956005,-0.022888262674206957,-0.03177213292595963,-0.019619600721390185,-0.017772812210984954,-0.031113319092349986,-0.027632427326468013,0.054297638363107525,-0.01777281221098492,-0.022011726016077943,-0.011732059264778629,-0.032634162719527314,-0.3379732850723474,-0.009994792532023003,-0.015461688105201227,-0.011732059264778657,1.0,-0.004987102956903681,-0.007893427126263316,0.3151628296989364,-0.1917148259176336,-0.0035252056082745176,-0.0049871029569036815,-0.0035252056082745193,-0.0035252056082745193,-0.004987102956903681,0.016092352508032065,-0.025876911631758138,-0.023456402267054047,-0.03918699793746752,-0.01324927058676394,-0.04069410981362752,-0.009994792532022996,-0.011732059264778648,0.07960237862951684,-0.021712533939335876,-0.02906575930629933,0.04613157143017013,-0.011732059264778659,-0.053411192458251336,0.06562778958802151,-0.004987102956903683,0.01813110181311012,-0.0035252056082745167,-0.0035252056082745167,-0.00352520560827452,-0.011732059264778641,-0.007893427126263305,-0.008649789133186854,-0.0035252056082745193,-0.004987102956903682,-0.025356397078554506,-0.00352520560827452,-0.028116946761884764,-0.028174191486066535,-0.00352520560827452,-0.027763524562280498,0.001517946794804278,-0.004987102956903681,0.06206812879836289,0.0631755151061612,-0.03969861177361815,0.021027786718163268,-0.0061100244734465245,-0.009346054542269094,-0.017772812210984944,-0.00352520560827452,-0.027875566730774553,-0.010189333185376227,-0.011182221669673946,-0.02651760476504412,-0.003525205608274518,0.008236170172569768,-0.007893427126263307,0.021027786718163362,0.06562657761725926,-0.038020892036523625,0.01051572335990766,-0.021653696413256818,0.026095064443637742,-0.00511731105378423,-0.013249270586763907,0.01437750723534057,-0.0014327678919746113,-0.018828668315514874,-0.01035782921818456,-0.0035252056082745167,0.018517084267320197,-0.0552772415692671,0.025835085296546646,-0.017407664152601064,-0.008649789133186874,-0.006110024473446526,0.012754398602258459,0.04187029129893736,-0.043752696434482645,0.021154369199259306,-0.004987102956903682,-0.00010662886339847425,-0.024867097508002964,-0.0005817233162107276,0.026086498704206117,-0.0280656624505944,-0.005085009350430287,-0.007503419989007483,0.011366019308535112,0.029796833725347173,0.01436700639619257,0.03989340814036614,0.0053609166704415385,-0.026388598041960552,-0.01702952502723491,-0.015214556636205976,0.031888312674071925,-0.009346054542269095,-0.004987102956903683,-0.007057670952005767,-0.025092655921168886,-0.018020633935268364,-0.0035252056082745167,-0.01845264876321147,-0.0064717709133113345,-0.018482932829215065,-0.006110024473446519,-0.003525205608274518,0.004183666435617897,0.04193071848969211,-0.01516790166167907,0.009435778087027835,-0.0078934271262633,0.016092352508032065,-0.020791785882900565,-0.013719042588601333,-0.003525205608274518,-0.004493857268616476,-0.02047656393344396,-0.012346256028295918,-0.01586886443685935,0.017995569608362783,-0.010168111503786395,-0.015461688105201207,0.03118042559633436,-0.010604730759674018,0.001269815119388027,-0.04015785394159003,-0.033376001048786616,-0.024826492620916782,-0.013249270586763917,-0.0061100244734465185,0.02976096006085632,-0.02110273223282768,-0.01060473075967404,-0.009346054542269088,0.026133825348760457,0.017002744039246856,0.002583007836736911,0.13503540314077653,-0.09202117125884468,0.0010525366740383054,-0.03328606204360906,0.04815887264632912,-0.004987102956903684,-0.08075583136869388,0.19442864777944846,-0.007057670952005774,-0.004987102956903681,-0.010604730759674018,-0.0078934271262633,-0.007893427126263305,0.034199251700143124,-0.006110024473446527,-0.023899423688638025,-0.007057670952005768,-0.0122579667903125,-0.015868864436859333,-0.004511069495198074,0.032835442631061536,0.06024892649513055,-0.0252496460441589,0.023321806460856586,-0.00125916126267251,0.06562778958802148,0.00312078733274518,-0.05267097372847839,0.048748455484150785,-0.011636551107937222,0.027229828229745255,-0.00934605454226909,-0.0035252056082745176,-0.00497599898481788,-0.013719042588601292,-0.003525205608274519,-0.032420338770244216,-0.004987102956903679,0.014845775799086521,-0.02014745149217117,-0.007893427126263305,-0.02683659471373324,0.024096886756423543,0.014367006396192566,-0.030641319286574712,0.04518441959284286,-0.0035089872544049557,-0.00789342712626331,0.03732492573628948,-0.012257966790312519,0.029760960060856274,-0.029065759306299364,-0.004987102956903682,0.05795509498591991,-0.03767521147867427,0.00857442504092876,-0.009453678269083832,-0.006916417747719991,0.011757613003683042,0.015484518760784407,-0.02859460949828303,0.030630588211281413,-0.032205407941486415,-0.001332985412098177,-0.005583378974506094,0.09202117125884456,-0.012257966790312491,-0.009802949635166728,0.08566697926693094,0.05039044755178478,-0.014173871561726292,-0.027387480937415193,-0.015868864436859333,-0.025876911631758138,-0.033895063823445905,-0.028594609498283057,-0.011182221669673932,0.01700274403924687,-0.007893427126263305,-0.01777281221098496,-0.027140677880783007,0.0352789692543742,-0.006683208441152423,-0.024606905391626386,0.017168764822985766,-0.016654975405681505,-0.014615153918552306,-0.015126187240765547,-0.038375460115426974,-0.013436410036552984,0.03893530215000117,0.04137572150585339,-0.007873708131157594,-0.024557827608050652,-0.015044082995429099,0.04815887264632912,-0.0035252056082745176,-0.010646504338443432,-0.01803153646412075,0.012042786574051178,-0.033746337187695444
Condition1_RRNe,-0.0004426859901237211,-0.004249518346251625,0.010734132019308118,0.026658753798723126,0.023570388353954384,-0.008838961590104479,-0.005637984174600292,-0.012112964703168175,-0.022965302603962665,0.014914662019159447,0.019496594619718286,0.0014763865992056579,0.04810997416775334,0.013051348215981761,-0.003247696722877729,0.004583875135268439,-0.007994766985218954,-0.0038986354775828493,0.019190125446325243,-0.015516854389532181,0.0023791929143278465,-0.006295597677267975,-0.006295597677267974,-0.003075758513101485,-0.048700140168418594,-0.0069744775662473,-0.005888877111146439,0.01248613494228939,-0.0009696356842476752,0.06573612124941945,-0.006754824717308874,-0.0019412682161517058,-0.059472202732641824,-0.007994766985218924,-0.0035105377412993424,-0.0013717421124828553,-0.0038986354775828445,-0.007533143245953533,-0.005178974140609907,-0.012532745410970603,-0.007046376220444557,-0.010043076750863708,-0.008858352174556852,-0.0059722041896227785,-0.00402001368003524,-0.0069019334749167,-0.01580862203401312,-0.0029169150707926994,-0.008496879032243013,-0.0062955976772679795,-0.008739176454660776,-0.010727330466560632,-0.004888552568041253,-0.008557964499010758,0.18048008949712258,-0.009265995716504867,-0.004888552568041241,-0.006054499336712151,-0.003226995692431685,-0.008976284567380786,-0.09296222517045288,-0.002749146737130396,-0.004252859603513772,-0.0032269956924316865,-0.004987102956903681,1.0,-0.0021711495620761116,-0.002379192914327908,0.0037735311711738907,-0.0009696356842476738,-0.0013717421124828553,-0.0009696356842476754,-0.0009696356842476752,-0.0013717421124828555,-0.005455078045081896,-0.007117649210979696,-0.006451868965832088,-0.010778693722011545,-0.003644316666529885,-0.03683464734148903,-0.002749146737130396,-0.003226995692431685,0.055935722423857866,-0.005972204189622781,-0.007994766985218943,0.019583429783113546,-0.003226995692431691,-0.01828037935356191,-0.002570706222025123,-0.001371742112482858,0.004987102956903669,-0.0009696356842476733,-0.0009696356842476727,-0.0009696356842476753,-0.0032269956924316874,-0.002171149562076108,-0.0023791929143279085,-0.0009696356842476752,-0.0013717421124828553,-0.006974477566247314,-0.0009696356842476754,-0.007733788590493037,0.08746213428436074,-0.0009696356842476754,-0.015600435910633936,-0.010467904883688803,-0.0013717421124828577,-0.004888552568041238,-0.02734160130331212,-0.01501139586177357,-0.004987102956903685,-0.0016806105570620115,-0.0025707062220251286,-0.004888552568041252,-0.0009696356842476754,-0.007667395103803944,0.09112270399461342,-0.0030757585131014837,-0.015349141909586295,-0.0009696356842476733,-0.012156896041968896,-0.0021711495620761133,-0.0049871029569036685,-0.026891966274253123,-0.014627418049533578,-0.006054499336712135,0.015706089547585737,-0.00734476110812294,-0.011481248270994499,-0.0036443166665298754,0.05227083734893175,-0.04736368153296832,-0.005178974140609895,-0.012345679012345656,-0.0009696356842476735,0.013800735245226979,-0.03244821725524745,0.04151732543599,-0.004788115706539689,-0.0023791929143279094,-0.001680610557062013,-0.005804473407180579,0.04323127498781539,-0.03486806230556479,-0.007994766985218935,-0.0013717421124828544,0.010675796852032807,-0.011773805930454758,-0.010778693722011552,0.02547920247146078,0.04891718367136454,0.017509301838923297,-0.00855796449901075,-0.01172537105041657,-0.02539920082100836,-0.005632240863920681,-0.003644316666529876,-0.006680215102439399,-0.007258392605155714,0.013265485269582924,0.00554430510048249,-0.0041379940151325435,-0.002570706222025131,-0.001371742112482858,-0.0019412682161517054,-0.006901933474916699,-0.016468077582163242,-0.0009696356842476724,-0.023851641423345487,0.009770835750932442,-0.005083876860598745,-0.0016806105570620089,-0.0009696356842476733,0.011333149284483436,-0.006135804313373563,0.045231724314778045,-0.0372915901155299,-0.0021711495620761125,-0.005455078045081894,-0.005718945154284295,-0.003773531171174031,-0.0009696356842476735,0.010043076750863696,-0.005632240863920687,0.02236024977432922,-0.004364856673991037,-0.019347581985605867,0.027095980340908186,-0.004252859603513767,-0.009379949845798081,-0.0029169150707926937,-0.022242922946060936,0.05808696521475946,-0.03486806230556485,-0.006828723154033367,-0.003644316666529871,-0.00168061055706201,0.008185987451268426,-0.005804473407180588,-0.0029169150707927033,-0.0025707062220251277,0.007188315360833088,-0.005364494995391862,0.011083437067862502,-0.001371742112482857,0.00194126821615179,-0.007258392605155705,0.011283500418642777,-0.0032269956924316887,-0.001371742112482856,0.002171149562076201,-0.0009696356842476754,-0.001941268216151707,-0.0013717421124828549,-0.0029169150707926946,-0.00217114956207611,-0.0021711495620761094,-0.01118376658686322,-0.0016806105570620134,0.01445528247949895,-0.0019412682161517008,-0.003371650716857803,-0.0043648566739910395,0.01732042213487612,-0.011333149284483422,0.04245206509489694,-0.015096133885994139,0.14085040370070925,-0.01088091947024081,-0.00257070622202513,-0.0069744775662473075,-0.02110993771422417,0.03345493043460141,-0.015307096172391172,-0.004474200955689975,-0.002570706222025129,-0.0009696356842476733,-0.030413517828002393,-0.003773531171174022,-0.0009696356842476738,-0.008917470598945855,-0.0013717421124828555,-0.03317801542509692,-0.01082988921105902,-0.0021711495620761094,-0.03317801542509691,0.035156746141649695,-0.005632240863920692,-0.021539570719687654,0.032538774173028896,-0.013932859287022167,-0.002171149562076113,0.04870014016841856,-0.0033716507168578052,0.008185987451268417,-0.007994766985218928,-0.001371742112482855,0.09280319548161986,-0.010362864899440894,-0.012109421449406025,-0.014926448946153262,0.03196985888095495,-0.01618076049046352,-0.01118376658686323,-0.007865173504087867,-0.009436534059849988,-0.008858352174556843,-0.007600517687601892,-0.0082489223643749,-0.0019412682161517054,-0.0033716507168577987,-0.012251507698221593,0.07298216652542239,-0.007667395103803942,-0.0038986354775828484,-0.007533143245953507,-0.004364856673991034,-0.007117649210979696,-0.009323105388781104,-0.007865173504087854,-0.0030757585131014867,-0.005364494995391861,-0.0021711495620761086,-0.004888552568041243,-0.007465258113202611,-0.004653241798111411,-0.016916208877958257,0.03833511282798449,-0.008435440200012464,-0.004581082713504681,-0.00402001368003525,-0.00988039199303601,-0.017841994763996196,-0.02283002717996434,0.06867040192810066,-0.014195243193683014,-0.008618704302437918,-0.006754824717308892,-0.004137994015132554,-0.003226995692431689,-0.0009696356842476733,-0.01997574026025211,0.02661522402746717,-0.020328164081369372,0.04334695857841727
Condition1_RRNn,0.030250944980502993,-0.008636590644446211,0.03819038959390355,0.014624295499575349,0.027649111866128794,0.032733029093366235,0.009019064796130034,0.018629465281608724,0.010341140795666118,0.0050369976458331635,-0.0027864419309470245,0.018162391387492587,-0.004044433374848118,0.0013627630324617901,-0.005140350546553728,0.023236333124508835,-0.012653861597527936,-0.006170635597479463,-0.027031447223990108,0.04123305811932413,-0.1794988663941528,-0.009964470738065615,0.06100200378669455,-0.004868212244854893,-0.0770810249517866,-0.011038980123063596,-0.009320726428558506,-0.018966843594960644,-0.0015347083625049964,0.032391377631296375,0.05573135214671243,0.22122556355827855,-0.09413070120371538,0.04419117819444371,-0.005556366907682143,-0.0021711495620761107,-0.006170635597479464,0.048104018661774724,-0.008197114701856347,-0.019836428774056683,-0.011152779014381192,-0.01589586081167062,0.03780269166532163,0.06514639284970455,-0.0063627491359514385,-0.010924159654485432,-0.025021381565701044,-0.004616799922473709,-0.01344858849341383,-0.009964470738065627,-0.01383208910755065,-0.01697887571779996,-0.007737444721353529,-0.013545272617357492,-0.012029856413112659,0.08492591922098765,-0.007737444721353514,-0.00958286799236615,-0.005107585617360076,-0.01420737624819616,-0.14713763806749952,-0.004351261567380239,-0.006731290219724527,-0.00510758561736008,-0.007893427126263316,-0.0021711495620761116,1.0,0.17949886639415302,-0.11029446578118125,-0.001534708362504996,-0.0021711495620761116,-0.0015347083625049964,-0.0015347083625049964,-0.0021711495620761116,-0.008634123135020818,0.05199501980887575,-0.010211811937729565,-0.017060171836483132,-0.005768107913725601,0.01204559963557596,-0.004351261567380233,-0.0051075856173600715,0.012124261062967438,-0.009452613864466941,-0.012653861597527934,-0.02574905030471072,-0.005107585617360082,0.030147597234955994,-0.004068831624680422,-0.002171149562076112,0.007893427126263328,-0.0015347083625049957,-0.0015347083625049962,-0.0015347083625049966,-0.005107585617360074,-0.003436426116838492,-0.0037657104837934183,-0.0015347083625049964,-0.0021711495620761107,-0.011038980123063591,-0.0015347083625049968,-0.01224079333763842,-0.02482388041226126,-0.0015347083625049964,-0.024691871225169946,-0.0165682651988709,-0.002171149562076111,-0.007737444721353507,0.03033480368028934,0.043597634575369686,-0.007893427126263312,-0.0026600166618645483,-0.0040688316246804326,-0.007737444721353531,-0.0015347083625049968,-0.01213570784945666,-0.02382665863607888,0.13728358530490756,-0.024294131113991674,-0.001534708362504996,-0.0192415464084219,-0.0034364261168384883,-0.00789342712626331,0.006756149921109283,0.045480966187364455,-0.009582867992366137,-0.013345409659237646,-0.023577572434732984,0.0647382940524378,0.1145381428582652,0.008171122004602857,-0.05080458351301444,-0.008197114701856335,-0.019540346058684915,-0.0015347083625049962,0.02184336254703818,-0.02770415822851708,0.018509367345321538,-0.0075784764678596345,-0.003765710483793423,-0.00266001666186455,0.06745981944773574,-0.0027630079801669086,-0.05518805431156849,0.04419117819444368,-0.002171149562076113,-0.07121009197519733,0.021972852037828925,0.07033579616795695,-0.034996504303231896,-0.019688718318712634,-0.01119185436578234,0.03990364095383689,-0.01855854244732174,0.01007178166754396,-0.008914530780917047,0.1145381428582654,-0.010573230902697671,-0.01148835177009793,-0.015936864070108536,0.008775348865786953,-0.006549484638601034,-0.004068831624680437,-0.002171149562076112,-0.003072577271642757,-0.010924159654485446,-0.02606514672501609,-0.0015347083625049955,-0.01199584044747171,-0.03206945676508282,-0.008046597767243091,-0.002660016661864545,-0.0015347083625049968,0.017937746375237006,-0.009711554910166984,-0.00016382454741712993,-0.012126006033026307,-0.003436426116838495,-0.008634123135020834,-0.009051763559833713,-0.005972624500785995,-0.0015347083625049966,0.01589586081167067,-0.008914530780917036,0.008893145316005546,-0.00690855560241399,-0.0020545604441634985,-0.030922202515724435,-0.006731290219724534,0.034416387365727885,0.1451727086733398,-0.00864214934936986,0.014348735096682637,-0.031696929152708504,-0.010808284699070107,-0.005768107913725591,-0.0026600166618645465,0.012956519238016795,0.06745981944773567,-0.0046167999224737116,-0.004068831624680428,-0.0513057951659637,-0.008490751179843282,0.01754250986188102,-0.002171149562076112,0.00307257727164265,-0.011488351770097922,-0.024196286354196503,-0.005107585617360075,-0.0021711495620761116,0.0034364261168384307,-0.0015347083625049968,-0.003072577271642758,-0.002171149562076111,-0.004616799922473716,-0.003436426116838492,-0.003436426116838492,0.024665757351691287,-0.0026600166618645496,-0.011736044245710515,-0.0030725772716427547,-0.00533654096550959,-0.006908555602413999,-0.0031390317291111252,0.023964829157316743,-0.003809424920589186,0.009649370003023882,0.08462632055776596,-0.01722197148270029,-0.004068831624680436,-0.011038980123063593,-0.006159778994379603,0.02938156638433028,-0.024227582465329776,-0.007081622235832761,-0.0040688316246804265,-0.001534708362504996,0.023577572434733,-0.005972624500785988,-0.0015347083625049968,-0.014114287379195602,-0.0021711495620761107,0.01825840166668278,-0.017141202419866265,-0.0034364261168384927,-0.028922600870231897,0.03216472477359481,-0.008914530780917033,-0.03409214393127535,0.027856066105685688,0.01352389918491649,-0.0034364261168384905,-0.020249393581928763,-0.005336540965509598,0.012956519238016804,-0.012653861597527908,-0.0021711495620761116,-0.011265587625256424,0.02878088769992965,-0.019166405141040354,0.04400755077335903,0.03511297308901785,-0.025610390417584724,-0.017701308217096114,-0.012448745178599596,-0.014935844431046933,-0.014020716627044166,-0.012029856413112657,-0.013056130606500023,-0.0030725772716427542,-0.005336540965509576,-0.01939129471327532,-0.000696465874195463,0.046924737017899114,-0.00617063559747947,-0.011923218300781753,-0.00690855560241398,0.05199501980887575,-0.014756313156708263,-0.012448745178599604,-0.004868212244854896,-0.008490751179843287,-0.0034364261168384905,-0.007737444721353536,-0.011815771882900153,0.02808412986839075,-0.026774434613580565,-0.02369237364398018,0.04079577661473273,-0.0072507912651726255,-0.0063627491359514446,-0.015638368577890097,0.0017457293148891817,-0.00988758728304697,-0.03161696307456227,0.08278234456010487,-0.01364140963641624,-0.010691320615899917,-0.006549484638601038,-0.005107585617360077,-0.001534708362504996,-0.0035557070934918123,-0.0011866401611835826,-0.0043788146114423585,0.01446334611061767
Condition2_Feedr,0.003543731932802165,-0.010970460871179689,-0.027846864744807204,-0.1147519186723925,-0.017738791429505435,-0.03666396620172162,0.01867688739156001,-0.052989910668462474,-0.04041353186929938,-0.005885791231077176,0.0026586478127343474,-0.022034766164741,0.005087006697456795,-0.021654393628693126,0.007319568811729046,-0.04833482100357296,-0.013866376769980008,-0.006761916703879318,-0.07155872013535482,0.0632083332035727,0.004126547455295595,-0.01091928376982185,-0.010919283769821866,-0.005334692865344429,-0.062246899206103025,-0.012096754525324058,-0.010213854753520636,-0.013710841889710765,-0.0016817668047428935,-0.016851245241139103,-0.011715781675507313,0.20145865414628195,-0.0315726723138533,-0.013866376769980066,-0.006088787712773908,-0.002379192914327906,-0.00676191670387933,0.20619811772341834,-0.008982576583964567,-0.021737190108486626,-0.012221457825644997,-0.01741903002486189,-0.01536420624149228,0.0577642985791078,-0.006972438897956948,-0.01197093175842093,-0.02741897415435816,-0.005059189774064047,-0.014737255788424766,-0.010919283769821883,-0.015157504102834857,0.021459811605692714,-0.008478860221147133,-0.014843204354397649,-0.013182578316295903,-0.016071236096264912,-0.008478860221147126,-0.010501115180925532,-0.005597003413494103,0.03120157276660656,-0.16123662415333315,-0.00476820706888524,-0.007376294233612957,-0.005597003413494101,0.3151628296989364,-0.002379192914327908,0.17949886639415302,1.0,-0.6304951003194426,-0.001681766804742892,-0.0023791929143279064,-0.0016817668047428935,-0.0016817668047428935,-0.002379192914327908,-0.009461459930302223,-0.01234507595511775,-0.011190325636278604,-0.01869490737052889,-0.006320818112729153,-0.04247411990797576,-0.004768207068885242,-0.005597003413494102,0.027241138566329905,-0.010358379874444181,-0.01386637676998003,0.008056749497617843,-0.005597003413494113,-0.004730042814702379,-0.004458714194602143,-0.002379192914327909,0.008649789133186899,-0.0016817668047428942,-0.0016817668047428922,-0.0016817668047428933,-0.0055970034134941084,-0.003765710483793421,-0.0041265474552957294,-0.0016817668047428935,-0.0023791929143279085,-0.012096754525324046,-0.0016817668047428933,-0.013413727586234664,0.002614058675758717,-0.0016817668047428935,-0.027057889556095963,0.02275086834363405,-0.0023791929143279077,0.0740487125980183,-0.025015561595637423,0.004718541851893085,-0.008649789133186855,-0.00291490411551871,-0.004458714194602147,-0.008478860221147135,-0.0016817668047428933,-0.013298572622593312,0.0045828744206587255,-0.005334692865344432,-0.026622037291107587,-0.0016817668047428916,0.05117888602241918,-0.0037657104837934166,0.07230336557484407,-0.02412318824772815,0.005966946983009906,-0.010501115180925544,-0.04253440934040978,0.052750167438687046,-0.019913440205278504,0.10354102051327756,-0.04551664053984277,0.02816884877995021,0.06908029134810822,0.014275157485967398,-0.0016817668047428942,-0.041507745012910525,-0.03467888506032139,-0.03575352756468063,-0.008304659351284396,-0.004126547455295742,-0.0029149041155187116,0.12991820395749717,-0.033364774591138076,0.0038789444506043833,-0.013866376769980017,-0.00237919291432791,-0.06194189975409491,-0.020420861464774707,0.0212094270753369,0.02126363884326783,-0.02157532577870241,-0.04068625374820066,-0.014843204354397692,-0.020336854476621202,0.09367195964528188,-0.00976873672776136,-0.006320818112729144,-0.011586376399236478,-0.012589185750329874,0.023008077299155917,0.009616218157846251,-0.007177067723403956,-0.00445871419460215,-0.0023791929143279085,-0.003366997005230329,-0.011970931758420917,0.02911583710600575,-0.001681766804742893,0.029190304927531666,-0.06986857817990927,-0.008817636853154008,-0.0029149041155187173,-0.0016817668047428929,-0.018608222097334693,0.05575750079533541,-0.03075818873973889,0.020973240464030162,-0.0037657104837934183,-0.00946145993030222,-0.009919119391818762,-0.00654493183722603,-0.0016817668047428918,0.017419030024861896,-0.009768736727761346,0.03878232456492518,-0.007570545495625114,-0.033557058247788735,-0.04287203849567027,-0.007376294233612978,-0.01626888174299813,-0.005059189774064039,0.05844975070371613,-0.04095915332349595,0.04678242094971341,-0.011843953461905652,-0.006320818112729154,-0.0029149041155187077,0.014198035595468719,0.059925370829104006,-0.0050591897740640416,-0.004458714194602139,-0.044773731643285686,0.06616426541060427,-0.05873836182496964,-0.002379192914327908,0.003366997005230736,-0.012589185750329891,-0.05723833484153727,-0.0055970034134941015,-0.0023791929143279072,0.003765710483793746,-0.0016817668047428938,-0.003366997005230331,-0.0023791929143279072,0.13172631152470457,-0.0037657104837934222,-0.00376571048379341,-0.019397478561623407,-0.0029149041155187108,-0.006538560590721667,-0.003366997005230335,-0.005847897663954638,-0.007570545495625118,0.0021403319747666815,-0.01965657263802959,0.030405396131068924,0.06570979208348154,-0.008304659351284415,-0.01887221094212275,-0.004458714194602152,-0.01209675452532406,0.0131591295131125,0.014978072741898638,-0.026549111834418604,-0.007760195676860385,-0.0044587141946021355,-0.0016817668047428916,-0.05275016743868692,-0.006544931837226044,-0.0016817668047428927,-0.015466743106937096,-0.0023791929143279064,-0.05754499952471147,-0.018783702446278885,-0.003765710483793415,0.02862494848152323,-0.024790252860467363,-0.009768736727761367,-0.012722954060281325,0.013251285699794746,-0.024165591907075918,-0.0037657104837934166,-0.048853923337797346,-0.005847897663954644,0.014198035595468702,-0.013866376769980053,-0.0023791929143279085,-0.012345075955117746,-0.017973680706106727,0.01524328566626869,-0.025888905243629697,0.02716290967934553,-0.02806442286565654,0.019291481411013462,-0.013641605736675506,0.07313055681753435,-0.015364206241492312,-0.013182578316295856,-0.014307191899677938,0.2014586541462817,-0.00584789766395465,0.050565707854866714,-0.03259964766185934,0.14850072761895897,-0.006761916703879325,-0.013065721953341113,-0.007570545495625096,-0.01234507595511775,-0.01617028891849934,-0.013641605736675465,-0.005334692865344432,-0.009304349823366236,0.17949886639415322,-0.008478860221147163,-0.012947979831582659,-0.07281394667692093,0.027321912038901785,-0.02596261836677235,0.13370828988768352,-0.00794557477876998,-0.006972438897956961,0.025852520572898805,-0.0035634465618132175,0.008339692226407291,-0.03464655583083623,0.007416924646214082,0.03355119761077158,-0.011715781675507285,-0.007177067723403955,-0.00559700341349411,-0.0016817668047428916,-0.03464655583083628,0.019794157284452912,0.015507873413518143,0.009256684039064749
Condition2_Norm,-0.029782692608415807,-0.01804350637755825,0.007319047044505322,0.10888830868658338,0.021058759809939806,-0.00737785622919197,-0.026946937886032665,-0.017355245002899335,-0.022806663862413413,-0.05208431811245126,0.032022006402397586,-0.03178930771746394,-0.003053798413723446,-0.05651594668358807,-0.11295639579484205,0.030676288435637394,0.021992838267822418,0.010724772802284,0.06361019440266899,-0.07166444579124985,-0.006544931837226009,0.017318586241652903,0.017318586241652854,0.008461117085036236,0.07758157117486271,-0.01816286007325276,0.01619973691840846,0.0554027390032092,0.0026673748993303937,0.026727004274262302,0.018581875845778188,-0.12460566849063585,0.02737073263339615,-0.01094002724091696,0.009657153100299914,0.0037735311711739198,0.010724772802284047,-0.18793576951300603,0.01424686183828139,0.03447638228667203,0.019383906107205234,0.0007367344601000975,0.02436847841277111,-0.026789568227284843,0.011058672612085846,0.01898655794843732,0.04348800512560097,0.008024153988668379,-0.0077913668062648805,0.01731858624165302,-0.006348393431661276,-0.07216422670899247,0.013447939907623692,-0.00742319751402553,0.020908296209783163,0.025489866754114965,0.01344793990762378,0.0166553477982702,0.00887715608044919,-0.12366772938925628,0.2557301778739313,0.007562639370978993,-0.10816637505775394,0.008877156080449278,-0.1917148259176336,0.0037735311711738907,-0.11029446578118125,-0.6304951003194426,1.0,-0.25695711530216336,-0.36351683615643077,-0.2569571153021634,-0.2569571153021634,-0.3635168361564308,-0.07922732303796744,-0.0537194083778561,0.017748473589420385,0.02965115408677561,-0.059673607802203904,0.03340400616736297,0.007562639370979154,-0.06967222499504007,-0.006316659075382046,0.016428961730544766,0.021992838267822435,0.011877765389852331,0.008877156080449195,-0.0010549840442542644,0.007071766604281402,-0.1798716524926283,-0.0137190425886012,0.0026673748993304076,0.0026673748993304765,0.0026673748993305325,0.008877156080448848,0.00597262450078594,0.006544931837226012,0.0026673748993303764,0.0037735311711738864,0.01918611979568967,0.002667374899330534,-0.04661879558186425,0.005312115314804096,0.0026673748993304497,-0.014045008922006271,-0.023108064744658426,0.003773531171174021,-0.0389093727993918,0.04678367351226342,0.0022718883779231087,0.013719042588601172,0.004623198679960863,0.00707176660428146,0.01344793990762392,0.002667374899330534,-0.0473404272716762,0.002467354019196136,0.008461117085036092,-0.0153900631131983,0.002667374899330309,-0.03532653873589211,0.005972624500786084,-0.037639424537957475,0.04540401025783585,0.0004765996322652923,0.016655347798270218,0.03795048772489461,-0.042116911049929595,0.007566955524472004,-0.05967360780220381,0.07219190207311957,-0.023680911729965726,-0.03527794359955434,-0.01132059351352203,0.0026673748993304544,0.0450739579706003,0.020743310490319446,0.04987037637794065,0.01317164772109541,0.006544931837226139,0.004623198679961131,-0.11724744160157462,0.05979211130000341,-0.012956947796067243,0.021992838267822452,0.0037735311711737407,0.021676450814968003,0.008862555649386698,-0.020981225991227256,-0.011905978764525416,0.011714837371674924,0.004425546437013101,-0.007423197514025628,0.03225537274804739,-0.06119302879463092,0.01549375518193873,0.010025166110770216,0.01837663194109863,-0.052013174650782486,0.006301845047078766,-0.015251852318874735,0.011383225214228807,0.007071766604281606,0.0037735311711741474,0.005340242935313001,-0.05644303281270162,-0.009586752336509175,0.0026673748993302857,-0.008993761900221579,0.05573779755179091,0.013985258329028317,0.004623198679961103,0.0026673748993301973,-0.0069003783561195405,-0.06737177496517935,0.055712676613972625,-0.01967968514181056,0.005972624500785787,0.01500639723529751,0.015732270380520233,0.01038062283737021,0.0026673748993304366,-0.027627542253756656,0.015493755181938705,-0.03080802619810073,0.012007302660701779,0.020121711902563903,0.08225100380033255,0.011699209446474292,-0.03127678018146125,-0.07875558544433668,-0.06192599229194963,0.020012445216092585,-0.026566403754526718,-0.057399110289566915,-0.12937238171517776,0.004623198679960842,0.10641268738800172,-0.07284244426349441,0.008024153988668424,0.007071766604281415,0.05285601265665835,-0.03312174235714359,0.04370157917646898,0.0037735311711741115,-0.005340242935313344,0.019967142875418946,0.017689364891600858,0.008877156080449103,0.003773531171173992,0.11029446578118111,0.002667374899330559,0.005340242935313044,0.0037735311711739436,-0.07875558544433692,0.005972624500785951,0.005972624500785777,-0.01832478858381685,0.0046231986799609775,0.02039764075263361,0.005340242935312815,0.009275088198134695,0.012007302660701862,0.02315659816804008,-0.017375651523241574,-0.020801863037333102,-0.05563689653969235,0.013171647721095617,0.029932367329359097,0.007071766604281684,-0.018162860073252837,-0.020871105114766846,0.017209106643066505,0.003624349848668321,0.012308098307074328,0.007071766604281414,0.002667374899330342,0.014418401981056886,0.010380622837370113,0.0026673748993304588,0.02453110753612646,0.0037735311711739,0.0366014268953487,0.004576740181487679,0.005972624500785949,-0.004399660010438417,0.02571555321941664,-0.07590375013374033,0.01236450893629223,-0.007318513629070378,-0.002894008139862572,0.005972624500786075,0.0492910915802955,-0.06595618274229163,0.10641268738800168,-0.10973862376713484,0.0037735311711741253,0.019579971277910255,0.028507248822394186,0.010316438482915951,0.021469924942273202,-0.04308187274664544,0.02599687489271529,-0.042869918246543806,0.02163633901320394,-0.05920985713300583,0.02436847841277119,0.020908296209783087,-0.009317969114862105,-0.12460566849063576,0.009275088198134671,-0.011858365948534639,0.03487338640375391,-0.08155677569575875,-0.05451759507827733,0.020722955573677395,0.012007302660701777,-0.0537194083778561,0.025646969992798568,0.02163633901320398,0.008461117085036156,-0.0810006966555887,-0.1102944657811815,0.0134479399076237,0.020536210075260724,0.060720901681884466,-0.043334059257651755,0.021626895420122395,-0.07090443578688382,-0.04315271320692242,0.011058672612085969,-0.054640230442567855,0.014337781964178554,0.03239104620188478,0.022437075326075338,-0.0016009703254205923,-0.037829393754757704,0.01858187584577797,-0.05017051112937841,-0.06967222499503987,0.002667374899330342,0.0061799388615242975,-0.06485167076979373,0.007610527490915784,0.016686904640181528
Condition2_PosA,0.007887162830104447,0.007827333440097,0.0738653760084804,-0.06786652389567147,0.01919811092194081,-0.014942331805524237,0.03969616497242138,0.01071971745287577,0.024277764374674698,0.06277335154566872,0.00849064812953878,0.04985620352136402,0.002247322490249325,0.17998291581380155,-0.0022956812402709064,0.04749723328144334,-0.005651216278606723,-0.002755806681546018,-0.05052784500860816,0.06248919142412002,0.0016817668047429577,-0.00445013396176688,-0.004450133961766878,-0.002174144238404753,0.019910326354182994,-0.004930009996542097,-0.004162637667208244,0.008826004456815766,-0.000685400959561345,-0.0068676939189830045,-0.004774745214234099,-0.0013722134196707805,0.016304014980018176,-0.005651216278606704,-0.002481474202684444,-0.0009696356842476734,-0.0027558066815460145,-0.005324910884747067,-0.003660832520073308,-0.008858951738437827,-0.004980832596595438,-0.0070990935604139304,-0.006261653917248715,-0.004221538613690465,-0.002841604613472633,-0.004878731159947838,-0.011174552347320127,-0.00206186346166855,-0.006006141416396618,-0.004450133961766881,-0.00617741284186321,0.0903892806574979,-0.0034555438454198857,-0.006049320559056108,-0.005372535479949057,-0.0065498026305739025,-0.0034555438454198753,-0.004279710124597743,-0.0022810484185192647,-0.006345016128972189,-0.06571168880219455,-0.0019432739968373671,-0.00300619511068186,-0.0022810484185192656,-0.0035252056082745176,-0.0009696356842476738,-0.001534708362504996,-0.001681766804742892,-0.25695711530216336,1.0,-0.000969635684247673,-0.0006854009595613452,-0.000685400959561345,-0.0009696356842476731,-0.0038560005446603603,-0.005031212937271014,-0.004560596574554108,-0.007619075019517848,-0.002576037764248539,-0.026037101401181102,-0.0019432739968373656,0.3004762871304015,-0.01733482007973679,-0.004221538613690469,-0.005651216278606717,0.013842829614158128,-0.002281048418519267,-0.012921749636099754,-0.001817140746726353,-0.0009696356842476752,0.003525205608274423,-0.0006854009595613436,-0.0006854009595613432,-0.0006854009595613451,-0.0022810484185192665,-0.0015347083625049949,-0.0016817668047428929,-0.000685400959561345,-0.0009696356842476739,-0.004930009996542104,-0.0006854009595613452,-0.005466739938600007,-0.011086348305829701,-0.0006854009595613452,-0.011027392985252953,-0.007399389449496116,-0.000969635684247675,-0.0034555438454198736,-0.019326804978071616,0.06459330585750794,-0.0035252056082745215,-0.0011879637962715493,-0.0018171407467263573,-0.0034555438454198844,-0.0006854009595613452,-0.005419808745550284,-0.010640988927468535,-0.002174144238404752,-0.010849762198506798,-0.0006854009595613436,-0.008593277194535117,-0.0015347083625049968,-0.003525205608274509,-0.019008973976824436,0.06628891585405862,-0.004279710124597733,-0.01733482007973677,0.021498233451590184,-0.008115685828958833,-0.002576037764248534,-0.01855022290488502,-0.03347970098299554,-0.0036608325200732984,-0.008726721158229032,-0.0006854009595613439,-0.07025971203838706,-0.022936490069522645,-0.023354965043271503,-0.003384548602189006,-0.0016817668047428935,-0.00118796379627155,-0.004102975692480468,-0.022429032789825474,0.027808705736221,-0.005651216278606711,-0.0009696356842476746,0.007546340883836775,-0.008322484427420757,-0.0076190750195178555,0.018010341519502395,-0.00879298422936345,-0.016581607676717288,-0.006049320559056105,-0.008288247534334287,0.03817583439261825,-0.003981230636748929,-0.002576037764248533,-0.004722006332554308,-0.005130699434093795,0.009376899469075843,0.003919071974872491,-0.002925000713883069,-0.0018171407467263592,-0.0009696356842476752,-0.0013722134196707811,-0.004878731159947837,0.05887971315473359,-0.0006854009595613443,-0.01685987653327572,0.006906656085580686,-0.003593611636982667,-0.001187963796271546,-0.0006854009595613441,0.008010999925671822,-0.004337181719265881,0.03197269629367751,-0.026360097987301198,-0.001534708362504997,-0.00385600054466036,-0.004042518814132184,-0.0026673748993304206,-0.000685400959561344,0.007099093560413913,-0.003981230636748929,0.015805664849522904,-0.003085361854253942,-0.013676117199022987,-0.035785222459132196,-0.0030061951106818566,-0.006630352749378723,-0.002061863461668546,0.04359299749403618,-0.016692827395315496,0.02780870573622113,-0.004826981389391317,0.26606790050738416,-0.0011879637962715478,-0.1184506682938334,-0.004102975692480476,-0.002061863461668552,-0.0018171407467263568,0.005081164323863781,-0.003791970610339498,0.007834487246047274,-0.0009696356842476745,0.0013722134196708167,-0.0051306994340937885,0.007975904909222786,-0.002281048418519265,-0.0009696356842476739,0.0015347083625052074,-0.0006854009595613452,-0.0013722134196707816,-0.0009696356842476735,-0.002061863461668547,-0.0015347083625049944,-0.001534708362504995,-0.007905406612684218,-0.0011879637962715504,0.010217924776423653,-0.0013722134196707781,-0.0023832999075658508,-0.0030853618542539462,0.01224319003942445,-0.008010999925671858,0.030007854108606482,-0.01067091983021945,-0.003384548602189011,-0.007691334763116884,-0.0018171407467263581,-0.0049300099965421005,-0.014921863748069008,0.02364809979092807,-0.010820041563130881,-0.0031626534358412542,-0.0018171407467263573,-0.0006854009595613436,-0.02149823345159019,-0.002667374899330415,-0.000685400959561344,-0.006303442627650207,-0.0009696356842476735,0.02922524665276416,-0.007655263288873444,-0.001534708362504994,-0.023452358425057673,-0.027580359124843922,0.17215806420123417,-0.015225556030632203,0.023000501532127227,-0.009848642412709439,-0.0015347083625049968,0.03442439603293321,-0.0023832999075658525,0.005786383221250473,-0.005651216278606707,-0.0009696356842476733,-0.005031212937271009,-0.007325140422603417,-0.008559719094491984,-0.010550975584685327,-0.01198612988698972,0.05992522321921445,-0.007905406612684223,-0.0055596112585325486,-0.006670350116675797,-0.0062616539172487065,-0.005372535479949053,-0.005830869671712116,-0.0013722134196707805,-0.002383299907565847,-0.00866015480747239,-0.0132859262804964,-0.005419808745550279,0.24871155300952777,-0.005324910884747049,-0.0030853618542539406,-0.005031212937271014,-0.0065901714255907,-0.005559611258532544,-0.0021741442384047554,-0.0037919706103394972,-0.001534708362504994,-0.003455543845419878,-0.005276925300178228,-0.029675189676157152,-0.011957466072516331,-0.010581017232071721,-0.005962712492266396,0.2116608114036588,-0.00284160461347264,-0.006984097494435161,-0.01261187117017018,-0.016137733779981463,-0.014120139929614804,-0.010034112259086153,0.11250364906629842,-0.004774745214234112,-0.002925000713883076,-0.002281048418519267,-0.0006854009595613436,-0.014120139929614826,0.05105220203937124,-0.014369255787343865,-0.009661394471344308
Condition2_PosN,0.08904798955180955,0.06284913129462012,0.10449723393155583,0.04383247271976876,0.04151613668351777,0.1406052152905133,0.007777720088233228,0.1309494392396972,0.13880894375928438,0.13146173293803678,0.04045428034293801,0.10033696141039446,0.030669771936444646,0.10000543864544334,-0.0032476967228777303,0.04848110233569785,-0.007994766985218954,-0.0038986354775828506,0.019190125446325246,-0.015516854389532172,0.002379192914328083,-0.006295597677267973,-0.006295597677267973,-0.0030757585131014832,-0.010266516035504488,-0.0069744775662473005,-0.005888877111146439,-0.04868754631859141,-0.0009696356842476746,-0.009715716033719195,-0.0067548247173088724,-0.0019412682161517045,0.02306526493813484,-0.007994766985218926,-0.00351053774129934,-0.0013717421124828555,-0.0038986354775828445,-0.007533143245953531,-0.005178974140609905,-0.012532745410970597,-0.007046376220444554,0.0632713835304414,-0.008858352174556853,-0.005972204189622775,-0.004020013680035241,-0.006901933474916696,-0.015808622034013134,-0.0029169150707926976,-0.008496879032243013,-0.006295597677267976,0.07411275616744785,-0.01072733046656062,-0.004888552568041251,-0.008557964499010758,-0.007600517687601894,-0.009265995716504865,-0.004888552568041238,-0.006054499336712148,-0.003226995692431686,-0.00897628456738078,-0.09296222517045284,-0.002749146737130396,0.3225458257191234,-0.0032269956924316887,-0.0049871029569036815,-0.0013717421124828553,-0.0021711495620761116,-0.0023791929143279064,-0.36351683615643077,-0.000969635684247673,1.0,-0.0009696356842476746,-0.0009696356842476746,-0.0013717421124828555,-0.005455078045081896,-0.007117649210979693,-0.00645186896583209,-0.010778693722011541,-0.003644316666529884,0.00020294571538011395,-0.0027491467371303945,-0.0032269956924316835,0.015706089547585667,-0.005972204189622777,-0.007994766985218936,-0.07004606076029016,-0.0032269956924316895,0.07503903972406191,-0.002570706222025123,-0.001371742112482857,0.004987102956903552,-0.0009696356842476734,-0.0009696356842476731,-0.0009696356842476746,-0.003226995692431687,-0.002171149562076109,-0.0023791929143279094,-0.0009696356842476746,-0.0013717421124828557,-0.006974477566247314,-0.0009696356842476746,0.17737000390327493,-0.015683839912058233,-0.0009696356842476748,-0.015600435910633927,-0.010467904883688801,-0.0013717421124828568,-0.00488855256804124,-0.027341601303312115,-0.015011395861773566,-0.00498710295690368,-0.0016806105570620112,-0.002570706222025128,-0.00488855256804125,-0.0009696356842476746,0.1789058857554251,-0.01505379068386672,-0.0030757585131014832,-0.015349141909586297,-0.0009696356842476731,-0.01215689604196889,-0.0021711495620761125,-0.00498710295690367,-0.0268919662742531,-0.01462741804953358,-0.006054499336712139,0.015706089547585685,-0.04510304004424849,0.053997745774521044,-0.003644316666529876,-0.02624297183773524,-0.047363681532968306,-0.005178974140609896,-0.01234567901234565,-0.0009696356842476738,0.013800735245227078,-0.03244821725524746,0.041517325435989974,-0.004788115706539688,-0.002379192914327908,-0.0016806105570620123,-0.005804473407180579,-0.031730318221460684,-0.034868062305564766,-0.007994766985218931,-0.001371742112482858,0.010675796852032774,0.05236707712351514,-0.010778693722011557,-0.05383771780216983,-0.012439421277254205,0.05847657857742988,-0.00855796449901075,-0.011725371050416567,-0.025399200821008352,-0.005632240863920686,-0.0036443166665298724,-0.006680215102439393,-0.007258392605155714,0.013265485269582938,0.005544305100482345,-0.004137994015132544,-0.002570706222025129,-0.001371742112482857,-0.0019412682161517052,-0.006901933474916699,-0.01646807758216324,-0.0009696356842476748,-0.023851641423345483,0.009770835750932516,-0.005083876860598743,-0.0016806105570620073,-0.0009696356842476744,0.0113331492844834,-0.006135804313373562,-0.030326991359793967,-0.0372915901155299,-0.0021711495620761125,-0.005455078045081892,-0.005718945154284295,-0.003773531171174029,-0.0009696356842476731,0.010043076750863718,-0.0056322408639206826,0.02236024977432919,-0.0043648566739910395,-0.01934758198560586,-0.011764659440747963,-0.004252859603513767,0.06843099773866328,-0.0029169150707926933,-0.022242922946060922,-0.023615317264574644,-0.03486806230556485,-0.006828723154033362,-0.0036443166665298694,-0.0016806105570620104,0.008185987451268417,-0.005804473407180589,-0.0029169150707927002,-0.002570706222025126,0.007188315360833087,-0.00536449499539186,0.01108343706786255,-0.001371742112482856,0.0019412682161515868,-0.007258392605155701,0.011283500418642721,-0.003226995692431685,-0.0013717421124828562,0.002171149562076339,-0.0009696356842476748,-0.001941268216151706,-0.0013717421124828557,-0.002916915070792694,-0.00217114956207611,-0.0021711495620761107,0.12265475158379503,-0.0016806105570620125,-0.0948955590752597,-0.0019412682161517026,-0.003371650716857803,-0.00436485667399104,-0.07919796075412826,0.12103803435828286,0.005069667604818796,-0.015096133885994144,-0.004788115706539696,-0.010880919470240816,-0.0025707062220251277,-0.006974477566247311,0.02193546600472455,-0.003773879347805653,-0.015307096172391175,-0.004474200955689976,-0.002570706222025127,-0.000969635684247673,0.045103040044248394,-0.003773531171174022,-0.0009696356842476731,-0.008917470598945857,-0.0013717421124828555,0.041344911529736156,-0.010829889211059018,-0.002171149562076108,-0.033178015425096886,-0.001930572765003853,0.11895975400462769,-0.02153957071968765,-0.04215715396002483,0.09845374048674775,-0.002171149562076112,0.010266516035504516,-0.003371650716857803,0.008185987451268403,-0.007994766985218928,-0.0013717421124828549,-0.007117649210979691,-0.010362864899440886,-0.012109421449406027,-0.014926448946153244,0.03196985888095494,-0.01618076049046352,-0.011183766586863222,-0.007865173504087861,0.06796425092543643,-0.008858352174556836,-0.007600517687601892,-0.008248922364374902,-0.0019412682161517052,-0.0033716507168577957,-0.012251507698221593,0.027093293516328176,-0.007667395103803944,-0.003898635477582847,-0.007533143245953504,-0.0043648566739910325,-0.007117649210979693,-0.009323105388781098,-0.007865173504087854,-0.003075758513101486,-0.00536449499539186,-0.0021711495620761094,-0.0048885525680412425,-0.007465258113202616,0.032674961637287725,-0.01691620887795825,-0.014968948818546305,-0.008435440200012466,-0.004581082713504679,-0.004020013680035248,-0.009880391993036012,-0.017841994763996196,-0.022830027179964345,0.024347330833924218,-0.014195243193683005,-0.008618704302437913,-0.00675482471730889,0.16368065215413174,-0.003226995692431687,-0.000969635684247673,0.024347330833924277,0.02661522402746715,-0.020328164081369372,-0.013667959912113574
Condition2_RRAe,-0.00968444103350561,0.021969772563457876,-0.020817195521266225,0.004970420653383406,-0.009977874087055114,-0.014797425398817773,0.005023639354514023,0.018122072568271468,0.013438668846127714,0.055048390003078394,-0.003149113625508829,0.015558769281620076,0.012694660055568146,-0.008956965425158725,0.4358412335800718,0.0029929320927850416,-0.005651216278606728,-0.002755806681546019,0.013564816774682908,-0.010968312182333467,0.0016817668047428708,-0.004450133961766882,-0.004450133961766879,-0.0021741442384047524,-0.03442439603293317,-0.004930009996542103,-0.004162637667208247,0.00882600445681576,-0.0006854009595613445,-0.006867693918983013,-0.0047747452142341005,-0.0013722134196707803,0.016304014980018197,-0.005651216278606709,-0.002481474202684446,-0.0009696356842476742,-0.0027558066815460158,-0.0053249108847470685,-0.0036608325200733092,-0.00885895173843783,-0.004980832596595439,-0.007099093560413937,-0.006261653917248715,-0.004221538613690467,-0.002841604613472636,-0.004878731159947838,-0.011174552347320134,-0.0020618634616685503,-0.006006141416396619,-0.004450133961766882,-0.006177412841863214,-0.0075827681620618155,-0.003455543845419885,0.11330213911961834,-0.0053725354799490565,-0.006549802630573902,-0.0034555438454198758,-0.004279710124597742,-0.0022810484185192673,0.10802194125744007,-0.06571168880219458,-0.0019432739968373671,-0.0030061951106818605,-0.002281048418519268,-0.0035252056082745193,-0.0009696356842476754,-0.0015347083625049964,-0.0016817668047428935,-0.2569571153021634,-0.0006854009595613452,-0.0009696356842476746,1.0,-0.0006854009595613445,-0.0009696356842476753,-0.003856000544660364,0.13622976568610745,-0.00456059657455411,-0.007619075019517854,-0.0025760377642485436,-0.026037101401181116,-0.001943273996837365,-0.0022810484185192647,-0.01733482007973678,-0.004221538613690467,-0.005651216278606715,-0.04951306767948118,-0.002281048418519269,-0.012921749636099754,-0.0018171407467263553,0.706864413816553,0.003525205608274547,-0.0006854009595613451,-0.0006854009595613447,-0.0006854009595613441,-0.0022810484185192647,-0.001534708362504995,-0.001681766804742895,-0.0006854009595613445,-0.0009696356842476748,-0.004930009996542107,-0.0006854009595613442,-0.0054667399386000085,-0.0110863483058297,-0.0006854009595613443,-0.011027392985252958,0.09262939384924754,-0.0009696356842476738,-0.003455543845419878,-0.019326804978071606,-0.010611021536400813,-0.0035252056082745193,-0.00118796379627155,-0.0018171407467263583,-0.0034555438454198836,-0.0006854009595613442,-0.005419808745550287,-0.010640988927468542,-0.002174144238404753,-0.010849762198506805,-0.0006854009595613453,0.07976013621406537,-0.0015347083625049972,-0.003525205608274512,-0.01900897397682443,-0.010339601285233223,-0.004279710124597736,-0.017334820079736784,0.02149823345159011,-0.008115685828958838,-0.0025760377642485358,-0.018550222904885026,0.020472135038167152,-0.0036608325200733027,-0.008726721158229036,-0.0006854009595613451,0.009755248629354943,0.029882556462816606,-0.023354965043271517,-0.0033845486021890077,-0.0016817668047428935,-0.0011879637962715493,-0.004102975692480471,0.03055864985280425,-0.024646992422542095,-0.005651216278606716,-0.0009696356842476764,0.007546340883836892,-0.008322484427420755,-0.00761907501951786,0.018010341519502374,-0.008792984229363454,0.04133501243813257,-0.00604932055905611,-0.008288247534334289,-0.017953791199750997,-0.003981230636748935,-0.0025760377642485353,-0.004722006332554306,0.13358821119140502,-0.07309462598183233,0.003919071974872479,-0.0029250007138830725,-0.0018171407467263583,-0.0009696356842476738,-0.00137221341967078,-0.00487873115994784,-0.011640698006801339,-0.0006854009595613456,-0.016859876533275725,0.00690665608558075,-0.0035936116369826706,-0.0011879637962715472,-0.0006854009595613455,0.008010999925671811,-0.004337181719265882,-0.021437070970360437,0.026001457198358318,-0.001534708362504999,-0.0038560005446603585,-0.004042518814132189,-0.0026673748993304215,-0.0006854009595613452,0.007099093560413949,-0.0039812306367489345,-0.04336425997176795,-0.003085361854253946,0.05011663395296928,-0.03578522245913221,-0.0030061951106818557,0.10337322695622295,-0.0020618634616685473,-0.01572273068983412,0.041059608616913476,-0.024646992422542147,-0.004826981389391316,-0.0025760377642485336,-0.0011879637962715485,0.005786383221250422,-0.00410297569248048,-0.0020618634616685516,-0.001817140746726358,0.005081164323863757,-0.003791970610339499,-0.08748510758086195,-0.0009696356842476741,0.0013722134196707066,-0.005130699434093789,0.007975904909222717,-0.002281048418519266,-0.0009696356842476746,-0.4466001334889534,-0.0006854009595613442,-0.0013722134196707807,-0.0009696356842476753,-0.0020618634616685473,-0.0015347083625049966,-0.0015347083625049972,-0.00790540661268422,-0.001187963796271549,0.010217924776423602,-0.0013722134196707794,-0.002383299907565853,-0.0030853618542539467,0.012243190039424473,-0.008010999925671865,0.03000785410860649,0.06423072897805171,-0.003384548602189013,-0.007691334763116899,-0.0018171407467263564,-0.0049300099965421135,-0.014921863748069,-0.028983341816930176,0.0633455015456537,-0.003162653435841257,-0.0018171407467263568,-0.0006854009595613452,-0.021498233451590205,-0.002667374899330416,-0.0006854009595613452,-0.006303442627650211,-0.0009696356842476739,0.02922524665276421,-0.007655263288873449,-0.0015347083625049964,-0.02345235842505767,0.02485105275311461,-0.003981230636748937,-0.015225556030632203,0.023000501532127172,-0.009848642412709446,-0.0015347083625049968,-0.019910326354183005,0.28758485551294605,-0.11845066829383338,0.1212837955177902,-0.0009696356842476746,-0.0050312129372710145,-0.007325140422603417,-0.008559719094491984,-0.010550975584685316,-0.01198612988698972,-0.011437603779197543,0.08670027908009417,-0.0055596112585325555,-0.0066703501166757995,-0.006261653917248708,-0.005372535479949052,-0.005830869671712122,-0.0013722134196707803,-0.0023832999075658486,-0.008660154807472393,-0.013285926280496418,-0.005419808745550287,-0.002755806681546019,-0.005324910884747054,-0.0030853618542539415,0.13622976568610745,-0.006590171425590695,-0.005559611258532544,-0.0021741442384047554,-0.0037919706103395016,-0.0015347083625049966,-0.0034555438454198792,-0.005276925300178231,0.02309676760421984,-0.01195746607251633,-0.01058101723207172,-0.005962712492266397,-0.00323820434692663,-0.00284160461347264,-0.006984097494435168,-0.012611871170170178,-0.016137733779981463,-0.014120139929614818,-0.010034112259086155,-0.006092255364600983,-0.004774745214234112,-0.002925000713883078,0.30047628713040153,-0.0006854009595613452,0.04854066340545397,-0.013425492577827769,-0.014369255787343879,-0.009661394471344311
Condition2_RRAn,-0.009684441033505568,0.0025796751382932883,-0.020817195521266253,0.004103314170656634,-0.011246395174402528,0.00882231889433645,0.06595245360273404,0.03716522806674908,0.0350491155561683,0.008200236131885391,-0.004207273785059555,0.0067394290485430575,-0.019692086396920133,-0.018443486658914033,-0.0022956812402709086,-0.014510444733969162,-0.005651216278606728,-0.0027558066815460192,0.013564816774682832,-0.01096831218233347,0.0016817668047429668,-0.004450133961766882,-0.004450133961766881,-0.0021741442384047532,-0.03442439603293317,-0.004930009996542105,-0.0041626376672082455,0.008826004456815754,-0.0006854009595613443,-0.0068676939189830115,-0.004774745214234102,-0.0013722134196707807,-0.04203878372298808,-0.0056512162786067095,-0.002481474202684446,-0.0009696356842476744,-0.0027558066815460166,-0.005324910884747069,-0.0036608325200733092,-0.008858951738437832,-0.004980832596595439,-0.007099093560413937,-0.006261653917248717,-0.004221538613690467,-0.0028416046134726357,-0.004878731159947839,-0.01117455234732014,-0.0020618634616685508,0.11411668691153593,-0.004450133961766882,-0.006177412841863215,-0.0075827681620618155,-0.0034555438454198853,-0.006049320559056111,-0.005372535479949057,-0.006549802630573901,-0.0034555438454198758,-0.0042797101245977435,-0.0022810484185192673,0.1080219412574401,-0.06571168880219458,-0.0019432739968373667,-0.0030061951106818596,-0.002281048418519269,-0.0035252056082745193,-0.0009696356842476752,-0.0015347083625049964,-0.0016817668047428935,-0.2569571153021634,-0.000685400959561345,-0.0009696356842476746,-0.0006854009595613445,1.0,-0.0009696356842476752,-0.0038560005446603633,0.13622976568610745,-0.004560596574554111,-0.007619075019517854,-0.002576037764248543,0.026324011609458547,-0.0019432739968373654,-0.0022810484185192647,-0.017334820079736777,-0.004221538613690468,-0.005651216278606716,0.013842829614158229,-0.002281048418519269,-0.012921749636099756,-0.0018171407467263553,-0.0009696356842476742,0.0035252056082745436,-0.0006854009595613448,-0.0006854009595613446,-0.0006854009595613444,-0.0022810484185192647,-0.001534708362504995,-0.001681766804742895,-0.0006854009595613443,-0.0009696356842476746,-0.004930009996542106,-0.0006854009595613444,-0.005466739938600009,-0.0110863483058297,-0.0006854009595613444,-0.011027392985252958,-0.007399389449496118,-0.0009696356842476739,-0.003455543845419878,0.035463748940345055,-0.01061102153640081,-0.003525205608274519,-0.00118796379627155,-0.0018171407467263583,-0.003455543845419885,-0.0006854009595613444,-0.005419808745550291,-0.010640988927468543,-0.002174144238404753,-0.010849762198506809,-0.0006854009595613451,-0.008593277194535114,-0.0015347083625049977,-0.003525205608274512,0.03605670460683361,-0.010339601285233223,-0.004279710124597734,0.03953897164254569,-0.03188173396222223,-0.008115685828958842,-0.0025760377642485366,-0.018550222904885033,0.020472135038167184,-0.0036608325200733036,-0.008726721158229032,-0.0006854009595613451,0.009755248629354963,0.029882556462816613,-0.023354965043271517,-0.0033845486021890085,-0.0016817668047428935,-0.0011879637962715496,-0.004102975692480471,-0.022429032789825505,0.02780870573622104,-0.005651216278606719,-0.0009696356842476759,0.0075463408838367845,-0.008322484427420755,-0.007619075019517858,0.018010341519502385,-0.008792984229363452,-0.01658160767671729,-0.00604932055905611,-0.008288247534334289,0.03817583439261827,-0.003981230636748935,-0.0025760377642485358,-0.004722006332554305,-0.0051306994340937955,0.009376899469075831,0.003919071974872556,-0.0029250007138830717,-0.001817140746726359,-0.0009696356842476742,-0.0013722134196707807,0.14048754421808962,-0.011640698006801339,-0.0006854009595613452,-0.016859876533275725,0.006906656085580702,-0.0035936116369826706,-0.0011879637962715472,-0.0006854009595613454,0.008010999925671843,-0.004337181719265881,-0.021437070970360433,0.026001457198358335,-0.0015347083625049985,-0.003856000544660359,-0.00404251881413219,-0.002667374899330422,-0.0006854009595613451,0.007099093560413967,-0.003981230636748933,0.01580566484952288,-0.0030853618542539462,-0.01367611719902299,-0.03578522245913222,-0.0030061951106818557,-0.006630352749378732,-0.0020618634616685473,0.0435929974940362,-0.01669282739531549,0.027808705736221052,-0.004826981389391316,-0.002576037764248534,-0.0011879637962715485,0.005786383221250418,-0.00410297569248048,-0.0020618634616685516,-0.001817140746726358,0.0050811643238637474,-0.0037919706103394994,0.007834487246047394,-0.0009696356842476744,0.001372213419670695,-0.005130699434093792,0.007975904909222713,-0.0022810484185192656,-0.0009696356842476746,0.001534708362504905,-0.0006854009595613446,-0.0013722134196707807,-0.0009696356842476753,-0.0020618634616685477,-0.0015347083625049962,-0.001534708362504997,-0.00790540661268422,-0.001187963796271549,0.01021792477642361,-0.0013722134196707794,-0.0023832999075658534,-0.0030853618542539467,0.012243190039424453,-0.008010999925671865,-0.022840718869156514,-0.01067091983021945,-0.003384548602189013,-0.007691334763116896,-0.001817140746726357,-0.004930009996542113,-0.014921863748068996,-0.028983341816930176,0.06334550154565373,-0.0031626534358412573,-0.0018171407467263568,-0.0006854009595613451,-0.021498233451590205,-0.002667374899330416,-0.0006854009595613451,-0.006303442627650211,-0.0009696356842476741,-0.023452358425057697,-0.007655263288873451,-0.0015347083625049964,-0.02345235842505766,0.024851052753114618,-0.003981230636748938,-0.015225556030632208,0.023000501532127203,-0.009848642412709446,-0.001534708362504997,-0.019910326354183005,-0.002383299907565852,-0.11845066829383338,0.12128379551779012,-0.0009696356842476745,-0.005031212937271013,-0.007325140422603417,-0.00855971909449199,-0.010550975584685315,0.05718284100235803,-0.011437603779197543,-0.007905406612684223,-0.005559611258532556,-0.0066703501166757995,-0.00626165391724871,-0.005372535479949056,-0.005830869671712123,-0.0013722134196707807,-0.002383299907565848,-0.008660154807472394,-0.013285926280496416,-0.005419808745550287,-0.002755806681546019,-0.005324910884747052,-0.0030853618542539415,0.13622976568610745,-0.006590171425590697,-0.005559611258532544,-0.0021741442384047554,-0.003791970610339502,-0.0015347083625049962,-0.00345554384541988,-0.005276925300178234,-0.029675189676157183,0.05731991672857043,-0.01058101723207172,-0.005962712492266397,-0.0032382043469266287,-0.0028416046134726422,-0.006984097494435168,-0.012611871170170182,-0.016137733779981463,-0.014120139929614818,0.06830708505784298,-0.006092255364600984,-0.0047747452142341135,-0.002925000713883078,-0.002281048418519265,-0.0006854009595613451,0.048540663405453995,-0.013425492577827765,-0.014369255787343879,-0.009661394471344311
Condition2_RRNn,-0.02281535487560709,-0.012016725735598194,-0.04284478335911931,-0.03712934505087864,-0.022191269886434342,-0.021138893843653174,-0.02576154056885056,-0.03250822476940302,-0.04697267743452741,-0.05943433149805544,-0.05759774929069881,0.0012164552018054929,7.551886965725619e-05,-0.012112214930807786,-0.003247696722877729,-0.03925505561469539,-0.007994766985218952,-0.003898635477582849,-0.07148166468841544,0.08840336308164658,0.0023791929143278626,-0.006295597677267975,-0.0062955976772679735,-0.003075758513101486,-0.048700140168418574,0.09485289490096342,-0.005888877111146437,-0.04868754631859151,-0.0009696356842476752,-0.0097157160337192,-0.0067548247173088724,-0.0019412682161517047,0.023065264938134832,-0.007994766985218924,-0.0035105377412993424,-0.0013717421124828553,-0.003898635477582846,0.08728055622897883,-0.005178974140609906,-0.012532745410970597,-0.007046376220444556,-0.010043076750863708,-0.00885835217455685,-0.00597220418962278,-0.004020013680035238,-0.006901933474916703,-0.01580862203401312,-0.0029169150707926994,-0.008496879032243016,-0.0062955976772679795,-0.008739176454660772,0.05857312298998137,-0.004888552568041254,-0.008557964499010758,-0.007600517687601898,-0.009265995716504868,-0.004888552568041241,-0.006054499336712151,-0.0032269956924316843,0.1528184743014581,-0.09296222517045286,-0.002749146737130396,-0.0042528596035137705,-0.0032269956924316856,-0.004987102956903681,-0.0013717421124828555,-0.0021711495620761116,-0.002379192914327908,-0.3635168361564308,-0.0009696356842476731,-0.0013717421124828555,-0.0009696356842476753,-0.0009696356842476752,1.0,-0.005455078045081898,-0.007117649210979696,-0.006451868965832091,-0.010778693722011545,-0.003644316666529875,0.03724053877224922,-0.002749146737130396,-0.003226995692431685,-0.02452354332868648,-0.005972204189622781,-0.007994766985218942,0.01958342978311353,-0.003226995692431687,-0.01828037935356191,-0.002570706222025123,-0.001371742112482858,0.004987102956903701,-0.0009696356842476733,-0.0009696356842476739,-0.0009696356842476753,-0.003226995692431687,-0.002171149562076109,-0.002379192914327909,-0.0009696356842476752,-0.0013717421124828553,-0.006974477566247316,-0.0009696356842476753,-0.007733788590493037,-0.015683839912058243,-0.0009696356842476754,0.0879297296781184,-0.010467904883688803,-0.0013717421124828577,-0.004888552568041237,-0.027341601303312115,-0.015011395861773557,-0.004987102956903687,-0.0016806105570620115,-0.002570706222025128,-0.004888552568041252,-0.0009696356842476753,-0.007667395103803944,-0.015053790683866725,-0.0030757585131014832,0.08936930289413315,-0.000969635684247673,-0.012156896041968896,-0.0021711495620761133,-0.0049871029569036685,-0.026891966274253113,-0.014627418049533577,-0.006054499336712136,-0.02452354332868644,0.030413517828002393,-0.011481248270994495,-0.0036443166665298746,-0.02624297183773524,0.028961897979320587,-0.005178974140609895,0.04938271604938274,-0.0009696356842476735,-0.042797785704299623,0.004913294726346623,-0.03304023315754673,-0.004788115706539688,-0.0023791929143279094,-0.0016806105570620128,-0.005804473407180579,-0.03173031822146067,0.03934093327187634,-0.007994766985218936,-0.0013717421124828553,0.010675796852032838,-0.011773805930454758,-0.010778693722011552,0.02547920247146074,-0.012439421277254208,-0.023457974899583213,0.07586519880204129,-0.011725371050416577,0.0143040467150433,-0.0056322408639206826,-0.0036443166665298746,-0.006680215102439396,0.0908643222423197,-0.04507068489183606,0.005544305100482501,-0.004137994015132542,-0.0025707062220251308,-0.0013717421124828577,-0.0019412682161517054,0.09592278972282173,-0.016468077582163242,-0.0009696356842476724,0.016829896518341866,-0.06531032317728547,-0.005083876860598747,-0.0016806105570620082,-0.0009696356842476733,0.01133314928448335,0.10871386616772158,-0.03032699135979397,-0.00025368428650021803,-0.002171149562076112,-0.005455078045081894,-0.005718945154284295,-0.0037735311711740317,-0.0009696356842476735,0.010043076750863753,-0.005632240863920685,0.022360249774329256,-0.004364856673991037,-0.019347581985605867,-0.05062529922240401,-0.004252859603513767,-0.009379949845798081,-0.0029169150707926924,0.06167094656621029,0.017235823975092362,0.0022364354831557595,0.09702477481355715,-0.0036443166665298707,-0.0016806105570620093,-0.07969299548146579,-0.005804473407180588,-0.0029169150707927024,-0.0025707062220251273,0.007188315360833054,-0.00536449499539186,0.01108343706786248,-0.001371742112482857,0.0019412682161518814,-0.007258392605155702,0.011283500418642742,-0.003226995692431687,-0.001371742112482856,0.0021711495620762625,-0.0009696356842476754,-0.001941268216151707,-0.0013717421124828549,-0.0029169150707926954,-0.0021711495620761107,-0.0021711495620761094,-0.011183766586863219,-0.0016806105570620134,0.01445528247949895,-0.0019412682161517002,-0.003371650716857805,-0.00436485667399104,0.017320422134876126,-0.011333149284483424,-0.0323127298852594,0.03788548984850456,-0.004788115706539696,-0.01088091947024081,-0.002570706222025129,0.09485289490096353,0.02193546600472454,-0.04100268913021271,-0.015307096172391172,-0.004474200955689974,-0.002570706222025128,-0.0009696356842476731,0.007344761108123037,-0.0037735311711740225,-0.0009696356842476735,-0.008917470598945857,-0.0013717421124828555,-0.0331780154250969,-0.010829889211059023,-0.0021711495620761086,0.0413449115297363,-0.03901789167165747,-0.005632240863920694,0.021072588156659185,-0.004809189893497968,-0.013932859287022174,-0.002171149562076113,-0.0281671080974097,-0.0033716507168578052,0.00818598745126842,-0.007994766985218931,-0.0013717421124828546,-0.007117649210979691,-0.010362864899440893,-0.012109421449406027,0.03848682424351282,0.03196985888095495,-0.01618076049046352,-0.01118376658686323,-0.00786517350408786,-0.009436534059849983,-0.008858352174556843,-0.007600517687601892,0.07902228525872206,-0.0019412682161517052,-0.003371650716857797,-0.012251507698221588,-0.018795579492765915,-0.007667395103803937,-0.0038986354775828484,-0.007533143245953506,-0.0043648566739910325,-0.007117649210979696,-0.009323105388781103,-0.007865173504087854,-0.003075758513101488,-0.005364494995391862,-0.0021711495620761086,-0.0048885525680412425,-0.007465258113202609,-0.04198144523351054,0.03208709461771443,0.03833511282798447,-0.008435440200012464,-0.00458108271350468,-0.00402001368003525,0.13883478645884667,-0.017841994763996206,-0.02283002717996433,-0.01997574026025209,-0.01419524319368301,-0.008618704302437915,-0.006754824717308891,-0.004137994015132553,-0.003226995692431689,-0.0009696356842476731,-0.019975740260252103,0.07222347177406567,-0.020328164081369376,-0.013667959912113581
BldgType_2fmCon,-0.016216838562909487,0.07776661378523911,-0.12398878761884105,-0.20603593233198841,-0.09872383064995738,-0.07170420277114344,-0.0571635044379827,-0.0710944759150114,-0.046158058739785734,0.012894387560424974,-0.06111669341948489,-0.0858375485051364,-0.021408779173500515,-0.03231400938961104,0.027320431384039164,-0.09734830194128397,-0.03179320475747115,0.07576908911174021,-0.0981594451214274,0.09826683799825411,-0.06480591371615589,0.061240768879868776,-0.02503602999238119,-0.01223152849512256,0.08243147386753918,-0.0016104638831960555,0.007218637548718382,-0.07590576649648581,-0.0038560005446603633,-0.03863699214706018,-0.026862261994036987,-0.0077199420570219,0.028196249411427003,0.037315597643384255,0.036616099897629,-0.005455078045081893,-0.015503906022864323,0.018694243360569632,-0.020595495227125716,-0.049839619060934155,-0.002144607519529686,0.0353007674606442,-0.014226201159165688,0.03671203529453981,-0.015986597019462166,-0.0010660891010215241,-0.04970771705716458,-0.011599847534934272,-0.03378997979190854,-0.025036029992381255,-0.03475353652562935,0.20626070916774944,0.09042996294272772,-0.012372903174533566,-0.030225373116123513,-0.03684856602341892,-0.019440560688103698,0.0057638218693914,-0.012832961234597939,0.026569764038871953,-0.03804773616210187,-0.010932674496144422,-0.0169125674868669,-0.01283296123459794,0.016092352508032065,-0.005455078045081896,-0.008634123135020818,-0.009461459930302223,-0.07922732303796744,-0.0038560005446603603,-0.005455078045081896,-0.003856000544660364,-0.0038560005446603633,-0.005455078045081898,1.0,-0.028305124986745783,-0.02565748213529151,-0.04286419068317567,0.03426117357729613,-0.07996449692865412,0.053429038263415315,0.09705632558366015,0.01601246591979744,-0.02374997432760126,-0.008756937290519344,-0.014104589819276283,-0.012832961234597935,0.023073318804196694,-0.010223060839578907,-0.005455078045081899,0.019832471133752097,-0.0038560005446603607,-0.0038560005446603646,-0.003856000544660363,-0.012832961234597918,-0.008634123135020837,-0.009461459930302205,-0.0038560005446603633,-0.005455078045081898,-0.02773576687726533,-0.003856000544660362,-0.030755358431726235,-0.02267532573419921,-0.003856000544660364,0.08405292415709052,-0.005321653383772521,-0.005455078045081898,-0.01944056068810374,-0.05901359705099006,0.06313667643570149,-0.019832471133752055,-0.0066833712173259745,-0.010223060839578895,-0.019440560688103743,-0.003856000544660362,-0.030491328007728614,-0.0053829227040295535,-0.012231528495122561,0.08672904540086816,-0.003856000544660362,-0.032310511237670536,-0.008634123135020828,-0.019832471133752094,-0.07696258766051756,0.06698982877500002,0.005763821869391381,-0.06655954376816457,0.08219725792786373,-0.028858481388422494,0.18052232393651355,-0.10436178798259475,0.07600939325496169,0.22189985180193475,-0.00158373233566895,-0.0038560005446603607,-0.09032969056467496,0.024331775518441078,-0.09313514369819598,0.018324545856868546,0.06480591371615582,-0.006683371217325968,0.10116076516259455,-0.0877186150038452,0.08029151447568746,-0.03179320475747116,-0.005455078045081895,-0.02895548070670885,0.0025473423543277396,0.08109507043229003,-0.030949993579361096,0.04498311882925947,-0.061754282506321666,-0.01237290317453353,0.01941833780714958,0.02123107216541282,0.009567875580357621,-0.014492543209109702,-0.026565558066729698,-0.0036900076946786947,0.022819546878426984,-0.10775230196221844,0.1127132152620769,0.05855882315021456,-0.005455078045081899,-0.007719942057021892,0.02531509882256204,0.024097245622781205,-0.003856000544660359,0.05127215676366557,-0.2500913662547732,0.01504825382649433,0.09823837047402777,-0.003856000544660363,-0.07379705412872593,0.12293124944455645,-0.10121722579222558,0.07976340431315797,-0.008634123135020818,-0.021693491952414268,0.04026386458887898,0.07922732303796759,-0.003856000544660362,-0.035300767460644165,-0.02239802452793099,0.04596834453045449,0.023517225356854295,-0.042209054815484696,-0.041799998727065975,-0.016912567486866942,-0.01733819569412793,0.04910186357977547,0.04072140354499506,-0.07295034112073069,0.10885062064780973,-0.0005110025919251418,0.08301489036370194,0.09823837047402784,-0.05763291680061247,0.03903890727094866,-0.011599847534934284,0.0585588231502145,-0.04762037955307191,-0.021333265637916793,-0.1635080363400699,-0.005455078045081898,0.00771994205702201,-0.02886482654622492,0.0448716816705441,-0.012832961234597928,0.12300321140362085,-0.07269374639485247,-0.0038560005446603633,-0.007719942057021897,-0.005455078045081894,0.17050528580919483,-0.008634123135020846,-0.008634123135020827,-0.027305949458257088,-0.006683371217325968,0.001373953751418192,-0.007719942057021906,-0.013408218377086197,-0.0173579520491067,0.03173421554055174,-0.028088240460342542,0.07291131736946825,0.07589853230514557,-0.019041148208813186,-0.008134317234120579,-0.010223060839578895,-0.02773576687726533,-0.006641485732496281,-0.02933517602599734,0.019885208789806062,0.062015105982595825,0.05855882315021444,0.17774918639740855,0.02436457306353857,0.0321104629013352,-0.003856000544660362,-0.014585411074110249,-0.005455078045081894,-0.06502091839187954,0.009845790375770446,-0.008634123135020821,0.0018988989258454229,0.006595532944159742,-0.022398024527930997,0.0018046563869617788,-0.04308037225897399,-0.055407524570548664,0.07269374639485283,-0.09229218274477034,-0.01340821837708621,-0.35073923000415613,0.33678707471375763,0.12300321140362082,-0.002668969601727895,0.032030348711031824,0.016184261252900272,-0.004542955648169617,-0.02977430511984829,-0.02549392117588452,0.024201397065070223,0.015486776649175091,-0.03752675470346373,0.00677506647721648,-0.030225373116123472,-0.032803917643119664,-0.007719942057021906,-0.013408218377086195,-0.04872120645385217,-0.074745356362937,-0.030491328007728632,-0.015503906022864384,-0.0299574416776329,-0.017357952049106676,-0.028305124986745783,-0.03707567702085854,-0.03127784363582108,-0.012231528495122575,0.9833947289220359,-0.00863412313502083,-0.019440560688103736,0.14201939044878456,-0.0807559187400659,-0.004408991505784218,0.02252782822435558,0.032283181995138285,0.02078221589914539,-0.01598659701946216,-0.02021433958987117,0.026258921215598467,-0.04824322750599466,0.00016356601838975174,-0.028016113971468234,0.051817069703649396,0.05389045422688411,0.026600554726947424,-0.012832961234597944,0.17774918639740855,-0.02257989939580241,0.01808116565715031,-0.03578318587590933,0.018785974244043446
BldgType_Duplex,0.01903514962901251,-0.015346054256382663,-0.15815576637058787,-0.026063085655267233,-0.13591740907064687,0.00838494680762813,-0.019824909911270883,-0.04336812396874858,0.08105101792953151,0.018966669092227304,-0.00354815256682924,-0.0416715222528366,-0.083258256380702,-0.09705176461432213,0.053194608181756024,-0.11465483002228453,-0.04148297730782203,0.08626547619117049,0.018144757637742877,-0.01829590155305545,-0.10319217336842018,-0.032666384907543776,-0.010296346462415283,-0.015959392042222856,0.061781232096410475,0.004454022643707384,0.01710614064338712,-0.032878805410973114,-0.005031212937271013,-0.03535481243492264,0.006826277570476185,-0.010072787050317248,0.012613361665950989,-0.02356429480207643,-0.018215359838481347,-0.007117649210979692,-0.020229108283837005,-0.03908771961787283,-0.02687248635887972,-0.06502948671915135,0.003694802341748214,0.06493854481772773,-0.04596391901367903,-0.007473287142415056,-0.020858911407218354,0.12835162064502623,0.091982688254626,-0.015135190545797237,-0.010174227545444689,-0.0326663849075437,-0.045345544057506834,-0.014171165652345052,-0.02536555669765992,0.05668365993781979,0.05439983548851831,-0.04807908607628062,-0.025365556697659806,-0.03141538196915644,-0.016744126417828,0.11486938587501935,-0.09541172151992967,-0.014264679874110167,-0.022067094482189433,0.06873288256828691,-0.025876911631758138,-0.007117649210979696,0.05199501980887575,-0.01234507595511775,-0.0537194083778561,-0.005031212937271014,-0.007117649210979693,0.13622976568610745,0.13622976568610745,-0.007117649210979696,-0.028305124986745783,1.0,-0.03347724009936539,-0.05592812247121715,-0.018909507413997113,0.02322758562435778,-0.014264679874110156,-0.016744126417827968,-0.05499003222238023,0.18064738920113657,-0.0235642948020764,0.03900873722829919,-0.016744126417827986,-0.05760548861159722,0.04016296139288873,0.09280319548162001,-0.030011092780027216,-0.005031212937271014,-0.005031212937271012,0.13622976568610745,0.02599437807522945,-0.011265587625256415,-0.012345075955117748,0.13622976568610745,-0.007117649210979693,0.024775500955622344,-0.00503121293727101,-0.04012882141481581,0.0009587361421462016,-0.005031212937271012,0.032690140966003325,0.14337128692011225,-0.007117649210979691,0.03160938603862223,-0.08772791635413316,-0.046042142912076124,0.00206709057413453,0.07289272548045175,-0.013338793747273278,0.03160938603862231,-0.00503121293727101,-0.0397843211302167,-0.003947618651632783,0.028849670230172163,0.024849108333025102,-0.005031212937271013,0.1364781652233707,0.11525562724300796,0.0020670905741345114,-0.08512300095925882,-0.043446637866687,-0.008203611890731159,0.041352504231229825,-0.015504223618351066,-0.033438498743384525,0.01901340580638162,-0.1361686472222769,0.14266045039560554,7.382551197492585e-05,-0.0394208263992722,-0.005031212937271014,0.03772303998793161,0.12242401464713483,-0.14911910066020673,0.26580337047618025,-0.012345075955117758,-0.008720295379563243,-0.030118055858176427,-0.0599216932590442,0.10046275644292514,0.012273070209414825,-0.007117649210979703,0.013734417234312147,0.05411264430194341,-0.055928122471217305,0.013487272376338563,-0.052300438736349306,-0.015433137078494042,0.02298734743406699,0.003378056765258999,0.06629686011842235,-0.02922438144628576,0.01901340580638165,-0.013505457250585657,0.0015021921328344278,0.022263386841907026,-0.046955630182814304,-0.021471083791061392,-0.01333879374727329,-0.007117649210979691,0.2020368633361712,0.04626955049971821,-0.025719250638922424,-0.0050312129372710145,0.18475116503773792,-0.12910691789581108,0.08334576956889239,0.07289272548045178,-0.005031212937271015,-0.07328015517487001,0.014003368345713857,-0.1498201216059051,0.16868999318614436,-0.011265587625256415,-0.028305124986745776,-0.029674269744005173,0.01706971854997299,-0.005031212937271013,0.03747996259541701,-0.029224381446285693,0.08261140371402484,-0.022648221104358785,-0.06436906391829637,-0.0843100808849064,-0.022067094482189405,-0.03314179739473927,0.1737312897692795,0.06879836453554616,-0.11438178394693212,0.18191630392239663,-0.014706820410289057,-0.018909507413997075,-0.008720295379563226,0.02493734857828626,-0.005957417642276621,-0.015135190545797237,-0.01333879374727326,0.017539492329014476,-0.0017843019688105698,-0.023224935649989155,-0.007117649210979693,0.010072787050317016,-0.018079955313042906,0.0187773137756663,-0.01674412641782796,-0.007117649210979696,-0.051995019808875845,-0.00503121293727101,-0.010072787050317233,-0.0071176492109796975,-0.015135190545797279,0.05199501980887566,-0.011265587625256436,-0.05802995089119795,0.07289272548045178,0.020447778493469845,0.13133364654067523,0.2690372010550817,0.07273563316207496,-0.054593184501501274,-0.05880506279464897,-0.07067894139157001,-0.06775687721765496,-0.024844413297953418,-0.056458547986046013,-0.01333879374727327,-0.03618893398012252,0.0021417366763225782,-0.19046434061396858,0.19278261148723122,0.038862715907291116,0.3076717370936989,-0.005031212937271013,-0.08999056025618135,0.23696785751727173,0.13622976568610748,-0.013792219151071306,0.09280319548162005,-0.1647167742318506,-0.015035120775440537,-0.011265587625256408,-0.12753580787772226,0.10100430312613427,0.02050475248329144,-0.10325977762891428,0.027220429774063585,-0.027436827407319647,0.11525562724300799,-0.14615254055460383,0.26903720105508194,-0.7467270409540386,0.7469390529449853,-0.007117649210979692,-0.03693181818181824,-0.025285394461226428,-0.012785975555797939,-0.013492395535899948,0.019421363516382715,-0.0033671592665020767,0.03545461690641283,0.01375300485773447,-0.002623825514441704,0.03571490493954811,-0.02066988078108154,-0.04280173016774658,-0.010072787050317241,-0.01749470753005112,-0.06357020996003626,-0.09752586898746528,-0.03978432113021672,-0.02022910828383702,-0.03908771961787268,-0.022648221104358716,1.0,-0.04837541481775272,-0.04081054702349465,-0.015959392042222863,-0.027835110713445195,-0.011265587625256424,0.003121914670481212,0.11390635613623049,0.06524956500543318,-0.048656302041594574,-0.06703259536118937,-0.04376952762295235,-0.023770167485921576,-0.02085891140721836,0.02292990740840229,-0.06422190012657587,-0.03572377495843807,-0.1036494473766445,0.14752368821143602,0.005504054426707665,0.1115149882101321,-0.021471083791061395,0.15420989155440168,-0.005031212937271013,0.01134158086796107,-0.03483675461026025,0.008425764762664436,0.008728596853827772
BldgType_Twnhs,-0.3205755071754349,-0.14186293626488658,-0.0037230561956911826,0.08687806361861963,0.03469933410287836,0.051258442951947064,-0.06736741299157521,-0.11951970906005518,-0.17990703741422093,-0.0792722913190589,0.07925613986729954,-0.09595039149689881,-0.05000323240570756,-0.05647942140534121,-0.015275257284944839,-0.09873019861048882,0.13917702853557523,-0.018336890744996438,-0.23702942119349854,0.19982507851946715,0.011190325636278625,0.09299770785980949,-0.02961079265971544,-0.014466560963966446,0.11566578929211078,-0.03280384479930856,-0.027697818074736428,0.058727442865726905,-0.004560596574554111,-0.045697020007158064,0.06003582673780516,-0.00913058514728798,0.0723731055545918,-0.03760268678172385,-0.016511507010217762,0.10307985998899173,0.44861416427293654,-0.03543147992720302,-0.024358851586300367,-0.05894667112563866,-0.03314201382647403,0.0008788229300159502,-0.041664484135423695,-0.02808973969523826,0.2454390535041503,-0.009968356948151435,-0.07435447010459363,0.14155499421063086,-0.03996432684809289,-0.029610792659715432,0.08577082494130736,-0.05045505995157851,-0.022992879138554783,-0.04025163699459613,-0.03574836971662159,0.11127619098007549,-0.022992879138554755,-0.0284768077167802,-0.01517789180007702,-0.042219168823167244,0.06940312534475293,-0.01293037106202559,-0.0200029529182326,-0.015177891800077054,-0.023456402267054047,-0.006451868965832088,-0.010211811937729565,-0.011190325636278604,0.017748473589420385,-0.004560596574554108,-0.00645186896583209,-0.00456059657455411,-0.004560596574554111,-0.006451868965832091,-0.02565748213529151,-0.03347724009936539,1.0,-0.050696642528079226,-0.01714072447618511,-0.13273619630767688,-0.012930371062025589,-0.015177891800077009,0.1750810736941537,0.07501779004718262,-0.017960496190912813,0.07250129847597492,-0.015177891800077023,-0.0655652936238202,-0.012091091717039244,-0.006451868965832089,0.023456402267054133,-0.004560596574554107,-0.004560596574554111,-0.00456059657455411,-0.015177891800077031,-0.010211811937729548,-0.011190325636278607,-0.004560596574554111,-0.0064518689658320865,-0.03280384479930854,-0.00456059657455411,0.1458474855788923,0.039055236776243486,-0.00456059657455411,0.03986775521754229,-0.0027988817504563416,-0.006451868965832089,-0.02299287913855475,-0.035336368144333226,-0.07060478657981577,-0.02345640226705406,-0.007904604661536694,0.16385236914884746,-0.022992879138554793,-0.00456059657455411,0.14760637756052267,0.03371968861167938,0.03465245998345444,0.042349454390901126,-0.004560596574554108,-0.057178896514345025,-0.010211811937729565,-0.023456402267053977,-0.058316178697495086,-0.0687987805471835,0.047856373311063814,0.060671062376714,-0.10475653228117456,0.08924300829952021,-0.01714072447618516,0.031151988944787126,-0.014055417308454624,-0.02435885158630033,-0.017555085325636127,-0.004560596574554106,0.027765500625265477,0.0353692471736747,0.007702783654177882,-0.022520483151108828,-0.011190325636278583,-0.007904604661536698,-0.027300832640475076,0.0721437115384932,-0.04224230404286652,-0.01796049619091284,-0.006451868965832093,0.019768113350728787,-0.041345389909797164,-0.0355972753124539,0.05910846979301387,0.022027737152260904,0.006175282463412825,-0.021782941201978132,-0.04107023664469851,-0.015235522785727705,-0.026490751947717495,0.06600033112258653,-0.0314198070557889,-0.034139214335460334,0.036869414449098685,0.026077153780867043,-0.019462692676766764,-0.012091091717039263,-0.006451868965832091,-0.009130585147287982,0.012525926118774478,-0.02289377813853861,-0.00456059657455411,0.030209978183216423,0.04595627077277753,-0.023911569853053545,-0.007904604661536674,-0.00456059657455411,0.05330447573804769,-0.02885921855837772,0.022654443955669297,0.0028580867285043065,-0.010211811937729576,-0.02565748213529151,-0.0268985579887443,-0.01774847358942044,-0.004560596574554111,-0.0008788229300159899,-0.02649075194771747,0.04107692780614364,0.014323061397768228,-0.03177111191470643,-0.08508854194048013,-0.02000295291823264,0.023970967641371924,-0.013719454735665966,0.08813380885968096,-0.03957871092097603,0.10386558622385275,-0.032118301678456064,-0.01714072447618514,-0.007904604661536682,0.03850207550742482,-0.027300832640475035,-0.013719454735665966,-0.012091091717039256,0.03380961215022302,-0.025231432689256986,0.037380021681580444,-0.006451868965832089,0.009130585147288074,-0.01267355846561878,0.024007341977304128,-0.015177891800077002,-0.006451868965832093,0.01021181193772958,-0.00456059657455411,-0.009130585147287984,-0.0064518689658320865,-0.013719454735665973,-0.010211811937729609,0.059133515639410675,-0.05260186729434871,-0.007904604661536694,0.020145238523246,-0.00913058514728796,-0.015858264046692164,0.014323061397768191,0.018121029153047735,-0.05330447573804778,0.12606847899065887,-0.0710033444601341,-0.022520483151108862,-0.05117745238767861,-0.01209109171703926,0.0785766514960181,0.060796135172924606,-0.021822261170538437,-0.07199558710995847,-0.021044012595533134,-0.012091091717039251,-0.004560596574554108,-0.010885265073934993,-0.01774847358942045,-0.004560596574554111,-0.02414134711951125,-0.006451868965832088,-0.06638401474430272,-0.0509374360299847,-0.010211811937729555,-0.017475354596271465,0.027429781042079927,-0.0264907519477175,0.029198227635312535,-0.0021936874487948994,-0.06553198419820862,-0.010211811937729553,0.11134667841488494,-0.015858264046692164,0.03850207550742485,-0.03760268678172387,-0.006451868965832092,-0.011618219283142899,-0.017515900911773175,0.02533552099313475,0.03495856308582436,-0.015534522489413938,0.0011950464063438984,0.020595546210940167,-0.017055906543744555,-0.027451455388204486,0.012056575774248316,-0.015175795894679295,-0.038798084362911885,-0.00913058514728798,-0.015858264046692154,-0.05762389415874754,-0.08840336308164638,-0.03606292179035508,-0.01833689074499647,-0.03543147992720297,-0.02052972133680107,-0.03347724009936538,0.041717083642655174,0.6209360500004881,0.23112854377313818,-0.025231432689256983,-0.010211811937729609,-0.022992879138554766,-0.03511218814688119,0.05569129882632176,-0.015243140713248665,-0.02376123577602996,-0.002255446519166378,-0.021546721588705405,0.13214755236091294,0.002328591662541994,0.03005444688089874,0.028661741638147564,0.0030084984886925483,-0.06676608393832284,-0.04053732134383081,-0.031770726849202395,-0.019462692676766757,-0.015177891800077009,-0.004560596574554108,-0.03577655929047837,-0.009512712546604867,0.02924795641348085,-0.0019221743473760268
BldgType_TwnhsE,-0.2970446167387896,-0.16771726367656012,0.12866159155057075,0.2384770479790841,0.1608404637413538,0.030671122392358755,-0.010064276278544408,0.025170443707624057,-0.019014447825674304,-0.11254229653877582,0.19251011826275521,0.002714486401345634,0.040670168606828636,0.023076957857124852,-0.025519321714574238,0.003804383453308906,0.1599753844114399,0.018407381383989282,-0.20544477005333722,0.14310099417601232,0.01869490737052901,0.1668643036913172,-0.003111639305166013,-0.024168288393205464,0.046486453723093915,0.015383333967580409,-0.04627283960300886,0.05594677138836584,-0.007619075019517854,-0.024336248420082435,0.004774765780549683,0.08242426151156755,0.061769083366819466,-0.02568762134428523,-0.02758463910139731,0.058242766076834214,0.06744894492527434,-0.05919293653907424,-0.040694657944716175,-0.014397390219400778,-0.013656317683748543,-0.038488446469968476,-0.06960598796405075,-0.046927596098033125,0.20638100707164353,-0.011708757334910795,-0.1100778002615104,0.17277235427558466,-0.06676565212083488,-0.049468714667843194,0.10265228597558715,-0.08429179836476373,-0.0384126217277799,-0.06724564142142134,0.031024362882246057,0.12235852574682535,0.197723916051414,-0.047574244019105295,0.06320966414215752,-0.07053266152068043,0.11594702797021085,-0.02160188158309258,-0.03341755763845393,-0.02535665989579839,-0.03918699793746752,-0.010778693722011545,-0.017060171836483132,-0.01869490737052889,0.02965115408677561,-0.007619075019517848,-0.010778693722011541,-0.007619075019517854,-0.007619075019517854,-0.010778693722011545,-0.04286419068317567,-0.05592812247121715,-0.050696642528079226,1.0,-0.02863582944424517,0.10881592718648089,-0.021601881583092543,-0.025356659895798384,-0.026323598152770217,0.01804565217425552,-0.03806515506133367,0.03032240782044031,-0.0253566598957984,-0.01499676308934815,-0.020199755307012592,-0.01077869372201155,0.039186997937467466,-0.007619075019517848,-0.007619075019517848,-0.007619075019517852,-0.025356659895798304,-0.017060171836483146,-0.018694907370528917,-0.007619075019517854,-0.010778693722011545,-0.012691250523253822,-0.007619075019517852,0.15612721013350844,-0.04503353673757224,-0.007619075019517854,0.041545289260906726,0.044547200021274054,-0.010778693722011547,-0.038412621727779823,0.030921619701152692,-0.11795456074543456,-0.019884360626839074,-0.013205679329741385,0.05371413629258243,0.020621512717018658,-0.007619075019517852,0.15837079205656374,-0.037785090720240125,0.0067840809524787465,0.04540367555162984,-0.0076190750195178495,-0.009370735188803431,-0.017060171836483132,-0.039186997937467466,0.030319275068301208,-0.11493739068371482,-0.015506655714445207,0.06795514732367368,-0.07853318420274276,0.036155578194489335,-0.028635829444245173,0.18343487308891893,-0.18803704978976327,-0.04069465794471619,-0.07147975836702386,-0.007619075019517851,0.08503462498675185,-0.13135705812534612,0.20289281715553315,-0.03762342224292488,-0.018694907370528882,-0.013205679329741388,-0.04560962334262543,0.2156920906474693,-0.23306167376594056,0.023822513523908073,-0.010778693722011557,0.016740580384682378,0.022432199628821276,-0.008576418758635093,-0.06221226337575139,-0.07237011199797434,0.1940572317323472,-0.009055363757080883,-0.08326217005044338,-0.06822061662642454,0.007270169946401706,0.04995122128620203,0.005965786177514865,-0.01645426417142772,-0.0003084550530801912,0.043565307236445076,-0.03251498201210768,-0.020199755307012613,-0.01077869372201155,-0.015253840604413494,-0.05423309989453701,-0.053759167967130754,-0.007619075019517854,-0.06403995423033884,0.07677598071022142,-0.03994741511699456,-0.01320567932974139,-0.007619075019517855,0.08905212133655173,-0.048213111509965094,0.12105456494048443,-0.12453296985020976,-0.017060171836483107,0.010261206937738127,-0.04493757075040801,-0.02965115408677572,-0.0076190750195178495,0.028381768080372363,0.02444565234404968,-0.003161482913858974,-0.012335099382231169,-0.00895578952347075,0.09505528229297172,0.0341581129323809,-0.06297799281033183,-0.022920149403510483,-0.07066687075756381,0.07348703328192926,-0.17679670953226556,-0.053657837519116285,-0.0024401458674294337,-0.013205679329741394,0.052208315910233595,-0.0456096233426255,-0.022920149403510497,-0.020199755307012613,0.056483393596052964,-0.04215241917734393,0.08708996571188521,-0.010778693722011547,0.015253840604413363,-0.05703403729690826,0.07034754943882307,-0.025356659895798363,-0.010778693722011545,0.017060171836483073,-0.007619075019517854,0.03358521045357706,0.05824276607683423,0.009695267876338745,-0.017060171836483094,-0.017060171836483146,0.0689479613727857,-0.013205679329741387,-0.05977115218976429,-0.0152538406044135,-0.026493311012251324,-0.012335099382231172,-0.023567011075316575,0.06605480158086681,-0.0993035061573013,-0.08940552715879727,0.0025302301508399734,0.018335917317799343,-0.020199755307012623,0.2820918866305053,0.26137120307472783,-0.24520350247366235,-0.11304613457665476,-0.013716138957572928,-0.020199755307012606,-0.007619075019517848,0.05771269229498831,-0.0043349640477742275,-0.0076190750195178495,-0.013983371495240546,0.0582427660768342,0.07831609357506523,-0.0661438036981527,-0.01706017183648313,-0.06550968833637529,0.07685751502894178,-0.044256277246542325,-0.09875980321361029,0.15270768547903515,-0.055254551493798015,-0.01706017183648313,-0.03059178804728191,0.001781713898484765,0.06432276937955023,-0.06282022249543039,-0.010778693722011543,0.012944228075322237,0.02679224804617202,0.025845016969747232,0.015250951072914506,0.03537744877210379,-0.07147387237662811,-0.004852642442659333,-0.024111526007855308,0.043220783342327304,-0.03575364205215411,-0.007867082287827723,-0.06481729101493904,-0.01525384060441348,-0.026493311012251296,-0.09626827660264581,-0.14768941832189872,-0.06024784302930456,-0.03063418215729592,-0.059192936539074065,-0.034297593404252515,-0.05592812247121714,0.7786842679657714,0.31510201975576246,0.13059355833521533,-0.04215241917734394,-0.017060171836483118,0.0009434679020858399,-0.019119861270604322,0.1744156245964857,-0.07212431541509307,-0.10292468897608378,-0.06628288619185682,-0.035996625775885915,0.18258411319037673,0.13762319442261095,0.08832153782931687,0.020636905980813167,-0.07753136902325224,-0.11154150426805552,-0.06772291461433337,-0.038614184673408006,-0.032514982012107674,-0.02535665989579837,-0.007619075019517848,-0.0042101132050842436,0.026802723090820147,-0.026580538764625464,0.010497576968348082
HouseStyle_1.5Unf,-0.05841231614838969,-0.03351050622896132,-0.04265429368461756,-0.1228512537798174,-0.10901612085470354,-0.05615984407374822,0.024625067216898142,-0.05173243217369409,-0.06777750795089724,-0.11595445499305951,-0.0899559940457458,-0.09486085541961138,-0.07131900352922003,-0.046610192689818516,-0.008628178130067932,-0.08768640584636471,-0.021239752212987704,0.05715137960311788,-0.08666795710126526,0.09681904345382823,0.006320818112728941,-0.0167255574734141,-0.016725557473414105,-0.008171388710395805,0.06024505295278344,0.020117354523987174,-0.015645020159403767,-0.03647965892978267,-0.002576037764248543,-0.025811809338467724,-0.017945589096350162,-0.005157380567343929,-0.0013731685681996517,0.01283721287598157,-0.009326469664143475,-0.0036443166665298832,-0.010357531578558602,0.19589425090242893,-0.013759016074814764,-0.03329583058138188,0.019559154558802243,-0.026681510798093836,-0.023534044900974244,0.07357351865354593,-0.010679997880442443,-0.0183364139403672,-0.003066584483303767,-0.007749388249152327,-0.02257371672773412,-0.01672555747341413,-0.02321742994958453,0.024103767496684653,-0.012987451093612766,-0.02273600290572525,0.015498726699492836,-0.024617034291185086,-0.012987451093612754,-0.01608502986055989,-0.008573181560681944,0.006855589314957294,-0.04256230591794973,-0.0073036769679153315,-0.011298601240319223,0.07270503323539387,-0.01324927058676394,-0.003644316666529885,-0.005768107913725601,-0.006320818112729153,-0.059673607802203904,-0.002576037764248539,-0.003644316666529884,-0.0025760377642485436,-0.002576037764248543,-0.003644316666529875,0.03426117357729613,-0.018909507413997113,-0.01714072447618511,-0.02863582944424517,1.0,-0.09785885990579489,-0.00730367696791531,-0.008573181560681976,-0.06515186554514749,-0.015866395779573977,-0.02123975221298771,0.052027432049338934,-0.008573181560681967,-0.048565609047383614,-0.006829612829135397,-0.0036443166665298893,0.013249270586763985,-0.0025760377642485392,-0.002576037764248538,-0.002576037764248544,-0.008573181560681951,-0.005768107913725578,-0.006320818112729169,-0.002576037764248543,-0.003644316666529883,-0.018529142324725047,-0.002576037764248544,-0.020546409124043447,-0.04166736492710447,-0.0025760377642485436,0.09607886510026291,-0.02781015460860067,-0.003644316666529888,-0.012987451093612748,-0.07263861946975166,0.0812552151098739,0.03989340814036633,-0.004464889578961374,-0.006829612829135432,-0.01298745109361277,-0.002576037764248544,-0.020370021093167826,-0.03999350882679366,-0.008171388710395796,0.09832493435918363,-0.0025760377642485405,-0.03229730898822437,-0.005768107913725606,-0.013249270586763924,-0.07144407100809536,0.10514104569196761,-0.016085029860559874,-0.0651518655451476,0.08079980114321843,-0.03050231092695685,-0.009681881051175668,-0.054820727708909826,0.06245936632542342,-0.01375901607481469,-0.009371099999648259,-0.002576037764248539,0.01518369667382151,-0.029486209732421366,-0.0594814170909152,-0.012720619795679093,-0.006320818112729167,-0.004464889578961373,0.030526858638965444,-0.08429815376847033,0.09043507355666286,-0.021239752212987704,-0.0036443166665298806,-0.02445538869191221,-0.03127955086483558,-0.028635829444245236,0.052639214207072384,-0.009761251051273585,-0.046772670495804185,0.009305082270296828,-0.031150873587264174,0.0681387702298107,-0.014963212883466368,-0.009681881051175666,-0.017747373221458057,-0.019283421353382693,0.03524250558295216,-0.08127579181360806,-0.010993437044849019,0.1966649735083688,-0.003644316666529889,-0.005157380567343932,0.059713627904927714,0.013044860594050267,0.2660679005073846,-0.017047281787556257,-0.08802382757298897,0.14299601761737585,-0.00446488957896133,-0.00257603776424854,-0.12060747194203264,0.027287810404714855,-0.023216394967487407,0.02743999468175551,-0.005768107913725591,-0.014492543209109683,-0.015193560765591056,-0.010025166110770244,-0.002576037764248541,0.026681510798093902,-0.014963212883466357,0.027635120330035047,-0.01159614462462493,-0.01714925786143848,-0.060752773579959875,-0.011298601240319239,-0.024919777007052835,-0.007749388249152313,0.08422214334839584,-0.04723475988826855,0.09043507355666303,0.060689027116779176,0.062438253309622556,0.15074317673731458,-0.11166291444768309,0.0305268586389654,-0.007749388249152317,0.1966649735083686,-0.09363313119022203,0.03529039577269965,-0.07291252596612967,-0.0036443166665298863,0.005157380567344377,-0.01928342135338269,-0.020445110701626697,-0.008573181560681955,-0.0036443166665298863,0.005768107913725889,-0.0025760377642485436,-0.005157380567343934,-0.003644316666529881,-0.007749388249152337,-0.005768107913725571,-0.0057681079137255975,-0.029711989299005367,-0.004464889578961374,0.038403447980528305,-0.005157380567343905,-0.0089574875549473,-0.011596144624624915,0.04601528412888993,-0.030108855335029543,-0.0858454508251459,0.10065064039234962,-0.01272061979567907,-0.0029192215391179773,-0.0068296128291354345,0.020117354523987264,0.12362411360013709,-0.08067325823012331,-0.04066646725327395,-0.011886640326811962,-0.006829612829135417,-0.00257603776424854,-0.052139035917489605,-0.010025166110770253,-0.0025760377642485414,0.007191942657286854,-0.003644316666529885,-0.03157695498437404,-0.002680606290436185,-0.0057681079137255915,0.109841309669571,-0.10365910007275975,-0.014963212883466432,0.039811115818662604,-0.04112591972263327,-0.03701552270652844,-0.005768107913725603,-0.07483174902426987,-0.008957487554947328,-0.011604901910683856,0.012837212875981663,-0.0036443166665298815,-0.01890950741399708,-0.027531094162935768,-0.008376893625767323,0.021160547450888103,0.029227250673317145,-0.02382947729322473,-0.004314153012970347,-0.02089546032396439,0.004305780417889113,-0.02353404490097423,0.015498726699492819,0.011207033606176846,-0.005157380567343922,0.9251805003181278,-0.0325486644234714,-0.049934344786276445,-0.020370021093167847,-0.010357531578558588,-0.020013353262804765,-0.011596144624624934,-0.01890950741399711,-0.02476875794871691,-0.020895460323964395,-0.008171388710395789,0.035290395772699636,-0.005768107913725591,0.041188773468314795,-0.019833002365618996,-0.09736523686896748,0.08524600406428046,0.04115375725444425,0.010049149083438853,-0.012170593824927632,-0.010679997880442474,0.11485520679713657,0.09640245095928103,-0.04491833870312888,-0.05306968598124044,-0.037712599828657864,-0.022897370757551928,-0.017945589096350245,-0.01099343704484901,-0.00857318156068198,-0.00257603776424854,0.06468372060327503,0.0014701370137810167,-0.00401735046741902,-0.03631176272267448
HouseStyle_1Story,0.06546822322454879,0.012716556075885461,-0.11008701966903203,0.12325508235188343,0.0060709199170363775,-0.05033130630702157,0.12110949991433856,0.3391550166292131,0.37194603134972987,-0.3916504002185988,0.053065392266653764,0.031165021036963236,-0.010042375417079539,-0.08168337050778407,0.0019085061106709669,-0.061811100535888175,-0.09512483366721099,-0.02573939145458988,0.19670390819000888,-0.15913897306860825,-0.021765053157263917,-0.07784151163621118,-0.02809018798721004,0.00045505055658605895,-0.008431867991798188,0.016096953712205184,0.053871933876746554,0.0004153306464100691,-0.026037101401181116,-0.01530694254356361,0.004879848409159157,0.0002872056367493663,0.024062766759195976,0.011145664394292997,0.02239305394089167,-0.03683464734148903,-0.10468794507581082,-0.06200898360254832,-0.02919829861117927,0.07404388473199665,-0.04745388291999893,0.01775587594666735,-0.1712616911445228,-0.04705619188717148,-0.08240795430692162,0.05806857271653689,0.17876571542110944,-0.00831932650517287,-0.008171094010332164,-0.11930094801037902,0.07790375249751857,-0.1188835980680738,-0.11015078794678537,0.10118764681101951,-0.00931028864663932,-0.03353874399502584,0.05880012514821823,0.03531131311413857,0.04008205830856651,0.004320157976107963,0.06554753926247882,0.018963748244217274,-0.01750168454672554,0.024240205268364224,-0.04069410981362752,-0.03683464734148903,0.01204559963557596,-0.04247411990797576,0.03340400616736297,-0.026037101401181102,0.00020294571538011395,-0.026037101401181116,0.026324011609458547,0.03724053877224922,-0.07996449692865412,0.02322758562435778,-0.13273619630767688,0.10881592718648089,-0.09785885990579489,1.0,-0.07382134705255612,-0.08665276601305122,-0.6585174150853249,-0.16036836164339033,-0.2146791439864028,-0.18025586976457944,-0.0866527660130514,0.20980005352309866,-0.0491983206306849,0.00020294571538010864,-0.0007378290482246617,0.026324011609458527,-0.026037101401181113,-0.026037101401181113,0.008398352228161975,0.012045599635575914,0.00035199546885062534,0.026324011609458547,0.03724053877224921,0.08388989338476163,-0.02603710140118111,-0.029664639335065277,0.02139561054962088,0.02632401160945857,-0.043643020350236164,0.038186916705702637,0.0372405387722492,-0.025675331399283526,0.011212443023252857,-0.02532469883474604,-0.00962015566723825,-0.014877080078702042,-0.029366860630464214,0.09047842135353153,-0.02603710140118111,-0.026468665385382322,-0.007590667373917902,0.00045505055658602513,-0.040334401102220876,0.026324011609458554,0.09888398340778007,0.03549436692616389,-0.04069410981362748,0.009741247916450967,-0.011869533045325707,-0.04212370930238024,-0.006787578519312063,-0.06315512377415196,0.10826055639082424,0.028652889323066283,-0.016445272878528625,-0.004284838272946402,-0.029198298611179195,-0.02557116013789326,0.026324011609458502,0.0356394415714244,0.12364273052578983,-0.03785535335161839,0.05457549976496077,-0.042474119907975824,-0.045128524249878836,-0.021530262350031734,-0.09511895429975618,0.05730903220428913,-0.015421960121082988,0.037240538772249254,0.04474657155911962,0.03969981861585629,0.01180622734868107,-0.02577220912276229,0.08807712248111096,0.01256205176458504,-0.023714250672991738,0.056483345505015055,-0.14749758100420615,0.02387460679732596,0.01459602829763727,0.055883086224155255,0.030107866794675715,-0.058062055018767926,0.045960510901430114,-0.0490444680775122,-0.029366860630464217,-0.03683464734148906,0.026494719990129617,-0.002782039999159412,-0.06951855306012307,-0.0260371014011811,0.04565989088186143,0.034655638785447765,-0.024667619414172205,0.015374364092474845,0.02632401160945856,-0.013916695248608868,0.013651561345325648,-0.034638711045606306,0.015106604777040638,0.03549436692616393,0.03406594309983522,-0.0627360650713885,0.007350742304238606,-0.026037101401181102,0.014784181227559878,0.042307671802135995,0.11743902006492841,0.024216349200417077,-0.14901528299020356,0.22165248663589318,-0.041676196787235914,-0.24611874372565845,0.009182426661329133,-0.10068351052725219,0.05486630575573331,-0.033267964633483124,-0.05276671013804215,-0.055688276829507846,-0.014877080078702087,0.07029698575481616,-0.039441477752337355,-0.025821079671674785,-0.049198320630684966,0.053866911517771544,-0.047487516541463964,0.09312504357783329,0.0002029457153801064,0.02592030871663086,0.044624869938739965,0.022899916194562747,0.008398352228161958,0.00020294571538011016,0.011403167655011854,-0.026037101401181113,-0.025920308716630876,0.0002029457153801204,-0.008319326505172819,-0.01140316765501193,-0.011403167655011927,0.0709583346456331,0.0456258082636517,-0.08909631566524945,-0.02592030871663089,0.0004988270466567671,0.024216349200417053,-0.06682092049887613,0.07756461713260784,-0.862145589758481,-0.0879092570067251,0.02225523354395916,0.0016098040337075201,-0.04919832063068512,0.09142244223726782,0.2578614290943574,-0.02147329066018701,-0.2946112398896263,-0.10863803195993293,0.01029605936997779,-0.026037101401181102,0.14694872674603704,-0.006234173852961848,0.02632401160945858,-0.02275821525042034,0.00020294571538011108,-0.06951335600011474,-0.03653836295344527,-0.011403167655011958,0.17029073088566943,-0.13688871143954393,-0.11437338073874963,0.02367589159876345,-0.03244170374630234,0.02076705241281609,-0.011403167655011896,-0.47773445136901765,-0.07536445296572798,0.03779331233131985,-0.028705772378770967,-0.03683464734148902,0.04540213336513531,0.012091708353639471,0.0041104179353671205,0.014061864173545548,-0.021016634732280354,-0.03494687521420642,-0.028046987012073577,-0.0022072070696922625,0.021435793089379745,0.016448488087353573,0.004602732258266937,0.21103310370245798,0.05270223434350986,-0.09053710896820495,-0.32898309482437177,-0.5047075072601239,-0.20588840431915273,-0.10468794507581101,-0.2022834119566233,-0.1172071301300184,0.023227585624357786,0.2473201120168551,-0.21119924048866845,-0.08259167602036564,-0.08611246035791932,0.012045599635575903,0.04824069307978053,-0.016576674187296126,0.057295204403489036,-0.008372159394329006,-0.0313017272035019,-0.0493653993550574,-0.06679010795842195,0.006979574138922044,0.11422217173642206,0.2426343296543079,0.1229815219880522,-0.10032501841588448,-0.19261292736070182,-0.15696667144611598,-0.11153483586163158,-0.09870114172048572,-0.08665276601305123,-0.026037101401181102,0.011152214743548489,-0.01743289966457748,-0.0034879876571871677,0.033654178732683976
HouseStyle_2.5Fin,0.03481688830660044,0.014516042886206849,0.014801386541661259,-0.14724360468498465,-0.012554695827041882,-0.042365048435845265,0.042096239092422855,-0.016088295131715884,0.03305993727915461,0.18829249413796897,0.024448014527829402,-0.0021636675309487457,0.027920732782606664,0.06580094206699186,-0.006508799844839613,0.03652572237598761,-0.016022536139647128,0.08130782339980061,-0.052399468230481576,0.04700326857453353,0.004768207068885214,0.04354466954417529,0.04354466954417535,-0.006164213669280105,0.017937538627656565,-0.013977745576195206,-0.011802063338397699,-0.09757607343436674,-0.0019432739968373654,-0.019471538265045756,-0.013537533157647037,-0.003890549931917397,0.004871830718308379,0.07395016679837127,-0.007035566881881258,-0.0027491467371303932,-0.007813364410791638,-0.015097383091537782,-0.010379326938188155,-0.025117225636160798,0.0364121944694725,-0.020127611035002154,-0.01775327137325841,-0.011969061467144522,-0.008056621861440863,-0.013832357933602045,-0.03168250160715107,-0.005845871083480667,-0.01702883293784895,-0.012617183401492512,-0.01751442797950682,0.0826662898544163,0.27628343533943156,-0.01715125603044223,-0.015232410094600603,-0.01857024119802396,-0.009797284941114598,-0.012133991473334152,-0.006467312330686572,0.0225425522532765,-0.024397501823713356,-0.005509641873278238,-0.008523274889703203,-0.0064673123306865764,-0.009994792532022996,-0.002749146737130396,-0.004351261567380233,-0.004768207068885242,0.007562639370979154,-0.0019432739968373656,-0.0027491467371303945,-0.001943273996837365,-0.0019432739968373654,-0.002749146737130396,0.053429038263415315,-0.014264679874110156,-0.012930371062025589,-0.021601881583092543,-0.00730367696791531,-0.07382134705255612,1.0,-0.00646731233068657,-0.04914831914207696,-0.011969061467144484,-0.01602253613964709,0.01679407827147215,-0.0064673123306865764,-0.013258212334032087,-0.005152024245730437,-0.002749146737130394,-0.06016096274083084,-0.001943273996837365,-0.0019432739968373652,-0.0019432739968373645,-0.00646731233068655,-0.00435126156738023,0.14026475794304089,-0.0019432739968373654,-0.0027491467371303937,-0.013977745576195227,-0.0019432739968373645,0.030871958979029314,-0.03143242226621461,-0.001943273996837365,-0.005329307381937975,-0.02097902097902093,-0.0027491467371303932,-0.009797284941114572,-0.03537804387318852,0.10317903769070132,-0.009994792532022984,-0.0033681586263844226,-0.005152024245730446,-0.009797284941114587,-0.0019432739968373645,0.031373150364922255,-0.03016972298465714,-0.0061642136692800845,-0.004527999093837528,-0.0019432739968373645,0.006948880308523239,-0.004351261567380237,-0.009994792532022984,-0.03437941228893725,0.07931477671993378,-0.012133991473334162,-0.049148319142076916,0.060952581786800436,-0.023009890806121223,0.08790496922098066,-0.013256343629416002,0.0006810140324688171,-0.010379326938188136,0.006185580158543358,-0.001943273996837365,-0.0006992302128473439,-0.027591754214811345,-0.028861133288006862,-0.009595996617622869,-0.004768207068885237,-0.003368158626384418,-0.011632907514392629,-0.06359161828803878,0.06025372431940672,-0.01602253613964714,-0.002749146737130395,-0.04833127465369587,-0.023596213794683376,0.01298007796878808,0.03119342504581046,-0.024930192129376076,-0.026486867342300147,0.06744615547106343,-0.023499144096809078,0.04855973736066141,-0.01128773145686561,-0.007303676967915303,-0.013388005941554117,-0.014546747647163575,0.026585730082542034,0.011111496933675412,-0.008293069551080745,-0.00515202424573045,-0.002749146737130394,-0.003890549931917396,0.0376861180435893,-0.03300413491707253,-0.001943273996837365,-0.027418989712766014,-0.018036057450606328,-0.010188739819316752,-0.0033681586263844252,-0.001943273996837365,-0.01044801748297257,0.04524642222711883,-0.022921837780586492,-0.0005084157744716532,-0.0043512615673802265,0.05342903826341529,-0.011461497950420953,-0.007562639370979119,-0.0019432739968373652,-0.016605279103876856,-0.01128773145686561,-0.01809747773864791,-0.008747731351357972,0.0064418580583253775,-0.043048306851740964,0.07334502339297229,-0.018798619855993414,-0.005845871083480674,0.03950940249645081,-0.04732811788266496,0.04166318384892203,-0.01368563508172694,-0.007303676967915309,-0.0033681586263844196,-0.027624415523362204,-0.011632907514392655,0.11269540366487767,-0.005152024245730447,-0.035200308541037534,-0.010751134472528782,-0.011569076170104673,-0.0027491467371303932,0.003890549931917758,-0.014546747647163575,-0.010668502903474006,-0.006467312330686575,-0.0027491467371303945,0.004351261567380404,-0.0019432739968373645,-0.003890549931917397,-0.0027491467371303932,-0.005845871083480669,-0.004351261567380237,-0.004351261567380229,-0.02241369944198401,-0.0033681586263844187,0.028970235951190384,-0.0038905499319173927,-0.006757219511337869,-0.008747731351357969,-0.013646455248358745,-0.022713081484723067,0.08507937109902049,-0.003709095656736397,-0.009595996617622901,0.012501286308535448,-0.005152024245730446,-0.0139777455761952,-0.042307016646914046,-0.04486898667433673,0.021891838963030662,0.22481227292655775,-0.005152024245730444,0.35270423042598065,-0.02311637030349744,-0.0075626393709791115,-0.0019432739968373658,-0.017871752261199702,-0.0027491467371303932,-0.010485432841017734,0.047183660640653255,-0.004351261567380229,-0.02915461814331766,0.014712818421862289,0.05113684402428511,-0.00046794640835324245,-0.047063281714867594,0.028386049035133445,-0.004351261567380231,0.0013189366637982698,-0.006757219511337877,-0.027624415523362134,0.028963815329362104,-0.002749146737130393,-0.014264679874110139,0.050745692630148304,-0.024268830243838913,-0.003152755135749675,-0.009469714955750075,0.018154312928631684,0.011114990297049451,0.029899306336429222,-0.018912021862112684,-0.017753271373258425,-0.015232410094600572,-0.016531896044087245,-0.0038905499319173884,-0.006757219511337881,-0.024553589269436963,-0.03766874659952397,0.03137315036492224,0.5269137624527602,-0.015097383091537785,-0.008747731351357963,-0.014264679874110156,-0.018684696289668463,-0.015762814219205383,-0.006164213669280097,0.05465160023535458,-0.004351261567380223,0.06172289512902192,-0.014961332598151647,-0.06543356451448452,-0.009350024575541838,0.02341439143744428,0.025945556013181305,0.14314132135513147,-0.008056621861440858,-0.019801569961324414,-0.03575764077152721,-0.045754296058459515,-0.04003393980435419,0.02707987669615033,-0.01727298636946607,0.09159437327939912,0.07578944117515457,0.20812986955118584,0.35270423042598065,-0.017826663165160767,0.030489123679163378,0.0032543980489197046,-0.027392340771404115
HouseStyle_2.5Unf,-0.025850754706870042,-0.011906883978342851,0.028116450281688198,-0.1665736339687143,-0.042034053606097535,-0.049728822025278514,0.023855824161326807,-0.035087824372416865,-0.02979908074956953,0.0650476697461085,-0.1378986425893815,-0.04590874542764664,-0.056369800336913745,0.10006491218848512,-0.007640141131252138,-0.02585567459562445,-0.018807528316383212,-0.009171461441647932,-0.1293767110427971,0.14129343519794393,0.005597003413494048,0.033134277476135725,-0.014810266741067626,-0.007235659955626418,0.016945649028675475,-0.016407318007103044,-0.013853464800707354,-0.04912290253900165,-0.0022810484185192647,-0.022856026292692254,-0.015890589103831496,-0.004566794380933162,0.0013057356712503775,-0.018807528316383177,-0.008258469333413765,-0.0032269956924316835,-0.009171461441647943,0.022832490132357715,-0.012183432360120225,-0.029483031167092368,0.02656370030409937,-0.023626135786658713,-0.020839095081507268,0.0363491721094622,-0.009457001218333832,-0.01623665949330154,-0.03718946494593287,-0.006861983956736443,-0.0199887367943616,-0.014810266741067613,-0.020558736600676693,0.21189569262683483,-0.01150022145980603,-0.02013243912465816,-0.017880064784005646,-0.021798068303910473,-0.011500221459806014,-0.01424308775068304,-0.007591442374051075,0.013485190581134955,-0.03439740563537387,-0.006467312330686561,0.05988499029306567,-0.007591442374051082,-0.011732059264778648,-0.003226995692431685,-0.0051075856173600715,-0.005597003413494102,-0.06967222499504007,0.3004762871304015,-0.0032269956924316835,-0.0022810484185192647,-0.0022810484185192647,-0.003226995692431685,0.09705632558366015,-0.016744126417827968,-0.015177891800077009,-0.025356659895798384,-0.008573181560681976,-0.08665276601305122,-0.00646731233068657,1.0,-0.05769114177124314,-0.014049490074597427,-0.018807528316383174,-0.011435349853195243,-0.0075914423740510726,0.016868154079757572,-0.006047534612732167,-0.0032269956924316865,0.011732059264778653,-0.0022810484185192634,-0.0022810484185192634,-0.0022810484185192643,-0.0075914423740510596,-0.005107585617360072,-0.005597003413494102,-0.002281048418519265,-0.003226995692431684,-0.016407318007103034,-0.0022810484185192643,-0.018193581898952097,-0.03689591751717306,-0.0022810484185192647,0.05186488123549663,-0.024625535412998834,-0.003226995692431685,-0.011500221459806002,-0.06432056640025023,0.07845132761647322,-0.011732059264778664,-0.003953602487626554,-0.006047534612732179,-0.011500221459806025,-0.0022810484185192643,-0.018037392558695253,-0.03541373939718084,-0.007235659955626414,0.053472555464939495,-0.002281048418519263,-0.028598853096203823,-0.005107585617360066,-0.011732059264778638,-0.06326280905013588,0.03514115975054794,0.08525408026844238,-0.05769114177124318,0.0715471881555176,-0.02700940532267953,0.07270503323539362,-0.061736062709116704,0.035486029226723295,-0.012183432360120186,-0.0026402692028986655,-0.0022810484185192634,-0.015951095786228536,-0.028392575141879407,-0.06178146897602929,-0.01126394576594381,-0.005597003413494105,-0.003953602487626555,-0.01365490678703658,-0.04258209123647396,0.06080781363975623,-0.01880752831638322,-0.0032269956924316843,-0.0344102596376928,-0.02769764132438487,0.03368755612950566,0.026013591114945105,-0.029263488022092936,-0.05518441350255746,-0.020132439124658126,0.08252484729565569,0.05912300640958349,-0.013249733197818515,-0.008573181560681943,-0.01571507148750491,-0.01707522241802447,0.031206786926938058,-0.14925188804514639,0.1338254470410243,-0.006047534612732178,0.21092817298712568,-0.004566794380933158,0.07172446429230248,0.025267023475949578,-0.002281048418519262,-0.003909143158739738,-0.20181219651803867,0.046832161433717816,-0.003953602487626554,-0.002281048418519263,-0.05826641552448869,0.034689559694576266,-0.039025389680723145,0.039008179875865155,-0.0051075856173600715,-0.01283296123459794,-0.013453703294655643,-0.008877156080449112,-0.002281048418519264,0.023626135786658776,-0.013249733197818516,0.03470017842151762,-0.010268237416402015,-0.02621430216816789,-0.10247338364806614,-0.010004766563749589,-0.022066143098011845,-0.006861983956736456,0.12713368809583103,-0.055554558247290456,0.0925487531871442,0.07277675261637402,0.0727050332353936,-0.003953602487626556,-0.09350637708706326,0.03812733713263463,-0.006861983956736433,0.10862000479751417,-0.06778649732596784,0.04321348203350856,-0.11812113911083955,-0.003226995692431685,0.0045667943809330775,-0.01707522241802445,0.026544207482706708,-0.007591442374051073,-0.0032269956924316848,0.00510758561736019,-0.0022810484185192643,-0.004566794380933162,-0.0032269956924316835,-0.006861983956736458,-0.005107585617360081,0.13047559622528918,-0.026309585652106466,-0.003953602487626556,0.010619792499776508,-0.004566794380933159,-0.007931740405629885,-0.010268237416402029,0.04074594423523057,-0.026661005439657937,0.09986762814192932,0.10045559755333552,-0.01126394576594383,0.03297939230993673,-0.006047534612732175,-0.01640731800710306,-0.012837632293964223,-0.016839795633216584,0.031306712516660014,0.055999133011804994,-0.006047534612732169,-0.002281048418519263,-0.07154718815551775,-0.008877156080449115,-0.002281048418519264,0.013826521125966171,-0.003226995692431683,0.01757503315397361,0.033331695097398396,-0.0051075856173600715,0.0016374254491279415,-0.01247319452762943,0.040041204732801455,0.022233499539727135,-0.003326219341743378,-0.032776770861905995,-0.005107585617360069,-0.0005066805357411601,-0.00793174040562989,-0.09350637708706311,0.05800083907360127,0.2109281729871256,-0.016744126417827954,0.006146877104529707,-0.0016713942467277282,-0.03511417052390021,-0.018963365391455603,0.02670754979977789,0.0023133614805875917,-0.018502662262063187,0.01090688691609625,0.04918410127982899,-0.017880064784005625,-0.019405423727103063,-0.004566794380933159,-0.007931740405629866,-0.028821425112038987,-0.04421622220967654,-0.018037392558695235,0.6755615120995685,-0.017721567766963722,-0.010268237416402017,-0.016744126417827965,-0.02193241765773907,-0.018502662262063214,-0.007235659955626415,0.09904683050158154,-0.005107585617360079,-0.011500221459806025,0.023331797729458762,-0.05086204251441425,0.04404443897355456,0.010384660825189651,-0.019844203178930684,0.05424078541393982,-0.009457001218333844,-0.0232434231703755,-0.04197293334064942,-0.01824246564156827,-0.009076478620032847,-0.009691897014856845,0.12324941984105728,0.028984188636195524,0.06204544973026185,-0.007591442374051069,-0.002281048418519263,0.028839569406427713,0.01384246745919697,-0.010264022075591184,-0.03215360041756446
HouseStyle_2Story,0.004536010240493711,-0.01271878784334192,0.27961587274712235,0.18721316223717566,0.2130975708677094,0.1695562635779617,-0.0335474270063988,-0.17880959581143027,-0.26981275817325756,0.46883599327743425,0.15875057295939757,0.13794589108022692,0.07257313967334342,0.1858810960270537,-0.02361923587540985,0.24288002726854338,0.19614579293933387,0.01605414693368174,-0.09404892146429861,-0.0018587085012993557,0.04253440934040975,0.07658620875477913,0.06757969528059654,0.035216633063836746,-0.07082547882001056,0.0225838229816655,-0.04771087144245802,0.04135877377944534,-0.017334820079736777,0.02636764981209162,0.00568726145338718,0.02222701494785647,-0.02534622095688757,-0.013069797766079841,-0.031081763957038933,0.055935722423857824,0.15897521109938548,-0.08896585423210462,-0.005796035694998349,0.03568115964166288,0.036107189866900875,-0.09707628370041908,0.23625482031575168,-0.05943142322821474,0.03909301685011559,-0.09860483558083978,-0.19195661393313784,0.042902977279802926,0.046083339291076754,0.18466437044497047,0.01684786847479084,-0.013596386072252673,-0.007109508826277287,-0.11907980219573382,0.05302172619238362,0.14401150275887337,-0.0071095088262773005,-0.02413163384745507,-0.04048397793344639,-0.0564745530364533,0.008477205985989637,0.011320680251826705,0.0421296428764444,-0.040483977933446505,0.07960237862951684,0.055935722423857866,0.012124261062967438,0.027241138566329905,-0.006316659075382046,-0.01733482007973679,0.015706089547585667,-0.01733482007973678,-0.017334820079736777,-0.02452354332868648,0.01601246591979744,-0.05499003222238023,0.1750810736941537,-0.026323598152770217,-0.06515186554514749,-0.6585174150853249,-0.04914831914207696,-0.05769114177124314,1.0,-0.10676905438653128,-0.14292775061771612,0.08724594643304441,0.06275900509333396,-0.10561573309129761,0.061744831325366775,-0.024523543328686444,0.021653696413256745,-0.017334820079736794,-0.017334820079736784,0.03953897164254567,-0.023276814095649752,-0.01334540965923761,-0.019275893371496634,-0.017334820079736777,-0.024523543328686455,-0.09196043055313441,-0.017334820079736777,0.04021289436054376,0.017966102531066473,-0.01733482007973678,-0.0542984817907083,-0.05069880630602322,-0.02452354332868644,0.027298942730733227,0.17136665110054866,-0.11022232698289895,-0.04415504642276204,0.0028132387002770243,0.06174483132536685,-0.06445692808796159,-0.017334820079736777,0.03532122592337491,0.020933529553618782,-0.0008649699349012479,-0.05984909147447685,-0.01733482007973679,-0.09179809522496482,-0.0388150803814427,0.034599678610506314,0.17020145227099426,-0.12649380383325404,0.013249995242501873,0.08845962251618994,-0.07821493390388315,-7.207088778182216e-05,-0.04988353108352383,0.21846455820880495,-0.21201877233608582,-0.03834300536691215,-0.057037904146495434,-0.017334820079736798,0.06936704220457272,-0.222864829288759,0.2659777649811926,-0.050494570445109584,0.05049965453524308,0.002813238700277006,0.0032313742333776384,0.23681892590440498,-0.2506955880983574,0.04464484794575849,-0.024523543328686483,-0.021597929535753107,-0.061032028605834704,0.012497061749294968,0.07949929644210983,-0.07448943947575747,0.06779511489976459,-0.03767995301628585,-0.09068813518983844,0.11695278949329307,-0.060647912092564545,-0.01934686216027654,-0.05128285887584893,-0.05092243070547182,0.09185094925953674,0.048306697846385104,-0.020041389313308313,-0.045958219732023416,0.015706089547585702,-0.03470533912910918,-0.02424801839104154,-0.017857633281283036,-0.017334820079736798,-0.12568910927942126,0.029894918963254632,-0.057755192737819074,0.00281323870027702,-0.017334820079736805,0.11752303635611168,-0.035869349175355524,0.18938830236034676,-0.1964847317280459,-0.038815080381442754,-0.056238042557169424,-0.023313466136346765,-0.03795048772489467,0.039538971642545696,0.05584105429816295,-0.030615367721119377,-0.15849455209207408,-0.014028483063184428,0.18345543794831706,-0.04639780958256328,-0.04977322803012152,0.26369886843891166,-0.014127384020815217,-0.07738750652202848,0.06688350764551326,-0.1910693669329909,-0.013602726415063068,0.011189806762970763,0.0028132387002770265,0.012187466646603836,0.012958810069936948,-0.014127384020815228,0.01866361090241081,-0.006729285394271677,-0.0015086122227012454,0.01936932356793245,0.015706089547585695,-0.050693191986339384,-0.082458697441416,0.046939442315337795,-0.040483977933446436,0.01570608954758568,-0.012124261062967418,0.03953897164254568,-0.006239162090626369,0.015706089547585678,-0.05214762488789397,0.01212426106296753,-0.013345409659237603,0.047397730605820615,-0.03004538931895857,0.008018944816022968,-0.034705339129109135,-0.02731664982385024,-0.026829473858340204,0.01883016622820657,0.04201544163544862,0.7589437170975079,-0.048518399195361106,-0.027090737794360473,-0.03497086064926317,0.04020422111388884,-0.12468736013450607,-0.25980200972238127,0.056670781945805285,0.29117989067840994,0.044980020539472164,0.018663610902410793,-0.017334820079736787,-0.10988325464498794,-0.0379504877248947,-0.017334820079736787,-0.028660410778018144,-0.024523543328686434,0.13737185520099712,0.010763640441660092,0.0121242610629675,-0.3476436872999704,0.3215875953420325,0.10953650601229167,-0.186494098255702,0.12858536730377176,0.10308912968517378,0.012124261062967483,0.6297725008590134,0.05508481452082191,-0.0019345185153339661,0.001358863661879787,0.015706089547585674,0.0172668701178274,-0.013235934503880449,-0.02002890669364329,-0.017931098860618843,0.015280548498581724,0.05547686032015282,0.009759439479830935,0.01316581666889827,-0.050540668872197964,0.012635995251895916,-0.01498271325787702,-0.1474714548579169,-0.0347053391291092,-0.06027723556171899,-0.20405728960410546,0.7627428800730062,0.30515896350078486,-0.05540638514917005,-0.13467499693434687,-0.0780334370389633,-0.05499003222238023,-0.16667533706160892,0.32071929405436195,-0.05498737443300819,0.01946828154057275,-0.013345409659237658,-0.0644569280879617,-0.06432348673151123,0.1582534011831625,-0.06618015717301545,-0.09200966973488443,-0.013367319612608416,0.028024701597058485,-0.071868450175243,-0.10494358151911952,-0.25047376412592337,-0.1749725216411614,0.09872896389755055,0.2538082718874489,0.19641741132642665,0.1405648528758482,0.10131522615990415,0.06275900509333403,-0.017334820079736787,-0.004549216001703068,-0.0024095863681608994,-0.0036001323199121777,-0.01071536806243544
HouseStyle_SFoyer,-0.07583401748440802,-0.045961025793851105,-0.09039046361911636,0.03249040183256971,-0.01943412636072544,-0.033802859827450044,-0.17941747820638393,-0.06926254917009725,-0.09505679202934479,-0.1664019197991035,0.033095766231572316,-0.03803369256937991,-0.023305873925268856,-0.0716177435321663,-0.005352304090807663,-0.09308987468225177,-0.03480711166456891,0.024887015894025463,-0.023143436674260397,0.04249698367815738,-0.05776429857910762,-0.027409375626957833,-0.02740937562695788,-0.01339104319321696,0.014093872279215915,-0.03036504001920617,-0.025638621308859244,0.03996490745359014,-0.004221538613690468,0.06424004083309627,-0.029408729315645196,-0.008451770976614712,-0.0064126239155639225,-0.0348071116645689,-0.015283957542477874,-0.005972204189622776,-0.016973632959980518,-0.03279732337813943,-0.022547890583103383,-0.01150273917642709,-0.0306780678397546,0.04254315896446647,-0.03856693433016094,-0.026001405481377395,0.22624710081212823,0.09094317270599517,0.0035963438388476863,-0.012699480644383658,-0.01699686436775953,-0.027409375626957878,-0.03804807460631951,-0.01408603473182888,-0.02128347147934638,0.08194830291419732,0.03330287071333335,-0.0403417070421309,-0.021283471479346325,-0.026359696896185066,-0.014049490074597423,0.018034089700784933,0.013543191390197856,-0.011969061467144505,-0.018515831591705164,0.036349172109462244,-0.021712533939335876,-0.005972204189622781,-0.009452613864466941,-0.010358379874444181,0.016428961730544766,-0.004221538613690469,-0.005972204189622777,-0.004221538613690467,-0.004221538613690468,-0.005972204189622781,-0.02374997432760126,0.18064738920113657,0.07501779004718262,0.01804565217425552,-0.015866395779573977,-0.16036836164339033,-0.011969061467144484,-0.014049490074597427,-0.10676905438653128,1.0,-0.03480711166456892,0.05362137974621698,-0.014049490074597423,-0.057626437298077496,-0.011192178420242,-0.005972204189622777,-0.01123996039687055,-0.004221538613690467,-0.004221538613690465,-0.004221538613690465,0.03634917210946209,-0.00945261386446693,-0.010358379874444193,-0.004221538613690468,-0.0059722041896227785,-0.030365040019206153,-0.004221538613690466,0.11879540128453232,0.04095003580825561,-0.004221538613690467,-0.00700896338128463,0.07098491201373708,-0.005972204189622778,-0.02128347147934632,-0.06431370364568194,-0.052836738716844446,0.04419245473307661,-0.007316936119897284,-0.011192178420241995,-0.021283471479346373,-0.004221538613690466,0.12029484915103499,0.04690247728253886,0.03944928940704456,-0.005215779885604583,-0.0042215386136904695,0.05002666200225798,-0.00945261386446694,-0.021712533939335893,-0.06208131839927506,-0.050927921854948655,0.0010123923416742752,-0.00262626583823536,0.016895429800273302,-0.019167057021489034,-0.015866395779573935,-0.09577777935068747,0.09914911867331097,-0.02254789058310339,0.06246602760497335,-0.004221538613690468,-0.04647309696489166,0.11371297677252698,-0.08243691497935922,0.013427954961207989,-0.01035837987444418,-0.007316936119897282,-0.025271149792269132,0.10883198816822032,-0.07321777463465094,0.007453497924013737,-0.0059722041896227915,0.013728533515564252,0.09968725878177703,-0.04692759609803314,-0.2157290399832255,-0.010839505419779004,0.11961593819417274,0.0024766840136805058,-0.051049180071778784,-0.10123778846467409,-0.024521294621179895,0.07357351865354557,0.045761857038968984,0.014582704273945205,-0.03834623479882194,0.024138445447092847,-0.018015737046286426,-0.011192178420242,-0.005972204189622775,-0.008451770976614714,-0.030049202135223052,0.02221606813764404,-0.004221538613690474,0.06848600258909125,0.04253964770551172,-0.022133862050381294,-0.007316936119897271,-0.00422153861369047,0.0493415497144025,-0.026713677369508623,-0.06090865561719103,0.0729848774102547,-0.00945261386446694,-0.023749974327601307,0.03289489360778567,-0.016428961730544946,-0.004221538613690469,0.009217684442301076,-0.024521294621179898,0.018552617439992387,0.01848983094973792,-0.020518513594882656,-0.037502204390393444,0.0583920322031442,-0.022526028460936886,0.04297992398264384,0.03152248504548859,-0.025904555303469527,0.04903114821555862,-0.005289879795908911,-0.015866395779573942,-0.007316936119897277,0.014958447865328472,-0.025271149792269153,0.04297992398264391,-0.011192178420242012,0.00799557000849953,-0.023355599565796786,0.0482543684339476,-0.005972204189622778,0.008451770976614426,-0.03160113138757322,0.017859885182619495,0.03634917210946215,-0.005972204189622778,0.009452613864467078,-0.004221538613690465,-0.00845177097661471,-0.005972204189622784,0.042979923982643733,-0.009452613864466938,-0.009452613864466951,-0.03294259056715068,-0.0073169361198972835,0.03720018315485479,0.07492380757647626,0.1301298333857856,0.01848983094973789,-0.015448875646433179,-0.0337656226694236,-0.13188365692713983,-0.028318965074821484,-0.020846195813903283,-0.03125800871829437,-0.011192178420242007,0.16134505048043085,0.06004561097482394,-0.0909017073354506,-0.04195105494284348,-0.01947949359404093,-0.011192178420242014,-0.004221538613690469,0.1252793685190298,0.1564451581007749,-0.004221538613690469,-0.019674486685737017,0.11185777036239423,-0.10937232541811163,0.017563695215033974,-0.00945261386446693,0.09231480734082234,-0.1175054944107426,0.004799827530271911,-0.0235800614737712,0.018614184296899577,-0.06066000296277901,0.06514639284970468,-0.12263217660091369,0.08186012892865997,-0.06776630169292724,0.049714107512596306,-0.005972204189622777,-0.030988371685359006,-0.028321905652961648,0.03580435760942173,0.023005053008826694,0.006774479862032543,-0.011049516991222438,-0.017194004375912945,-0.03424289574970006,-0.022868907726820265,-0.019303258612735366,0.055434045607036936,-0.035913637305502365,-0.008451770976614701,-0.014679279985591669,-0.05333984058569116,-0.08183100713435879,-0.0333818206394122,-0.016973632959980545,-0.032797323378139315,0.7308619289299167,0.18064738920113657,-0.022180311059362114,-0.03424289574969996,0.3564912850086146,-0.023355599565796734,-0.009452613864466945,-0.021283471479346346,0.012498309607479306,-0.024651346389160507,0.007077354669155976,0.022640109032316263,0.003529195135662682,0.015828451231924306,0.22624710081212832,0.09697618475051635,0.03378192869239031,0.007925478945131355,-0.07653825233922086,-0.04876124403354249,-0.037523570557277806,-0.029408729315645223,-0.01801573704628646,-0.014049490074597427,-0.004221538613690469,0.00690866144049532,-0.029024057320032354,0.004486742724032994,0.02099966197818532
HouseStyle_SLvl,0.02669314644717889,0.0004523709259922312,-0.02751675232194427,0.023713184294958677,-0.03399597908869128,0.032688705517031125,-0.11676225041253953,-0.07988790451835087,0.013149922732327056,-0.058187771803880725,-0.037642459003758524,0.0068411225017790045,0.03644649052220051,-0.04331636769407126,-0.010892974567166378,-0.03864543349361012,-0.04659498207885314,-0.02272196932641174,0.08745351246523714,-0.06248127237182372,0.013866376769980133,-0.03669190878112091,-0.0366919087811209,-0.017926090036371304,-0.04260451944487573,-0.04064854645663652,0.029921278072799366,0.028890701154756414,0.12128379551779031,0.03808980622546387,0.0547033474156861,-0.011314070555035534,-0.03578680834592032,0.001709401709401672,0.014891052402392751,-0.007994766985218935,-0.022721969326411684,-0.04390455346498449,0.042456643638123334,-0.040229925305111665,-0.041067585124055964,0.020351442762869862,0.051125408392636525,-0.03480711166456897,0.007527087154994472,0.05197141131729802,0.10101839039657964,-0.017000321047555864,0.05714005851464972,-0.036691908781120906,-0.050933538280941285,-0.06252086793366836,-0.02849138939515641,0.025820110108845835,-0.027433091900187,-0.05400393847019035,-0.028491389395156295,0.04814426071589699,0.058000839073601304,-0.00879376480693824,0.037707765982937916,-0.016022536139647135,0.004515750566715314,-0.01880752831638317,-0.02906575930629933,-0.007994766985218943,-0.012653861597527934,-0.01386637676998003,0.021992838267822435,-0.005651216278606717,-0.007994766985218936,-0.005651216278606715,-0.005651216278606716,-0.007994766985218942,-0.008756937290519344,-0.0235642948020764,-0.017960496190912813,-0.03806515506133367,-0.02123975221298771,-0.2146791439864028,-0.01602253613964709,-0.018807528316383174,-0.14292775061771612,-0.03480711166456892,1.0,-0.022485891720044296,0.019596655378609062,0.0022351350033535796,0.03309332866249825,-0.007994766985218938,-0.09648456195759746,-0.005651216278606717,0.12128379551779035,-0.005651216278606714,0.058000839073601165,0.044191178194443584,0.03804364908686823,-0.005651216278606716,-0.007994766985218938,-0.004127390870981578,-0.005651216278606714,-0.028476733658409553,0.10281060815401644,-0.0056512162786067155,-0.025941447049843604,0.09125260967106721,-0.007994766985218936,-0.028491389395156302,-0.0620508499384778,-0.03025205145875197,-0.029065759306299344,0.06354133573890551,-0.014982551782524103,-0.002892971846277407,-0.005651216278606714,-0.027958019353433793,0.14074972747950087,0.022338666045324185,-0.042510065048724045,-0.005651216278606719,0.041221958928750094,-0.012653861597527948,-0.029065759306299354,-0.058941707288025884,-0.026930223359192703,-0.03528674301728944,0.14564547794147564,-0.10036136715989726,-0.05517257279334051,-0.021239752212987715,-0.07551008030336107,0.09351475420498248,-0.005970465511611099,0.02767419341037321,-0.005651216278606717,-0.02106419335428688,0.12578550590214913,-0.0722317559491764,-0.027906024772225684,-0.01386637676998001,-0.009794909461728521,-0.03382954561212292,0.009990004145157726,0.029669120212945065,0.0178108629721533,-0.007994766985218947,0.012307355700857538,0.12691927922517524,-0.06282022249543039,-0.1928738353239019,-0.039490236043849686,0.039601255048374945,-0.019598396829605867,-0.033714286374582986,-0.06259202847576374,0.03420304634382764,-0.021239752212987698,-0.0009114873323769087,0.0632741006531031,-0.07960660349039807,0.03231323655514811,-0.02411699519622987,-0.014982551782524113,-0.007994766985218936,-0.01131407055503553,-0.021786314586230624,0.056092421962902726,-0.005651216278606718,0.05066784574752413,0.056946239652993315,-0.004980503579621479,-0.009794909461728495,-0.005651216278606718,0.04231373017828518,-0.03576060347344332,-0.054802654002386354,0.08154600873678886,-0.012653861597527929,0.01427933017643243,0.032727793814864486,-0.02199283826782255,-0.005651216278606717,-0.02035144276286988,0.05654597594650706,-0.09484804769450612,0.00313097757189488,0.08953839442946128,-0.016300381775748923,0.18032897263083275,0.11277681712256192,-0.01700032104755583,-0.0844913589641707,0.06748754032455202,-0.05017772865507288,-0.03979906275841509,0.04691417796495094,-0.00979490946172851,0.01619098993983915,-0.012119155900606691,0.06785598230092811,-0.014982551782524122,-0.011370585946439806,-0.03126526997403607,0.0645963231328638,-0.007994766985218936,0.011314070555035366,0.0984665528258765,-0.14865876442833353,0.019596655378609062,-0.007994766985218938,0.012653861597527809,-0.005651216278606714,0.05221878717708699,-0.007994766985218942,0.025427830626686087,-0.012653861597527908,-0.012653861597527934,-0.06518106214382653,-0.009794909461728521,0.045028557878617995,-0.011314070555035508,0.017131296299680323,-0.025439192771645875,0.023058272350946457,-0.06605169216110812,-0.06765726117102706,-0.030976285518172587,0.024328329288606978,0.01026094641369982,0.08116920910752068,-0.02238796866380904,-0.06127838956751901,0.0948385763135171,-0.051581566311834255,0.0018148460010337512,-0.0149825517825241,-0.005651216278606719,0.06650563794237184,-0.02199283826782254,-0.005651216278606718,0.1231352478849422,-0.007994766985218936,0.040504222568587586,-0.0014776929598151857,0.044191178194443605,0.047186275105326275,-0.054482087614839615,0.011860116741148266,0.01201194539769639,0.0623882728118631,-0.07112620780964993,-0.012653861597527936,-0.040102536585509066,-0.019650604579045054,0.04770945035605953,-0.046594982078853146,-0.007994766985218936,-0.023564294802076436,0.01639213641522563,-0.04809021364650085,0.03752687004210502,-0.011087629179363307,-0.02188657271838803,0.018822778349226032,-0.02949635555064213,0.05604363508311501,-0.007590891511591067,0.023159304951526294,-0.04807624668092476,-0.011314070555035534,-0.019650604579045054,-0.07140405501411033,-0.1013149216464794,-0.04468699814688174,-0.022721969326411726,0.9422592628254366,-0.025439192771645844,-0.02356429480207641,-0.054336784213056995,-0.045839687278891726,0.10286817820871523,-0.007856401172962935,-0.01265386159752793,-0.028491389395156354,-0.02636369628646472,-0.043855006993233435,0.05080014208317896,0.03702457088091507,-0.0031514940485565454,0.0005601272341330033,0.00752708715499449,-0.04425029845298826,-0.010558624012987105,0.09741264316263636,0.0028037171326088348,-0.04298278660282035,-0.03518774268665604,-0.03936836898820277,0.005977716758039893,-0.018807528316383177,-0.005651216278606719,-0.0051446848355638395,0.011988208355034335,-0.008250739399482104,-0.008088492998989328
RoofStyle_Gable,-0.17546293568654792,-0.11187345890468359,-0.1598379566148779,-0.03264106402834297,-0.019582349445314725,-0.23410869063593423,-0.027912150875368438,-0.25470249552395796,-0.3141313973145444,-0.15684245290628251,0.035329874510278754,-0.13527658677951537,-0.08323647453608977,-0.02363353045775643,-0.06644455102340431,-0.224744116213091,0.08198956111874188,0.023816113006324094,-0.1157075712725592,0.08665100972520613,0.017852621133488015,0.02967986452262572,-0.010452205125935221,-0.01638041107984931,0.021005616214456794,-0.04625785449917422,-0.03349975316196421,0.03528668208867709,0.013842829614158222,-0.05714525260229284,-0.02564413544472703,-0.03570696734026595,0.036401921933630906,-0.022485891720044428,-0.05574929107801656,0.01958342978311354,0.05565816885727021,0.07359971656381338,-0.04691817957854446,0.09703265643344315,-0.034818237151959745,-0.027237359702510216,0.08250488830205323,0.021981659513369018,0.05739100295436189,0.015702688550357027,-0.07271413460767409,0.04164281387321532,-0.05361720221602228,-0.06061729218663618,-0.1273740516614783,0.02908969344279642,0.05701384115780404,-0.051621869090656865,0.06642123393743174,0.06892440442239527,-0.05797646932777453,-0.08013260615011933,0.007732974814617699,-0.03839142754401915,0.0014528281373172535,-0.02811316399290399,-0.07091285287546198,0.04606962415024346,0.04613157143017013,0.019583429783113546,-0.02574905030471072,0.008056749497617843,0.011877765389852331,0.013842829614158128,-0.07004606076029016,-0.04951306767948118,0.013842829614158229,0.01958342978311353,-0.014104589819276283,0.03900873722829919,0.07250129847597492,0.03032240782044031,0.052027432049338934,-0.18025586976457944,0.01679407827147215,-0.011435349853195243,0.08724594643304441,0.05362137974621698,-0.022485891720044296,1.0,-0.16478194719569803,-0.9334615823692307,-0.13126945843989973,-0.0700460607602902,0.16692864496298668,-0.04951306767948115,-0.04951306767948113,0.013842829614158298,-0.1456136225278854,-0.11086666565160336,0.008056749497617796,-0.04951306767948118,-0.02523131548858843,-0.0827147870599267,0.01384282961415829,-0.0055661777235528,-0.020747284043111255,0.013842829614158284,0.018850639942832537,0.0037824926923067563,-0.025231315488588316,-0.03242306699764599,0.06425831057525597,-0.03804533652292614,0.00853270971373075,-0.08581798876268182,0.012704556325784678,-0.10908327398803161,0.01384282961415829,-0.00743473589329346,-0.036930244496039585,-0.036477386018152196,0.02698269436432906,0.013842829614158137,-0.027823784662248875,0.002623488144253576,-0.02906615200270859,0.059688152680729606,-0.004642195796815111,0.03438329123116876,-0.14320666797554008,0.19103645532995073,-0.08224401516346806,-0.050023688584832415,0.040846214708753374,0.06133044984524933,0.0014237697402098208,0.010497700604741145,0.013842829614158208,-0.004517714758275295,-0.08184814041822604,0.017901628887381123,0.016214174386988356,0.00805674949761788,0.023992934632160866,0.02868599247601014,0.1644808650415973,-0.04355192470031702,-0.022485891720044494,0.019583429783113577,0.0219777755186119,-0.1189653475245242,0.005610872560689878,0.05866484277608269,-0.014624812852194862,-0.028124207859952677,0.0012732083212654143,-0.045740024217390866,0.07120314603345325,0.02464857662069151,-0.03301516847913727,0.028947324419439136,-0.08081233211107172,0.035141266852151125,9.304734583244325e-05,-0.031050041785145085,0.036700225453398856,0.019583429783113702,0.02771416686507265,0.00649918582714506,0.05651060119660892,0.013842829614158218,-0.012689578764226838,-0.005086229892399642,0.01106423993299569,0.02399293463216071,0.013842829614158196,-0.0314664681037416,0.01563799436621454,0.0812812144040676,0.011909530911117322,-0.025749050304710797,-0.060096105477887664,0.03768369327869031,-0.028315241663960634,-0.04951306767948116,0.04036163203441282,-0.008806882195121631,0.025427947049264165,0.03379416274249462,-0.018625870238134046,-0.049436955441597305,-0.012411502290252377,-0.026274676408609123,-0.0007107272308559978,0.06968889683672361,0.0336543781890709,0.07600773069760752,0.05101111422507908,-0.016006648373441918,0.023992934632160755,-0.03820819215032647,-0.01465843082538681,-0.04306426833492717,0.012704556325784617,0.03030668386600177,0.029849840989469727,-0.00735764477462678,-0.02523131548858825,0.03570696734026632,-0.01933384214716267,0.01133749205038488,-0.030603674521008078,-0.025231315488588514,0.05412158875367516,0.0138428296141583,-0.003996400237596666,0.01958342978311355,-0.0007107272308560104,0.03099602659321776,0.030996026593217808,-0.05596698471199105,0.023992934632160862,0.038322609852734744,-0.035706967340266065,-0.02529967304459615,0.01953419811704887,0.02053843703451946,-0.05739435091262773,0.15013116728939285,0.049539862967309944,-0.03592832474297431,-0.09594744949299928,-0.05928245105705744,0.008427544341954677,-0.003003113786687531,0.018888713274955452,-0.03972933074084491,0.022111720727724472,0.03670022545339871,-0.04951306767948116,-0.10316635252454023,-0.011877765389852279,0.013842829614158147,-0.018357989547181534,-0.02523131548858846,-0.09331569809526627,-0.07921257000865034,-0.025749050304710717,-0.013272073584663377,0.035860384962628195,-0.08686961943201905,0.021450248608155642,0.07367187546696378,-0.1783158444943082,0.002623488144253577,0.051235796363809476,-0.00694106338002829,-0.014610916118398928,0.025733548051703217,-0.02523131548858849,0.012177978896020496,-0.011751832148301026,-0.01230312839481193,0.03620345036463922,0.005600054564127645,-0.01749703564707345,0.01590968822116259,0.022555481776043548,-0.038478258325275926,-0.020067942845320267,-0.0009166718336994622,0.04746202952370289,-0.003996400237596675,0.04813476561367468,0.1248744312800106,0.05474888575570554,-0.024134296515152562,0.03973714093179706,-0.01126490686310772,0.03379416274249458,0.0390087372282992,-0.006939616523962668,0.09597114452987376,0.043910513735058616,-0.016885566886804638,-0.025749050304710766,-0.019646365832581735,0.012443586385213522,0.014643737620313475,-0.008507879843480828,-0.010538838802849929,0.013254944834700685,-0.0162337630813121,0.057391002954362044,0.04787859601100842,0.008841452359225224,0.03278146426268065,0.003507993880491011,-0.0007032296551522868,-0.04214589450796541,-0.0632066513707883,-0.12117541157900547,-0.03060367452100799,-0.04951306767948116,-0.016328067566127386,0.018051348430675834,-0.028094696842960815,0.011412332954425267
RoofStyle_Gambrel,-0.03577449263922847,-0.009455507835920869,-0.04063445117472182,-0.12512343393667233,-0.010563190477457508,-0.04613382487670346,0.004991447379827486,-0.05686956835143534,-0.06175242269965867,0.012604212248915406,-0.14494186167102774,-0.07500053034810601,-0.03987020697109045,-0.036865002864354283,-0.0076401411312521355,-0.035121434493649226,-0.018807528316383198,0.0669099800629316,-0.051811780081916954,0.030170608550131994,0.005597003413493962,0.12902336591054273,-0.014810266741067645,-0.0072356599556264315,0.049823586014544174,-0.016407318007103065,-0.013853464800707323,0.0032079531391758748,-0.002281048418519269,-0.022856026292692243,0.07385896637622257,-0.004566794380933171,0.0013057356712503222,0.019596655378608965,-0.008258469333413768,-0.0032269956924316895,-0.009171461441647951,0.0633865480316792,-0.012183432360120221,-0.029483031167092333,0.06970385875124643,0.0390905155742898,-0.02083909508150725,0.03634917210946209,-0.009457001218333835,-0.016236659493301532,-0.015251437139443186,-0.00686198395673645,-0.019988736794361594,-0.014810266741067635,-0.020558736600676634,0.06368849169017744,-0.011500221459806044,-0.02013243912465814,-0.017880064784005643,-0.02179806830391046,-0.011500221459806021,-0.014243087750683052,-0.007591442374051075,0.048086909822711445,-0.03439740563537382,-0.006467312330686583,-0.010004766563749575,-0.00759144237405107,-0.011732059264778659,-0.003226995692431691,-0.005107585617360082,-0.005597003413494113,0.008877156080449195,-0.002281048418519267,-0.0032269956924316895,-0.002281048418519269,-0.002281048418519269,-0.003226995692431687,-0.012832961234597935,-0.016744126417827986,-0.015177891800077023,-0.0253566598957984,-0.008573181560681967,-0.0866527660130514,-0.0064673123306865764,-0.0075914423740510726,0.06275900509333396,-0.014049490074597423,0.019596655378609062,-0.16478194719569803,1.0,-0.04300422425844184,-0.006047534612732171,-0.0032269956924316917,0.01173205926477869,-0.0022810484185192673,-0.002281048418519266,-0.0022810484185192687,-0.007591442374051076,-0.005107585617360078,-0.005597003413494119,-0.002281048418519269,-0.0032269956924316904,0.027146653429934116,-0.0022810484185192687,-0.01819358189895213,-0.03689591751717304,-0.002281048418519269,0.029723733105723283,-0.024625535412998893,-0.0032269956924316913,-0.011500221459806004,-0.031166805784410827,0.07845132761647342,-0.011732059264778664,0.17096335605585133,-0.006047534612732188,0.049555499744982426,-0.0022810484185192687,-0.018037392558695253,-0.0354137393971809,-0.007235659955626429,0.008682004128845613,-0.002281048418519267,-0.02859885309620381,-0.0051075856173600775,-0.011732059264778657,-0.013282451250786108,0.05832511512144709,-0.01424308775068302,-0.04048397793344645,0.055397080748737185,-0.02700940532267948,-0.008573181560681957,-0.02815385274067023,0.035486029226723254,0.10332183546959071,0.023762422826087815,-0.002281048418519267,-0.08857666703745604,-0.028392575141879435,-0.029891440796781254,-0.011263945765943814,-0.00559700341349411,-0.003953602487626567,0.03812733713263463,-0.058613512898478035,0.06080781363975631,-0.018807528316383194,-0.003226995692431693,0.02511459708153888,-0.027697641324384882,0.00416544811685366,0.026013591114945087,-0.0030198194027712608,-0.05518441350255746,-0.020132439124658084,-5.656260952411927e-05,0.059123006409583526,-0.013249733197818525,-0.008573181560681946,0.029628810670117897,-0.017075222418024474,0.006255029581193482,0.013042866085375297,-0.009734547580500665,-0.006047534612732191,-0.003226995692431691,-0.004566794380933174,-0.01623665949330157,0.025267023475949613,-0.0022810484185192673,0.013491311145406621,-0.07335625889783759,-0.011959717924173881,-0.003953602487626562,-0.0022810484185192678,-0.0016481348817243679,-0.014434356070779112,0.009451980370770748,0.007324206235384965,-0.005107585617360082,-0.012832961234597916,-0.01345370329465566,-0.00887715608044912,-0.002281048418519268,0.023626135786658814,-0.013249733197818523,0.03470017842151759,-0.010268237416402023,-0.026214302168167915,-0.10247338364806606,-0.010004766563749585,0.011215436367997746,-0.006861983956736452,0.10918771646091716,-0.05555455824729051,0.09254875318714433,-0.0160644336878953,-0.008573181560681967,-0.003953602487626568,0.019257370611542868,0.08990958105230593,-0.006861983956736458,-0.006047534612732191,-0.06778649732596774,0.04321348203350861,-0.1469600794288708,-0.0032269956924316904,0.004566794380933405,0.06686358138775243,-0.058693057014547835,-0.007591442374051086,-0.0032269956924316917,0.005107585617360164,-0.0022810484185192687,-0.0045667943809331755,-0.0032269956924316887,-0.00686198395673646,-0.005107585617360075,-0.005107585617360083,-0.026309585652106438,-0.003953602487626569,0.034005760900490914,0.1469677464409399,-0.007931740405629897,-0.010268237416402029,0.020104348612941685,-0.026661005439657923,0.09986762814192925,0.07779410613988226,-0.01126394576594385,0.03297939230993675,-0.0060475346127321855,-0.01640731800710304,-0.04966070331397954,0.0468547681608152,-0.013570852799318056,0.05599913301180512,-0.0060475346127321795,-0.0022810484185192673,-0.03924697334195681,-0.00887715608044911,-0.0022810484185192687,0.013826521125966152,-0.0032269956924316887,-0.014300182255717674,0.0039272994223520765,-0.0051075856173600775,0.0335126408588192,-0.0283363164878551,-0.013249733197818536,0.0769121789243455,-0.05125003748923005,-0.03277677086190599,-0.00510758561736008,-0.016945649028675482,-0.007931740405629897,-0.018330545287992536,0.019596655378609083,-0.0032269956924316874,-0.016744126417827954,-0.024378430965583682,-0.028487170073348278,0.010578065630194556,0.001963704503877105,0.0698891917794851,-0.02630958565210645,-0.01850266226206323,0.010906886916096243,-0.02083909508150725,0.02234319343579131,-0.01940542372710305,-0.00456679438093317,-0.007931740405629864,0.07743938464446837,-0.044216222209676505,0.22136799958398728,-0.00917146144164796,0.02283249013235766,-0.010268237416402018,-0.016744126417827986,-0.02193241765773913,-0.018502662262063208,-0.007235659955626423,-0.012619866434564439,-0.005107585617360079,0.04955549974498236,0.023331797729458727,-0.09876050439640388,0.02308456905784736,0.010384660825189612,0.05331876813732891,0.11925847564739818,-0.00945700121833385,-0.02324342317037549,-0.02171492253822033,-0.0005101088927735303,-0.02803450263326311,0.06141448309414282,0.051487045776074714,-0.01589058910383151,-0.009734547580500675,-0.007591442374051083,-0.0022810484185192673,0.02883956940642774,0.013842467459196971,-0.010264022075591222,-0.007766973607359727
RoofStyle_Hip,0.1676915220767519,0.08711228963136244,0.18049557994754242,0.07638739625121874,0.030136058579724855,0.2631265294158191,0.044536510240669056,0.27874545396068356,0.3239944583286351,0.14229422659032603,0.012615233777202663,0.15487388763980814,0.07885455531788801,0.03210509858159994,0.04372643082067489,0.2358969186646028,-0.07307172126348317,-0.03537828661607176,0.12053765719677306,-0.09056987835445021,-0.022245982612896998,-0.06300550400673677,-0.00032912255102315527,0.021784245455711868,-0.018619883247654262,0.04939715864600915,-0.033964237736407235,-0.004630982543861218,-0.012921749636099756,0.032248469164481326,0.0175320446206479,0.040161989037854916,-0.02337041996283033,0.0022351350033536074,-0.02841194274719908,-0.0182803793535619,-0.05195476237328119,-0.0827179764274228,-0.03126797015180774,-0.08175624799563302,0.028288010397426344,0.009640081402241468,-0.07228036240390444,-0.024684151293694893,-0.05357229643153581,-0.015318711595155791,0.07133709621810772,-0.038871966932398826,0.045134744240509485,0.07279332248064263,0.1460557662891245,-0.04608337399671493,-0.05184408888176551,0.05903879482830432,-0.05746868830185244,-0.05751397018662291,0.06788022182234685,0.09274132876719267,-0.003089305366308926,0.031157571355303535,0.01595146756513925,-0.013258212334032056,0.06514425533067561,-0.043004224258441894,-0.053411192458251336,-0.01828037935356191,0.030147597234955994,-0.004730042814702379,-0.0010549840442542644,-0.012921749636099754,0.07503903972406191,-0.012921749636099754,-0.012921749636099756,-0.01828037935356191,0.023073318804196694,-0.05760548861159722,-0.0655652936238202,-0.01499676308934815,-0.048565609047383614,0.20980005352309866,-0.013258212334032087,0.016868154079757572,-0.10561573309129761,-0.057626437298077496,0.0022351350033535796,-0.9334615823692307,-0.04300422425844184,1.0,-0.03425825052503701,-0.01828037935356191,0.01426443493362938,-0.01292174963609975,-0.01292174963609975,-0.012921749636099754,-0.04300422425844179,0.030147597234955963,-0.004730042814702397,0.05304242682790607,-0.01828037935356191,0.07786552112884096,-0.012921749636099756,0.017687276140190326,0.04091168529726476,-0.012921749636099756,-0.014934792286370525,-0.047186294658913636,0.028379330185249966,0.027972118254309293,-0.03569683791550648,0.018077509704637364,-0.04036227328337737,0.01571408228660354,-0.034258250525037094,0.1077883253903842,-0.012921749636099756,0.019530669713834915,0.056650865283385,0.042708586485540344,-0.01425063521253266,-0.012921749636099754,-0.02222757915077634,0.0006069986020460749,0.02488232259099257,-0.035314200972516835,-0.013084877800674745,-0.03732816210706406,0.1680658821012749,-0.22455433706612585,0.10328416267359466,0.05768682233500407,-0.03144230683651221,-0.07993732237556771,-0.018684939164586318,-0.032214374804878314,-0.01292174963609975,0.03622790719330526,0.06895829237596114,0.011321656117613365,-0.023091475569427283,-0.03170606824230183,-0.022396482727418263,-0.04350607212423407,-0.16437658694194596,0.033261453036211586,0.0022351350033536018,-0.018280379353561912,-0.006875431093832157,0.07621582307295305,0.00429989446980136,-0.04482085597104377,0.017200754255699415,0.04244562849943517,-0.011768960195784628,0.05365761097939232,-0.08687924157588232,-0.02861377366051743,0.022269345207541463,-0.02974657702619366,0.058723373057133293,-0.00805784685809114,0.01495150204062538,0.007412592855497538,-0.03425825052503705,-0.018280379353561912,-0.025870110055915503,-0.005736312739574229,-0.061406553560024627,-0.012921749636099752,0.0006024336008387928,0.025256049604047735,-0.01651192003766518,-0.022396482727418277,-0.012921749636099754,0.02767123837477373,-0.017550024964381385,-0.08024343775680451,-0.020638803008926114,0.03014759723495601,0.03504455030886166,-0.04188419406469688,0.01816916965104616,-0.012921749636099758,-0.01647237210480093,0.01782992788962764,-0.029653893358268235,-0.058167810916047884,0.02391177339122892,0.06775152739413763,0.019461924503208626,0.0200255783061792,-0.016823376520082457,-0.0852762176759323,-0.013955459396630822,-0.10850945117538228,-0.0522891846473455,0.004560606643810264,-0.022396482727418263,0.04357306177952484,-0.020941643953228107,0.027273804304550318,-0.00927471118110397,0.0035264046897266754,-0.03499480511514066,0.047168326377738545,0.028379330185249997,-0.04016198903785534,-0.0052861056804842654,0.007988215304345157,0.03682561352582403,0.02837933018524993,-0.03014759723495629,-0.012921749636099752,0.007145939490969696,-0.01828037935356191,0.005225213892233859,-0.028933600030863815,-0.028933600030863812,0.07546791532755723,-0.022396482727418277,-0.06212762756206819,-0.02587011005591553,0.012411274138672447,-0.01362672493487833,-0.02103281455667056,0.07101580413434333,-0.18326778799838853,-0.06292870585264113,0.03119766184017632,0.07195975290957039,0.04069236750676235,-0.026518474641541886,0.015529332099582691,-0.0017204480252491338,0.020901799181694485,-0.04513072622184381,-0.03425825052503702,0.053042426827906046,0.12251047591277774,-0.016059201562537588,-0.01292174963609976,0.010076277703753625,-0.0182803793535619,0.09261465097654849,0.0670934861223196,0.030147597234955956,0.005803280646707228,-0.029183804237406553,0.09910640560238138,-0.024952617676764086,-0.08149175129963869,0.20708089016468978,-0.028933600030863794,-0.04585054254264265,-0.044931954476712964,0.03538348013713212,-0.039602007367111294,0.02837933018524992,-0.0017347977084094968,0.014868625409331784,0.002216974743954702,-0.029675081058619598,-0.007114145759858842,0.014872897035004782,-0.024313073015873644,-0.011390089710103926,0.025720142358434887,0.019258740481479845,0.0038776658285979335,-0.04486487374016228,-0.025870110055915524,-0.04493195447671286,-0.13432857800681397,-0.04948387723632379,-0.023936979344395263,-0.03537828661607175,-0.012031265520757726,-0.028473753595268134,-0.05760548861159723,0.02156108829435694,-0.08782817898015798,-0.04098877763377367,0.025829499013556145,0.030147597234956056,0.0013667158756177158,-0.010386667458219631,0.02147724053583589,-0.0016640287663453339,-0.010717529691328618,-0.02474069269309045,-0.0043856158356599855,-0.0535722964315359,-0.0693045078828094,0.0005743954801612054,-0.01834364464603208,0.006410820087555975,-0.023917902782937147,0.03368046369662271,0.07619541775925592,0.1168875913861126,0.016868154079757558,0.053042426827906046,-0.0018502543412452072,-0.019341798292953162,0.035960233852172924,-0.012118715227931827
RoofStyle_Mansard,0.04398166537355654,0.003977228390273705,-0.004986077740746698,-0.05972971472180589,-0.0019507375737064004,0.011315668860451386,0.010849447242284926,-0.036379083811857484,0.0005288839307329896,0.06064401331817384,-0.030391408873722665,-0.0034730001756589465,0.025425905496978297,-0.048897525823520555,0.0029105125706274187,-0.00030831909381732716,-0.014982551782524063,-0.007306217683650352,-0.012586273096410245,0.026563903989113617,0.004458714194601973,0.048220649847844604,-0.011798232315713043,-0.005764109357818919,0.032207470662519964,-0.013070483665821466,0.05290282478125725,-0.009355343707961481,-0.0018171407467263553,-0.01820768745963787,-0.01265884437858728,-0.0036380236754910964,-0.023065622949206367,-0.014982551782524105,-0.006578905125160749,-0.002570706222025123,-0.007306217683650342,-0.014117448197845071,-0.009705629743243393,-0.02348692681653139,-0.01320522496742485,-0.01882117612106475,-0.01660094914692479,-0.011192178420242017,-0.007533685877141772,0.04212207907307332,-0.0021631731084173515,-0.005466429625050505,0.12056388719676463,-0.01179823231571305,-0.01637760850449416,0.0541091628353227,-0.009161366694949801,-0.01603800917481273,-0.014243710922284911,-0.01736489142158265,-0.0091613666949498,-0.011346403215660888,-0.006047534612732173,-0.01682195973867669,-0.058861885087413725,0.12916860787509912,0.07952072022148751,-0.006047534612732181,0.06562778958802151,-0.002570706222025123,-0.004068831624680422,-0.004458714194602143,0.007071766604281402,-0.001817140746726353,-0.002570706222025123,-0.0018171407467263553,-0.0018171407467263553,-0.002570706222025123,-0.010223060839578907,0.04016296139288873,-0.012091091717039244,-0.020199755307012592,-0.006829612829135397,-0.0491983206306849,-0.005152024245730437,-0.006047534612732167,0.061744831325366775,-0.011192178420242,0.03309332866249825,-0.13126945843989973,-0.006047534612732171,-0.03425825052503701,1.0,-0.0025707062220251247,-0.14060163371831222,-0.0018171407467263547,-0.0018171407467263547,-0.0018171407467263549,-0.006047534612732161,0.3353879782058005,-0.0044587141946021485,-0.0018171407467263553,-0.002570706222025124,-0.013070483665821461,-0.0018171407467263549,-0.014493466569617969,-0.0017779077247088093,-0.0018171407467263553,-0.0015187489015808311,-0.019617323089512,-0.002570706222025124,0.06727060687434572,-0.030487790437828954,0.0003511626352895589,0.14060163371831214,0.21581844722157542,-0.004817618719889872,-0.009161366694949807,-0.0018171407467263549,-0.014369042198753732,0.00021416581477072836,-0.005764109357818909,-0.02876498013048592,-0.001817140746726353,0.010680761371561492,-0.0040688316246804265,0.06562778958802136,-0.029540952403652957,0.0016101576634291754,0.05093084751691385,0.018663610902410813,-0.0036557391036950737,-0.02151637403144154,-0.006829612829135395,0.01387880785697577,-0.007025915281861969,-0.009705629743243387,0.009915581142096914,-0.0018171407467263534,-0.004441993640538051,0.03921508400418859,-0.06191887832438901,-0.008973143513323178,0.1505346839987102,-0.0031495395355476577,0.05394522345924235,-0.01932649996260428,0.014124822149075813,-0.014982551782524082,-0.002570706222025123,-0.01725086638319064,-0.022064640202343073,-0.020199755307012603,0.026514387122689293,-0.023312033205679386,-0.04396129672021091,-0.016038009174812785,0.012485690433583871,0.05869456745460117,0.056156637972510456,-0.006829612829135399,-0.012519022615135907,0.03893640883315102,-0.037611084940920025,-0.05733206052980308,0.08210226146053877,-0.004817618719889875,-0.0025707062220251247,-0.00363802367549109,-0.012934532786091442,0.022556456502032668,-0.001817140746726353,0.020648691216150268,-0.02189057519311736,-0.009527413176734506,-0.0031495395355476525,-0.0018171407467263536,0.02123882989057488,-0.011498772387302637,-0.016376878426633126,0.029272025480014525,-0.004068831624680423,0.058558823150214406,-0.010717559632931976,-0.007071766604281487,-0.001817140746726354,-0.020434419788584575,-0.01055507190532946,0.04190411061803886,-0.008179937109145864,-0.036258236106431405,-0.011643701941844047,-0.00797004957758692,0.024084754714818336,-0.005466429625050504,0.003246723351782468,-0.022382771858488915,0.014124822149075861,0.042810127081056325,-0.006829612829135403,-0.0031495395355476503,-0.031713136532107424,0.053945223459242346,-0.005466429625050495,-0.0048176187198898665,-0.03954222191492752,-0.010053304143091149,-0.0514326007633072,-0.0025707062220251243,0.0036380236754911745,0.038936408833151026,-0.014422010516640974,-0.006047534612732158,-0.0025707062220251243,0.00406883162468066,-0.0018171407467263549,-0.0036380236754910925,-0.0025707062220251225,-0.005466429625050509,-0.004068831624680437,-0.00406883162468042,-0.02095888001753337,-0.0031495395355476577,0.02708984748154928,-0.003638023675491089,-0.0063186246142386045,-0.008179937109145864,0.032459247656716095,-0.02123882989057484,0.05954099080018242,7.772206524843236e-05,-0.008973143513323208,0.016272884791610147,-0.004817618719889875,-0.013070483665821489,-0.016512679316634197,-0.03697318712481302,0.055583089951859344,0.07489328058377671,-0.0048176187198898665,-0.001817140746726353,-0.056996296025791704,-0.0070717666042815,-0.0018171407467263547,0.026858153129231326,-0.0025707062220251217,0.017628229478694427,-0.0202956979488812,-0.004068831624680421,-0.002323100008820211,0.006311062718466791,-0.010555071905329482,-0.017549808048962067,0.0009861852566695145,-0.026110802995556598,0.1656595732905604,0.02952938776279182,0.21332880245215075,-0.03171313653210734,0.03309332866249826,-0.0025707062220251234,-0.013338793747273248,-0.019420473449473875,0.044444504913737345,0.0006268422311531778,0.020616944693263285,-0.030323470637381035,0.014872460527664305,-0.014739687788449758,-0.01768448792324408,0.027227958184920104,-0.014243710922284877,0.031269765631666155,-0.003638023675491084,-0.006318624614238613,-0.022959874733306098,0.03848864601690563,0.03558048544453312,-0.007306217683650362,0.03664973005056338,-0.008179937109145857,0.04016296139288873,-0.01747191750798942,-0.014739687788449744,-0.005764109357818922,-0.010053304143091158,-0.004068831624680434,-0.009161366694949822,-0.013990228415381797,-0.038700980995985935,0.020775059170547096,0.05757112001884666,-0.01580839314500812,-0.008585154401874066,-0.007533685877141785,-0.018516297590785217,-0.03343669814884246,-0.020586427009915635,0.010029379976200894,0.062411264842473925,-0.016151838289756425,-0.012658844378587284,0.08210226146053888,-0.0060475346127321665,-0.001817140746726353,0.05749419282953452,-0.035593778018134854,-0.014587860174442894,0.03544192377512569
RoofStyle_Shed,-0.013700563848187887,0.03981291191192718,-0.0026605968252985442,0.008258340669029193,-0.012321108305175073,-0.021036394408206933,-0.017125180949651545,0.024412708086258842,0.017622015722361505,0.039239368290794316,-0.0029580686551614107,0.020797953805949822,0.03466032668428647,-0.019381688728769247,0.3066681133365951,0.02055710256278189,-0.007994766985218955,-0.0038986354775828514,0.019190125446325368,-0.015516854389532177,0.0023791929143279116,-0.006295597677267979,-0.006295597677267975,-0.0030757585131014832,-0.01026651603550446,-0.0069744775662473075,0.11352446430932325,-0.0486875463185915,-0.0009696356842476742,-0.009715716033719209,-0.006754824717308875,-0.0019412682161517045,0.02306526493813488,-0.00799476698521893,0.19361965850089485,-0.0013717421124828564,-0.0038986354775828475,-0.007533143245953533,0.1298442802395769,-0.012532745410970604,-0.007046376220444556,-0.010043076750863725,-0.00885835217455685,-0.005972204189622778,-0.004020013680035244,-0.006901933474916701,-0.01580862203401313,-0.0029169150707926994,-0.008496879032243016,-0.006295597677267979,-0.00873917645466078,-0.01072733046656061,-0.004888552568041253,0.07586519880204119,-0.007600517687601897,-0.009265995716504863,-0.004888552568041239,-0.006054499336712149,-0.00322699569243169,0.07192109486703868,-0.039103158206618985,-0.0027491467371303963,-0.004252859603513773,-0.003226995692431691,-0.004987102956903683,-0.001371742112482858,-0.002171149562076112,-0.002379192914327909,-0.1798716524926283,-0.0009696356842476752,-0.001371742112482857,0.706864413816553,-0.0009696356842476742,-0.001371742112482858,-0.005455078045081899,0.09280319548162001,-0.006451868965832089,-0.01077869372201155,-0.0036443166665298893,0.00020294571538010864,-0.002749146737130394,-0.0032269956924316865,-0.024523543328686444,-0.005972204189622777,-0.007994766985218938,-0.0700460607602902,-0.0032269956924316917,-0.01828037935356191,-0.0025707062220251247,1.0,-0.13503540314077656,-0.000969635684247675,-0.0009696356842476745,-0.0009696356842476735,-0.003226995692431686,0.3148166865010356,-0.0023791929143279107,-0.0009696356842476742,-0.001371742112482857,-0.006974477566247314,-0.0009696356842476738,-0.00773378859049304,-0.015683839912058233,-0.0009696356842476739,-0.015600435910633936,0.13104266113654853,-0.0013717421124828555,-0.0048885525680412425,-0.027341601303312098,-0.015011395861773583,-0.004987102956903683,-0.0016806105570620125,-0.002570706222025129,-0.00488855256804125,-0.0009696356842476738,-0.007667395103803951,-0.015053790683866728,-0.0030757585131014837,-0.015349141909586302,-0.0009696356842476753,0.11283654213602114,-0.002171149562076113,-0.004987102956903672,-0.0268919662742531,-0.014627418049533585,-0.0060544993367121405,-0.02452354332868645,0.030413517828002258,-0.011481248270994499,-0.0036443166665298767,0.013013932755598244,-0.009200891776823905,-0.0051789741406099,-0.012345679012345663,-0.000969635684247675,0.013800735245227165,0.004913294726346605,0.0042385461392216274,-0.00478811570653969,-0.002379192914327909,-0.0016806105570620117,-0.005804473407180581,0.04323127498781528,-0.03486806230556478,-0.00799476698521894,-0.0013717421124828594,0.01067579685203299,0.05236707712351514,-0.010778693722011559,-0.014179257665354538,-0.012439421277254212,0.05847657857742987,-0.00855796449901076,-0.011725371050416574,-0.02539920082100837,-0.005632240863920691,-0.003644316666529876,-0.006680215102439393,0.09086432224231969,-0.045070684891835966,0.005544305100482214,-0.004137994015132548,-0.002570706222025129,-0.0013717421124828557,-0.0019412682161517047,-0.006901933474916703,-0.016468077582163246,-0.0009696356842476757,0.016829896518341905,0.009770835750932528,-0.005083876860598747,-0.0016806105570620086,-0.0009696356842476756,0.01133314928448336,-0.006135804313373566,0.007452366477492022,-0.00025368428650019315,-0.002171149562076115,-0.005455078045081891,-0.005718945154284302,-0.0037735311711740304,-0.0009696356842476752,0.010043076750863758,-0.00563224086392069,-0.06134735194495439,-0.00436485667399104,0.070899925039904,-0.011764659440747935,-0.004252859603513765,0.06843099773866329,-0.002916915070792695,-0.022242922946060943,0.017235823975092414,-0.03486806230556485,-0.0068287231540333625,-0.0036443166665298746,-0.0016806105570620106,0.008185987451268304,-0.005804473407180594,-0.002916915070792701,-0.0025707062220251277,0.007188315360833048,-0.005364494995391859,-0.056340805094968006,-0.001371742112482856,0.0019412682161516362,-0.007258392605155705,0.01128350041864272,-0.003226995692431688,-0.001371742112482857,-0.3148166865010361,-0.0009696356842476738,-0.0019412682161517054,-0.0013717421124828577,-0.002916915070792695,-0.0021711495620761125,-0.0021711495620761133,-0.011183766586863217,-0.0016806105570620112,0.014455282479498814,-0.0019412682161517036,-0.0033716507168578052,-0.004364856673991042,0.017320422134876137,-0.011333149284483429,0.04245206509489696,0.037885489848504615,-0.004788115706539697,-0.010880919470240825,-0.0025707062220251264,-0.006974477566247323,-0.021109937714224154,-0.04100268913021274,0.03715384376115603,-0.004474200955689978,-0.0025707062220251273,-0.0009696356842476753,-0.03041351782800241,0.17987165249262854,-0.0009696356842476753,-0.008917470598945862,-0.001371742112482856,0.04134491152973618,-0.010829889211059027,-0.0021711495620761116,-0.03317801542509689,-0.0019305727650038573,-0.005632240863920694,-0.021539570719687654,0.03253877417302876,-0.013932859287022174,-0.002171149562076112,0.010266516035504474,0.20173710122532512,-0.07969299548146565,0.08179261607954759,-0.001371742112482857,-0.007117649210979696,-0.010362864899440891,0.05058474633829893,-0.014926448946153244,-0.01695675953224657,-0.01618076049046353,0.055735492498465856,-0.00786517350408787,-0.00943653405984999,-0.00885835217455684,-0.007600517687601891,-0.008248922364374908,0.3523401812315337,-0.003371650716857799,-0.012251507698221592,-0.018795579492765935,-0.00766739510380395,-0.0038986354775828514,-0.007533143245953512,-0.004364856673991034,0.09280319548162003,-0.009323105388781096,-0.007865173504087853,-0.003075758513101487,-0.005364494995391863,-0.0021711495620761125,-0.004888552568041245,-0.007465258113202614,-0.0046532417981113286,0.032087094617714494,-0.01496894881854631,-0.008435440200012466,-0.00458108271350468,-0.004020013680035249,0.0644771972329052,-0.0178419947639962,-0.022830027179964338,-0.0199757402602521,-0.01419524319368301,-0.00861870430243792,-0.006754824717308891,-0.004137994015132556,0.21092817298712568,-0.0009696356842476753,0.024347330833924298,-0.01899302371913149,-0.020328164081369386,0.0433469585784173
RoofMatl_CompShg,-0.14554057167904816,-0.1835000429221639,-0.0727388857502735,0.016803547058697178,0.02873465210880946,-0.049646717093773315,0.022127156095415244,-0.12189096282818683,-0.19034484341566169,-0.15302033610153437,0.04089691977993797,-0.06267368635784455,-0.10154159343739087,-0.0706724703597118,0.011807319890816811,-0.10450516998583911,0.02906575930629933,0.014173871561726177,-0.0570888833778932,0.04188180947142298,-0.008649789133186859,0.022888262674206884,-0.07115544324795671,-0.05161025386003347,0.09106692926191358,-0.003120787332745302,-0.2457528171352444,0.1256845987319913,0.003525205608274489,-0.09128335533308977,0.02455782760805067,0.00705767095200574,0.08926303897207055,-0.07137449770481819,-0.2628856181809027,0.004987102956903592,0.01417387156172626,0.02738748093741522,-0.2454968676522902,0.04556402484723892,0.025617791685953007,-0.04550030484474177,0.032205407941486554,0.021712533939335997,0.014615153918552334,0.025092655921168806,-0.05727730391965748,0.010604730759674054,-0.01663374293977029,-0.008459639299847643,0.03177213292595952,0.019619600721390223,0.0177728122109849,0.031113319092350027,0.027632427326468045,0.033687436009963406,0.017772812210984857,-0.043043172735893524,-0.04815887264632904,-0.03523745775128456,0.06685185858573907,-0.13031671801368488,-0.07593128611987496,0.011732059264778756,0.01813110181311012,0.004987102956903669,0.007893427126263328,0.008649789133186899,-0.0137190425886012,0.003525205608274423,0.004987102956903552,0.003525205608274547,0.0035252056082745436,0.004987102956903701,0.019832471133752097,-0.030011092780027216,0.023456402267054133,0.039186997937467466,0.013249270586763985,-0.0007378290482246617,-0.06016096274083084,0.011732059264778653,0.021653696413256745,-0.01123996039687055,-0.09648456195759746,0.16692864496298668,0.01173205926477869,0.01426443493362938,-0.14060163371831222,-0.13503540314077656,1.0,-0.19442864777944852,-0.19442864777944852,-0.19442864777944857,-0.6470681917574077,-0.4353528653485231,-0.4770691391150003,0.003525205608274582,-0.13503540314077664,-0.003120787332745024,0.0035252056082745267,0.028116946761884677,0.042597164687208575,0.0035252056082745644,0.056716914462944565,-0.19939315397464816,-0.1350354031407765,-0.02214765829368897,0.09940307253484164,-0.019808547558499423,-0.09934556378071029,0.006110024473446496,-0.06562778958802162,-0.02214765829368888,0.0035252056082745267,0.027875566730774445,0.025036066170056156,0.011182221669673932,0.05580331048135605,0.003525205608274428,-0.18301536278814964,0.007893427126263295,-0.021027786718163282,0.09776838029747216,-0.03777171087626236,-0.010515723359907688,0.021653696413256707,-0.015535531714227864,0.005117311053784343,0.013249270586763902,-0.003398866773208202,0.012105426679132582,0.018828668315514906,-0.058694365569712685,0.0035252056082745557,0.04479659964436007,-0.07010562641280935,0.057568396257810725,-0.023321806460856537,0.008649789133186826,0.006110024473446645,0.02110273223282762,-0.03138835966374403,0.03337600104878678,-0.07137449770481807,0.0049871029569036164,0.03902616400384469,-0.24419882908550766,0.01988436062683917,0.11809572185660719,0.02806566245059447,-0.029285887184885777,-0.03971637821767752,0.024630484358409116,0.025720493021726402,0.020476563933444023,-0.039893408140366265,-0.005360916670441621,-0.05593480610603615,0.04965827376708132,0.015214556636205733,-0.031888312674071904,0.009346054542269104,0.004987102956903741,0.0070576709520057766,-0.003663448980641554,0.018020633935268385,0.003525205608274451,-0.04980968365474975,-0.01452553027209869,-0.01995735482128926,0.006110024473446618,0.0035252056082744863,-0.004183666435617819,-0.009811700129277396,0.004602473977494258,0.021638438470251858,0.007893427126263257,-0.05201717614981618,-0.013547588991573331,-0.03763942453795763,-0.1944286477794486,0.06600352863280447,0.020476563933443926,0.035756040185843954,-0.07324091278550461,-0.017995569608362818,-0.033303170474334134,-0.03023479900733673,0.012341009748453586,-0.05556153808273659,0.04566512347064898,0.0287333670447232,0.002245914891698628,0.02482649262091693,-0.03989340814036619,0.006110024473446446,0.01939175678173436,-0.04661152943734469,-0.05556153808273664,0.009346054542268976,0.05693305057835931,0.019503147574430165,-0.04029492225309523,0.004987102956903643,-0.007057670952005855,-0.0010525366740382943,0.03328606204360917,0.011732059264778636,0.004987102956903635,-0.007893427126263394,0.0035252056082745267,0.007057670952005801,0.004987102956903615,0.010604730759674018,0.0078934271262634,0.007893427126263257,0.02194494711793288,0.006110024473446601,-0.021972388649764425,-0.0920211712588446,-0.045103031651534654,0.015868864436859347,0.03150353450744879,0.004183666435617869,0.012931965919919847,0.040066560523448286,-0.023321806460856444,-0.07533981554990311,-0.1406016337183121,-0.031597971744044814,-0.0075197132185930325,0.08660053297242934,-0.06171994551377416,-0.027229828229745217,0.009346054542269042,0.0035252056082744534,0.004975998984817772,-0.19171482591763392,0.003525205608274457,-0.035849413063250686,-0.13503540314077667,-0.014845775799086565,-0.09520658450222072,-0.08075583136869391,0.03725718734193826,-0.013724995640745965,-0.014367006396192636,0.05447527035657954,-0.05562920309593838,0.0035089872544049315,0.007893427126263303,-0.026576525031164804,0.012257966790312555,0.019391756781734413,0.003955695053520077,0.004987102956903721,0.025876911631758138,0.017716645165588497,-0.008574425040928662,0.039328938599955045,-0.006766468311455202,0.016476128748582116,0.003230214178574143,0.028594609498283064,-0.03063058821128148,-0.03647019419274452,-0.0249664565022716,0.029989766108574782,-0.09202117125884468,0.0122579667903125,0.04454155756561199,0.004166442455625347,0.027875566730774497,-0.03557096613087078,-0.10519117346784418,0.01586886443685923,-0.03001109278002721,0.0338950638234459,0.028594609498283137,0.011182221669673871,0.01950314757443025,0.007893427126263324,-0.022147658293688977,0.02714067788078313,0.02735657405091935,-0.03442978730638628,-0.005207270435572434,0.006749552583082173,-0.025855975804624495,0.014615153918552276,-0.04725865279177041,-0.0013608319189866238,0.036624540832495465,0.04783285920477699,0.005116238523812488,-0.01558672834127111,-0.06346450047972527,-0.03188831267407194,-0.10804980455743714,0.0035252056082744534,-0.0017489472836677105,-0.020233061264972794,0.02479199358959683,0.017801465895127534
RoofMatl_Membran,0.005544282314956331,0.07500785501978757,0.017055833090632393,-0.014973028449332954,0.025540716358680295,-0.014942331805524232,-0.02793007730113811,0.01955478646157384,0.013574157540234433,-0.007598556184250835,-0.027486797295151084,-0.00416225540623272,-0.002767399541103692,-0.018443486658914026,-0.0022956812402709042,0.01997049884253247,-0.005651216278606726,-0.002755806681546016,0.013564816774682827,-0.010968312182333467,0.001681766804742775,-0.004450133961766878,-0.004450133961766879,-0.002174144238404754,-0.034424396032933145,-0.004930009996542095,0.16465544550290426,-0.07765699223413058,-0.0006854009595613448,0.09980074354607212,-0.004774745214234098,-0.0013722134196707798,-0.04203878372298804,-0.005651216278606704,0.2762071670218763,-0.0009696356842476733,-0.002755806681546013,-0.005324910884747067,0.187225434598035,-0.008858951738437825,-0.004980832596595437,-0.0070990935604139235,-0.006261653917248714,-0.004221538613690465,-0.0028416046134726322,-0.004878731159947838,-0.011174552347320125,-0.0020618634616685495,-0.0060061414163966155,-0.00445013396176688,-0.006177412841863204,-0.0075827681620618285,-0.0034555438454198836,-0.006049320559056107,-0.005372535479949052,-0.0065498026305739,-0.0034555438454198766,-0.004279710124597741,-0.002281048418519262,-0.006345016128972186,0.010430426793999054,-0.0019432739968373654,-0.003006195110681859,-0.002281048418519263,-0.0035252056082745167,-0.0009696356842476733,-0.0015347083625049957,-0.0016817668047428942,0.0026673748993304076,-0.0006854009595613436,-0.0009696356842476734,-0.0006854009595613451,-0.0006854009595613448,-0.0009696356842476733,-0.0038560005446603607,-0.005031212937271014,-0.004560596574554107,-0.007619075019517848,-0.0025760377642485392,0.026324011609458527,-0.001943273996837365,-0.0022810484185192634,-0.017334820079736794,-0.004221538613690467,-0.005651216278606717,-0.04951306767948115,-0.0022810484185192673,-0.01292174963609975,-0.0018171407467263547,-0.000969635684247675,-0.19442864777944852,1.0,-0.0006854009595613435,-0.000685400959561345,-0.002281048418519265,-0.001534708362504994,-0.0016817668047428922,-0.0006854009595613448,-0.0009696356842476731,-0.004930009996542105,-0.0006854009595613451,-0.005466739938600004,-0.011086348305829705,-0.0006854009595613451,-0.011027392985252954,0.09262939384924736,-0.0009696356842476748,-0.003455543845419873,-0.01932680497807162,-0.0106110215364008,-0.003525205608274521,-0.0011879637962715483,-0.0018171407467263562,-0.0034555438454198814,-0.0006854009595613451,-0.00541980874555028,-0.010640988927468531,-0.0021741442384047524,-0.010849762198506802,-0.0006854009595613435,0.07976013621406533,-0.001534708362504997,-0.0035252056082745093,-0.019008973976824436,-0.010339601285233214,-0.0042797101245977305,-0.01733482007973676,0.021498233451590174,-0.008115685828958833,-0.002576037764248533,-0.01855022290488502,0.02047213503816726,-0.003660832520073296,-0.00872672115822903,-0.0006854009595613438,0.00975524862935478,0.02988255646281656,-0.023354965043271503,-0.003384548602189006,-0.0016817668047428933,-0.00118796379627155,-0.004102975692480469,0.03055864985280436,-0.02464699242254209,-0.005651216278606711,-0.000969635684247672,0.007546340883836825,0.08235533097581993,-0.007619075019517852,-0.03805596683545177,-0.008792984229363449,-0.016581607676717288,0.1133021391196185,-0.008288247534334285,-0.017953791199750973,-0.003981230636748925,0.266067900507384,-0.004722006332554309,-0.005130699434093795,-0.07309462598183228,0.00391907197487274,-0.0029250007138830678,-0.0018171407467263594,-0.000969635684247675,-0.0013722134196707796,-0.004878731159947834,-0.011640698006801332,-0.0006854009595613425,-0.016859876533275718,0.006906656085580638,-0.003593611636982668,-0.0011879637962715474,-0.0006854009595613435,0.008010999925671893,-0.004337181719265878,-0.021437070970360426,0.02600145719835823,-0.0015347083625049962,-0.0038560005446603603,-0.004042518814132183,0.2569571153021635,-0.0006854009595613438,-0.09654767242162939,-0.003981230636748928,-0.04336425997176791,-0.003085361854253942,0.0501166339529692,0.01915318426046092,-0.0030061951106818557,-0.006630352749378725,-0.0020618634616685456,-0.01572273068983411,-0.016692827395315496,0.027808705736221163,-0.0048269813893913145,-0.0025760377642485306,-0.0011879637962715472,0.0057863832212504615,-0.004102975692480475,-0.0020618634616685534,-0.0018171407467263562,0.005081164323863786,-0.0037919706103394977,0.00783448724604728,-0.0009696356842476744,0.0013722134196710192,-0.005130699434093786,0.007975904909222765,-0.0022810484185192656,-0.0009696356842476738,0.0015347083625051549,-0.0006854009595613451,-0.0013722134196707811,-0.0009696356842476722,-0.002061863461668546,-0.0015347083625049933,-0.001534708362504994,-0.00790540661268422,-0.0011879637962715502,0.010217924776423744,-0.0013722134196707766,-0.0023832999075658516,-0.003085361854253943,0.012243190039424472,-0.008010999925671856,-0.0228407188691565,-0.010670919830219444,-0.0033845486021890137,-0.007691334763116888,-0.001817140746726358,-0.0049300099965421005,0.04593266438651399,-0.028983341816930148,-0.010820041563130888,-0.0031626534358412534,-0.0018171407467263577,-0.0006854009595613434,0.03188173396222213,-0.0026673748993304145,-0.0006854009595613439,-0.0063034426276502055,-0.0009696356842476734,-0.02345235842505768,0.08953329672638956,-0.0015347083625049935,0.029225246652764318,-0.027580359124843915,-0.003981230636748934,-0.015225556030632196,0.02300050153212727,-0.009848642412709437,-0.0015347083625049964,-0.019910326354182988,-0.002383299907565852,0.0057863832212505266,-0.005651216278606706,-0.000969635684247673,-0.005031212937271009,-0.007325140422603418,0.08007283323145341,-0.010550975584685325,-0.011986129886989714,-0.01143760377919753,-0.007905406612684221,-0.00555961125853255,-0.006670350116675793,-0.0062616539172487065,-0.005372535479949052,-0.005830869671712116,-0.00137221341967078,-0.0023832999075658464,-0.008660154807472389,-0.013285926280496402,-0.005419808745550277,-0.0027558066815460158,-0.00532491088474705,-0.0030853618542539393,-0.005031212937271014,-0.006590171425590699,-0.0055596112585325425,-0.002174144238404754,-0.0037919706103394977,-0.0015347083625049933,-0.0034555438454198766,-0.005276925300178226,-0.029675189676157152,-0.011957466072516326,0.06477647134756101,-0.0059627124922663945,-0.003238204346926628,-0.0028416046134726396,-0.006984097494435159,0.05434569940600611,-0.016137733779981456,-0.014120139929614799,-0.01003411225908615,-0.006092255364600981,-0.00477474521423411,-0.0029250007138830764,-0.0022810484185192665,-0.0006854009595613434,-0.014120139929614823,0.051052202039371275,-0.014369255787343865,-0.009661394471344308
RoofMatl_Metal,-0.00968444103350569,0.028694646677219302,-0.0018806812153170027,-0.001966431208428869,-0.02012604278583518,-0.014942331805524232,-0.033619927658948556,-0.007129509801183123,-0.011829972604797661,-0.026287979271162897,-0.011614394901906371,0.008209319087389226,-0.019692086396920105,0.03294183669059397,-0.0022956812402709042,-0.00030368281007857925,-0.005651216278606724,-0.002755806681546016,0.013564816774682794,-0.010968312182333474,0.0016817668047427157,-0.004450133961766877,-0.004450133961766879,-0.0021741442384047532,-0.03442439603293316,-0.004930009996542096,0.16465544550290434,-0.07765699223413056,-0.0006854009595613446,0.09980074354607214,-0.004774745214234098,-0.0013722134196707788,-0.04203878372298804,-0.005651216278606703,0.27620716702187637,-0.0009696356842476733,-0.0027558066815460127,-0.005324910884747061,0.18722543459803506,-0.008858951738437822,-0.004980832596595436,-0.007099093560413926,-0.006261653917248714,-0.004221538613690462,-0.0028416046134726322,-0.004878731159947838,-0.011174552347320137,-0.0020618634616685495,-0.006006141416396614,-0.004450133961766878,-0.006177412841863204,-0.007582768162061827,-0.0034555438454198823,-0.006049320559056106,-0.005372535479949055,-0.0065498026305739025,-0.0034555438454198753,-0.004279710124597739,-0.0022810484185192643,-0.0063450161289721856,0.01043042679399905,-0.0019432739968373654,-0.003006195110681859,-0.0022810484185192647,-0.0035252056082745167,-0.0009696356842476727,-0.0015347083625049962,-0.0016817668047428922,0.0026673748993304765,-0.0006854009595613432,-0.0009696356842476731,-0.0006854009595613447,-0.0006854009595613446,-0.0009696356842476739,-0.0038560005446603646,-0.005031212937271012,-0.004560596574554111,-0.007619075019517848,-0.002576037764248538,-0.026037101401181113,-0.0019432739968373652,-0.0022810484185192634,-0.017334820079736784,-0.004221538613690465,0.12128379551779035,-0.04951306767948113,-0.002281048418519266,-0.01292174963609975,-0.0018171407467263547,-0.0009696356842476745,-0.19442864777944852,-0.0006854009595613435,1.0,-0.0006854009595613446,-0.0022810484185192634,-0.0015347083625049942,-0.0016817668047428933,-0.0006854009595613446,-0.0009696356842476726,-0.00493000999654211,-0.0006854009595613447,-0.005466739938600005,-0.011086348305829705,-0.0006854009595613447,-0.011027392985252953,0.09262939384924736,-0.0009696356842476744,-0.0034555438454198745,-0.019326804978071623,-0.010611021536400795,-0.0035252056082745154,-0.0011879637962715476,-0.0018171407467263573,-0.003455543845419881,-0.0006854009595613447,-0.00541980874555028,-0.01064098892746853,-0.0021741442384047515,-0.0108497621985068,-0.0006854009595613433,0.07976013621406523,-0.0015347083625049966,-0.0035252056082745076,-0.01900897397682442,-0.010339601285233214,-0.004279710124597733,-0.017334820079736774,0.021498233451590226,-0.008115685828958835,-0.002576037764248534,-0.018550222904885037,0.020472135038167277,-0.0036608325200732997,-0.008726721158229022,-0.0006854009595613427,0.00975524862935467,0.029882556462816536,-0.023354965043271496,-0.003384548602189003,-0.0016817668047428929,-0.0011879637962715502,-0.004102975692480469,-0.022429032789825484,0.027808705736220993,-0.00565121627860671,-0.0009696356842476722,0.007546340883836799,0.08235533097581993,-0.00761907501951786,-0.03805596683545178,-0.008792984229363449,-0.016581607676717302,-0.006049320559056098,-0.00828824753433429,-0.017953791199750983,-0.003981230636748929,-0.0025760377642485323,-0.0047220063325543035,-0.005130699434093791,0.009376899469075887,0.003919071974872804,-0.0029250007138830673,-0.0018171407467263586,-0.0009696356842476745,-0.0013722134196707788,-0.004878731159947832,-0.01164069800680133,-0.0006854009595613426,-0.01685987653327572,0.006906656085580678,-0.0035936116369826698,-0.0011879637962715485,-0.0006854009595613433,0.008010999925671834,-0.004337181719265879,-0.021437070970360437,0.026001457198358228,-0.001534708362504995,-0.003856000544660361,-0.004042518814132184,-0.00266737489933042,-0.0006854009595613435,0.007099093560413957,-0.003981230636748928,-0.04336425997176791,-0.0030853618542539436,0.05011663395296916,0.0191531842604609,-0.0030061951106818557,-0.006630352749378728,-0.0020618634616685447,-0.015722730689834104,-0.016692827395315475,0.027808705736221122,-0.0048269813893913206,-0.0025760377642485314,-0.0011879637962715476,0.005786383221250556,-0.004102975692480474,-0.0020618634616685516,-0.001817140746726356,0.0050811643238637535,-0.0037919706103394977,0.007834487246047262,-0.0009696356842476742,0.0013722134196711552,-0.0051306994340937885,0.007975904909222719,-0.0022810484185192643,-0.0009696356842476741,0.0015347083625051547,-0.0006854009595613447,-0.0013722134196707803,-0.0009696356842476719,-0.0020618634616685456,-0.0015347083625049979,-0.001534708362504993,-0.007905406612684221,-0.0011879637962715498,0.010217924776423734,-0.0013722134196707768,-0.002383299907565851,-0.0030853618542539436,0.012243190039424505,-0.008010999925671862,-0.022840718869156496,-0.01067091983021945,0.20250882469764211,-0.0076913347631168884,-0.0018171407467263568,0.13902628190248728,-0.014921863748068984,-0.028983341816930155,-0.010820041563130893,-0.0031626534358412534,-0.001817140746726358,-0.0006854009595613432,0.03188173396222208,-0.0026673748993304154,-0.0006854009595613436,-0.0063034426276502055,-0.0009696356842476733,-0.02345235842505766,0.08953329672638953,-0.001534708362504993,0.02922524665276429,-0.027580359124843915,-0.003981230636748933,-0.015225556030632192,0.023000501532127255,-0.009848642412709439,-0.001534708362504996,-0.019910326354182988,-0.0023832999075658508,0.0057863832212505205,-0.005651216278606707,-0.0009696356842476739,-0.005031212937271012,-0.007325140422603411,-0.008559719094491984,-0.010550975584685318,-0.011986129886989723,-0.011437603779197529,-0.00790540661268423,-0.005559611258532548,0.10275337089845547,-0.006261653917248704,-0.005372535479949051,-0.005830869671712117,-0.0013722134196707796,-0.0023832999075658456,-0.008660154807472386,-0.013285926280496402,-0.005419808745550277,-0.002755806681546017,0.12871594931750677,-0.003085361854253938,-0.005031212937271012,-0.006590171425590698,-0.005559611258532548,-0.0021741442384047532,-0.003791970610339502,-0.001534708362504992,-0.0034555438454198758,-0.005276925300178231,0.02309676760421962,-0.01195746607251632,-0.010581017232071728,-0.005962712492266395,-0.003238204346926628,-0.0028416046134726388,0.09813736994757896,-0.012611871170170178,-0.016137733779981452,-0.014120139929614813,-0.01003411225908615,-0.00609225536460098,-0.004774745214234108,-0.0029250007138830773,-0.002281048418519265,-0.0006854009595613432,-0.014120139929614816,-0.01342549257782774,-0.014369255787343875,-0.00966139447134431
RoofMatl_Roll,0.031315967981584446,0.0021729816199034502,-0.02081719552126621,-0.02017566734569459,-0.04422794344544355,0.06721960079704285,0.00834271872990345,-0.007726473923392425,-0.015894633428002618,0.020161466907509154,-0.03383575825245068,-0.008939398032482788,-0.019692086396920137,-0.018443486658914023,-0.0022956812402709086,-0.01447912689239193,-0.005651216278606727,-0.0027558066815460184,0.013564816774682886,-0.010968312182333467,0.0016817668047429345,-0.004450133961766881,-0.004450133961766879,-0.0021741442384047524,0.019910326354182994,-0.004930009996542104,-0.0041626376672082455,0.008826004456815728,-0.0006854009595613444,-0.006867693918983013,-0.0047747452142341005,-0.0013722134196707796,-0.042038783722988075,-0.005651216278606707,-0.002481474202684446,-0.0009696356842476742,-0.0027558066815460158,-0.005324910884747068,-0.00366083252007331,-0.00885895173843783,-0.004980832596595438,-0.007099093560413937,-0.006261653917248714,-0.004221538613690465,-0.0028416046134726357,-0.004878731159947837,0.0613358762175127,-0.00206186346166855,-0.006006141416396618,-0.00445013396176688,-0.006177412841863212,-0.007582768162061816,-0.0034555438454198853,-0.006049320559056115,-0.0053725354799490565,-0.006549802630573902,-0.003455543845419875,-0.004279710124597741,-0.0022810484185192673,0.10802194125744004,-0.06571168880219458,-0.0019432739968373667,-0.0030061951106818605,-0.0022810484185192687,-0.00352520560827452,-0.0009696356842476753,-0.0015347083625049966,-0.0016817668047428933,0.0026673748993305325,-0.0006854009595613451,-0.0009696356842476746,-0.0006854009595613441,-0.0006854009595613444,-0.0009696356842476753,-0.003856000544660363,0.13622976568610745,-0.00456059657455411,-0.007619075019517852,-0.002576037764248544,-0.026037101401181113,-0.0019432739968373645,-0.0022810484185192643,0.03953897164254567,-0.004221538613690465,-0.005651216278606714,0.013842829614158298,-0.0022810484185192687,-0.012921749636099754,-0.0018171407467263549,-0.0009696356842476735,-0.19442864777944857,-0.000685400959561345,-0.0006854009595613446,1.0,-0.0022810484185192647,-0.0015347083625049944,-0.0016817668047428946,-0.0006854009595613444,-0.0009696356842476746,-0.004930009996542106,-0.000685400959561344,-0.005466739938600008,-0.011086348305829698,-0.0006854009595613443,-0.011027392985252956,-0.007399389449496116,-0.0009696356842476738,-0.003455543845419877,-0.019326804978071602,-0.010611021536400806,-0.003525205608274519,-0.0011879637962715498,-0.0018171407467263583,-0.0034555438454198836,-0.000685400959561344,-0.005419808745550287,-0.010640988927468538,-0.002174144238404753,-0.010849762198506804,-0.0006854009595613452,-0.008593277194535112,-0.0015347083625049968,-0.0035252056082745115,-0.019008973976824422,-0.010339601285233221,-0.004279710124597735,-0.017334820079736784,-0.03188173396222223,0.08445385565760288,-0.0025760377642485353,-0.018550222904885026,0.02047213503816718,-0.0036608325200733027,-0.008726721158229036,-0.000685400959561345,0.009755248629354939,0.029882556462816613,-0.023354965043271513,-0.0033845486021890077,-0.0016817668047428929,-0.0011879637962715491,-0.0041029756924804706,-0.022429032789825495,0.027808705736221045,-0.0056512162786067155,-0.0009696356842476764,0.007546340883836916,-0.008322484427420753,-0.007619075019517859,0.018010341519502388,-0.008792984229363454,-0.016581607676717288,-0.006049320559056109,0.08269552239144061,-0.01795379119975099,-0.003981230636748935,-0.002576037764248535,-0.004722006332554305,-0.005130699434093792,0.009376899469075925,0.003919071974872485,-0.0029250007138830725,-0.0018171407467263581,-0.0009696356842476735,-0.0013722134196707798,-0.004878731159947838,0.058879713154733684,-0.0006854009595613455,-0.01685987653327572,0.006906656085580735,-0.0035936116369826698,-0.0011879637962715467,-0.0006854009595613454,-0.08555747920617542,-0.004337181719265882,-0.021437070970360433,0.026001457198358304,-0.0015347083625049985,-0.0038560005446603585,-0.004042518814132188,-0.002667374899330422,-0.0006854009595613451,0.007099093560413982,-0.003981230636748934,0.015805664849522883,-0.0030853618542539454,-0.013676117199022987,-0.03578522245913221,-0.0030061951106818553,-0.006630352749378732,-0.002061863461668547,0.04359299749403615,-0.016692827395315482,0.027808705736221028,-0.004826981389391315,-0.0025760377642485336,-0.0011879637962715485,0.005786383221250442,0.16704972462241924,-0.0020618634616685516,-0.0018171407467263573,-0.13489053214483637,-0.003791970610339498,0.007834487246047388,-0.0009696356842476741,0.0013722134196707397,-0.005130699434093789,0.007975904909222708,-0.002281048418519266,-0.0009696356842476745,0.0015347083625047834,-0.000685400959561344,-0.0013722134196707805,-0.0009696356842476752,-0.002061863461668547,-0.0015347083625049966,-0.001534708362504997,-0.007905406612684218,-0.001187963796271549,0.010217924776423623,-0.0013722134196707796,-0.002383299907565853,-0.0030853618542539467,0.012243190039424458,-0.008010999925671865,0.030007854108606496,-0.010670919830219448,-0.003384548602189013,-0.007691334763116898,-0.0018171407467263562,-0.0049300099965421135,-0.014921863748068996,-0.02898334181693017,0.0633455015456537,-0.003162653435841257,-0.0018171407467263568,-0.0006854009595613451,-0.021498233451590198,-0.0026673748993304154,-0.0006854009595613452,-0.00630344262765021,-0.0009696356842476741,-0.023452358425057704,-0.007655263288873449,-0.001534708362504996,-0.023452358425057666,0.024851052753114604,-0.003981230636748936,-0.0152255560306322,0.02300050153212716,-0.009848642412709446,-0.0015347083625049964,-0.019910326354183,-0.0023832999075658516,-0.11845066829383338,0.1212837955177902,-0.0009696356842476745,-0.005031212937271013,-0.007325140422603417,-0.008559719094491984,-0.010550975584685315,-0.01198612988698972,0.0599252232192145,-0.007905406612684223,-0.005559611258532555,-0.006670350116675799,-0.006261653917248707,-0.005372535479949052,-0.005830869671712122,-0.0013722134196707803,-0.0023832999075658486,-0.00866015480747239,-0.013285926280496416,-0.005419808745550286,-0.0027558066815460192,-0.005324910884747054,-0.0030853618542539415,0.13622976568610745,-0.006590171425590696,-0.005559611258532543,-0.0021741442384047545,-0.0037919706103395007,-0.0015347083625049966,-0.0034555438454198792,-0.0052769253001782295,0.023096767604219828,-0.011957466072516328,-0.010581017232071718,-0.005962712492266397,-0.0032382043469266295,-0.0028416046134726396,-0.006984097494435166,-0.01261187117017018,-0.01613773377998146,-0.014120139929614813,-0.010034112259086151,-0.006092255364600983,0.14354712739814438,-0.0029250007138830773,-0.0022810484185192643,-0.0006854009595613451,0.04854066340545395,-0.013425492577827769,-0.014369255787343875,-0.00966139447134431
RoofMatl_Tar&Grv,0.0911075852102112,0.08920682502059142,-0.023446725810619237,-0.019661532589328224,-0.03397444231705607,-0.020442747692984223,-0.04735181861370555,0.0004203917658504682,0.0710209892007121,0.03152788653269259,-0.04377562395282357,-0.006662630483995299,0.025559214996829775,0.05856737461351972,-0.007640141131252112,0.004920811214208656,-0.018807528316383177,-0.009171461441647953,0.04514438361918359,-0.03650308743855518,0.005597003413494247,-0.01481026674106763,0.08107882169333917,-0.0072356599556264115,-0.08168816192893065,0.027146653429934078,0.13937425193438885,-0.07528833037809042,-0.0022810484185192647,0.10623410286525978,-0.0158905891038315,-0.004566794380933166,-0.05164909988501354,0.09640502276859345,0.16037600936286733,-0.003226995692431686,-0.009171461441647948,-0.017721567766963774,0.1610744693844462,-0.02948303116709234,-0.016576458143047527,0.0704488412547642,-0.02083909508150722,-0.01404949007459746,-0.009457001218333832,-0.016236659493301567,0.07250067408651555,-0.006861983956736439,-0.01998873679436159,-0.014810266741067633,-0.02055873660067667,-0.025235828871817082,-0.011500221459806002,-0.020132439124658154,-0.01788006478400563,-0.02179806830391042,-0.01150022145980601,-0.014243087750683028,-0.007591442374051061,-0.021116528660441565,0.011676183564301324,0.10083127861024958,-0.010004766563749575,-0.007591442374051077,-0.011732059264778641,-0.0032269956924316874,-0.005107585617360074,-0.0055970034134941084,0.008877156080448848,-0.0022810484185192665,-0.003226995692431687,-0.0022810484185192647,-0.0022810484185192647,-0.003226995692431687,-0.012832961234597918,0.02599437807522945,-0.015177891800077031,-0.025356659895798304,-0.008573181560681951,0.008398352228161975,-0.00646731233068655,-0.0075914423740510596,-0.023276814095649752,0.03634917210946209,0.058000839073601165,-0.1456136225278854,-0.007591442374051076,-0.04300422425844179,-0.006047534612732161,-0.003226995692431686,-0.6470681917574077,-0.002281048418519265,-0.0022810484185192634,-0.0022810484185192647,1.0,-0.005107585617360073,-0.005597003413494111,-0.002281048418519265,0.21092817298712543,-0.016407318007103038,-0.0022810484185192647,-0.018193581898952083,-0.03689591751717297,-0.002281048418519265,-0.03669971128359703,0.15695669541012353,-0.0032269956924316856,-0.011500221459806021,-0.06432056640025013,0.03294519399706481,0.04815887264632906,-0.003953602487626557,0.10862000479751421,-0.011500221459806004,-0.0022810484185192647,-0.018037392558695235,-0.035413739397180836,-0.0072356599556264,-0.03610854720724832,-0.0022810484185192656,0.1585204033975237,-0.005107585617360066,-0.011732059264778643,-0.06326280905013601,0.03514115975054793,-0.014243087750683031,-0.023276814095649717,0.023096865935176295,-0.02700940532267943,-0.008573181560681964,-0.028153852740670185,0.035486029226723274,-0.012183432360120188,0.0765678068840608,-0.002281048418519266,-0.06436814328704676,0.05150942891969321,-0.04583645488640539,0.051029087636624205,-0.005597003413494104,-0.003953602487626553,-0.013654906787036588,0.02154359541154249,-0.0026740654550196493,0.13480920646358577,-0.003226995692431692,-0.09393511635692474,0.19177891950927503,-0.025356659895798366,-0.09272642728377674,-0.003019819402771254,0.032428944167879614,0.05208712137165845,-0.027583699244584092,-0.025787075587260764,-0.013249733197818532,-0.00857318156068195,-0.01571507148750488,0.0668635813877522,-0.04364848511029548,-0.04105538529146543,0.062045449730261694,-0.006047534612732171,-0.003226995692431685,-0.004566794380933161,0.02774390239950039,-0.0174048727356021,-0.0022810484185192678,0.030891765449553094,-0.009128290087736891,0.0468321614337178,-0.00395360248762655,-0.0022810484185192678,-0.0016481348817243132,0.034689559694576336,-0.006707142979727262,-0.008517780584855094,-0.005107585617360074,0.09705632558365988,0.0390661010106846,-0.008877156080449105,0.30047628713040103,-0.10180716693523868,-0.013249733197818499,-0.0011035392430871812,0.12601927738311575,-0.02621430216816784,0.01387790852871819,0.05988499029306577,-0.022066143098011855,0.09433495116281111,-0.03438005661839292,-0.02060856296894316,0.029066874092368248,-0.01606443368789529,0.0727050332353936,-0.003953602487626556,-0.018330545287992467,0.038127337132634546,0.09433495116281103,-0.00604753461273217,-0.06778649732596784,-0.012619866434564433,0.026073562479315734,-0.0032269956924316856,0.0045667943809328294,0.02489417948486396,-0.030280635515462943,-0.0075914423740510596,-0.003226995692431687,0.005107585617360135,-0.0022810484185192647,-0.004566794380933161,-0.00322699569243169,-0.006861983956736445,-0.005107585617360082,-0.005107585617360074,-0.02630958565210642,-0.0039536024876265525,0.03400576090049087,0.14696774644093974,0.07979811559603382,-0.010268237416402001,-0.06246203387621408,0.0016481348817242877,-0.028047044157416476,-0.03551335092738427,-0.011263945765943804,0.09155592852953251,0.10862000479751413,0.027146653429934102,0.005573903216043412,-0.04868707753023246,0.053745495174649,-0.01052546763688115,-0.00604753461273217,-0.0022810484185192656,-0.006946758528395945,0.06967222499503994,-0.0022810484185192665,0.04863121223615681,0.21092817298712546,0.017575033153973654,0.03333169509739847,-0.005107585617360071,0.0016374254491279732,0.0033899274325962354,-0.013249733197818516,-0.014218953383351619,0.028622992756581027,-0.03277677086190596,-0.005107585617360068,-0.03338461752160978,-0.00793174040562988,-0.018330545287992543,-0.01880752831638317,-0.003226995692431686,-0.016744126417827927,0.006146877104529651,-0.001671394246727722,-0.035114170523900236,0.0019637045038771164,-0.016474092179929397,0.03093630861328157,-0.018502662262063187,0.04401303015414299,0.01417250309916081,0.02234319343579129,-0.01940542372710302,-0.004566794380933159,-0.007931740405629868,-0.028821425112038983,-0.004960713285305738,-0.018037392558695235,-0.009171461441647941,0.06338654803167897,-0.010268237416401987,0.02599437807522945,-0.021932417657739105,-0.018502662262063208,-0.0072356599556264055,-0.01261986643456442,-0.005107585617360082,0.04955549974498227,-0.01756186935938852,-0.018929734593087718,0.002124699142140175,0.01038466082518961,0.016737282479199127,-0.01077690481951841,-0.009457001218333835,0.04036556994817789,-0.0014569117357911001,-0.01824246564156826,-0.009076478620032845,0.014010229688143031,0.015605858743583513,-0.01589058910383148,-0.009734547580500663,-0.007591442374051068,-0.0022810484185192656,0.009881545393197438,0.013842467459196942,0.008514765180502983,-0.032153600417564515
RoofMatl_WdShake,0.013988232427734615,0.03102634106888804,0.05515098847058757,0.009187892844100548,-0.002459082282492597,0.02838518926023127,0.01172639314283023,0.021757310396783483,0.09656119309243875,0.07808726004867857,-0.012263914777029967,0.027158580905228668,0.057151775541085796,-0.017223675835544565,-0.0051403505465537225,0.044642917004405626,-0.012653861597527929,-0.00617063559747947,0.030373517062592476,-0.024559581065608366,0.0037657104837933676,-0.00996447073806559,-0.009964470738065624,-0.004868212244854888,-0.004083211051500048,-0.011038980123063575,0.06628072126974946,-0.01896684359496064,-0.001534708362504995,-0.015377724734049759,-0.010691320615899905,-0.003072577271642756,-0.04187563513625362,-0.012653861597527922,0.1192481820956399,-0.002171149562076109,-0.006170635597479461,-0.011923218300781782,0.07728708147464558,-0.01983642877405666,-0.011152779014381185,-0.015895860811670617,-0.014020716627044155,-0.00945261386446696,-0.00636274913595143,-0.010924159654485429,0.007450811399564323,-0.004616799922473708,0.040345765480241366,-0.009964470738065622,-0.013832089107550622,-0.01697887571779993,-0.007737444721353508,-0.013545272617357473,-0.012029856413112657,-0.014665921793182594,-0.007737444721353502,0.1376906822061031,-0.005107585617360068,-0.014207376248196176,-0.04484194683961889,0.15446978564199818,0.09671801210446303,-0.005107585617360077,-0.007893427126263305,-0.002171149562076108,-0.003436426116838492,-0.003765710483793421,0.00597262450078594,-0.0015347083625049949,-0.002171149562076109,-0.001534708362504995,-0.001534708362504995,-0.002171149562076109,-0.008634123135020837,-0.011265587625256415,-0.010211811937729548,-0.017060171836483146,-0.005768107913725578,0.012045599635575914,-0.00435126156738023,-0.005107585617360072,-0.01334540965923761,-0.00945261386446693,0.044191178194443584,-0.11086666565160336,-0.005107585617360078,0.030147597234955963,0.3353879782058005,0.3148166865010356,-0.4353528653485231,-0.001534708362504994,-0.0015347083625049942,-0.0015347083625049944,-0.005107585617360073,1.0,-0.003765710483793425,-0.001534708362504995,-0.0021711495620761086,-0.011038980123063591,-0.0015347083625049946,-0.012240793337638424,-0.024823880412261242,-0.001534708362504995,-0.024691871225169956,0.0730230947653939,0.3148166865010354,-0.0077374447213535025,-0.043275412452490156,0.009919038554184646,0.08075583136869371,-0.002660016661864552,-0.0040688316246804326,-0.00773744472135352,-0.0015347083625049946,-0.012135707849456652,0.009783893642834286,-0.0048682122448548875,-0.024294131113991684,-0.0015347083625049946,0.09945982439282872,-0.0034364261168384883,-0.00789342712626329,-0.04256374450298858,0.01116457826304813,-0.00958286799236613,0.012124261062967424,0.00032746628381573307,-0.01817215271647378,-0.005768107913725588,0.05787878086593713,-0.050804583513014395,-0.008197114701856328,0.019540346058684932,-0.0015347083625049933,-0.013989569271698614,0.04325736986557922,-0.028693560731830273,-0.007578476467859624,-0.0037657104837934227,-0.0026600166618645517,-0.00918713494424416,0.06842507997942672,-0.055188054311568556,-0.012653861597527913,-0.00217114956207611,0.016897309960216295,0.021972852037828953,-0.017060171836483146,-0.009888447161846838,-0.0196887183187126,-0.011191854365782301,-0.013545272617357423,-0.01855854244732176,0.035208194034405824,-0.008914530780917041,-0.005768107913725578,0.05654380004486149,-0.011488351770097925,-0.015936864070108532,0.008775348865787028,-0.006549484638601029,-0.004068831624680432,-0.0021711495620761094,-0.003072577271642758,-0.010924159654485439,-0.026065146725016097,-0.0015347083625049938,0.0652714847877135,0.015464966460319054,-0.008046597767243095,-0.0026600166618645413,-0.0015347083625049946,0.017937746375237,-0.009711554910166975,0.02375455937548374,-0.012126006033026287,-0.0034364261168384944,-0.008634123135020832,-0.009051763559833718,-0.005972624500785984,-0.0015347083625049946,0.01589586081167066,-0.00891453078091701,-0.017604797870459876,-0.006908555602413979,0.026513613350871976,0.01828370012510135,-0.006731290219724528,0.03441638736572783,-0.0046167999224737055,-0.03520538734953832,0.01434873509668257,-0.055188054311568514,-0.010808284699070098,-0.005768107913725584,-0.0026600166618645465,0.01295651923801676,-0.009187134944244165,-0.004616799922473704,-0.004068831624680427,0.011377435748100769,-0.008490751179843286,0.017542509861880967,-0.002171149562076109,0.0030725772716428774,-0.011488351770097932,0.017859163737621215,-0.0051075856173600715,-0.00217114956207611,0.0034364261168384693,-0.0015347083625049946,-0.0030725772716427586,-0.002171149562076109,-0.004616799922473706,-0.0034364261168384935,-0.0034364261168384905,-0.01770130821709609,-0.0026600166618645526,-0.011736044245710425,-0.003072577271642748,-0.005336540965509594,-0.006908555602413974,-0.003139031729111044,-0.017937746375237054,0.01985764054349682,0.009649370003023926,-0.007578476467859645,0.02612988776685565,-0.004068831624680431,-0.011038980123063607,0.021092576556512026,-0.04132791755158548,-0.02422758246532975,0.09138664885288954,-0.004068831624680424,-0.0015347083625049946,-0.024232505002364423,0.11029446578118136,-0.001534708362504995,-0.014114287379195593,-0.002171149562076109,0.06543940420359748,-0.017141202419866258,-0.0034364261168384888,-0.05251310213868923,0.0321647247735948,-0.008914530780917047,-0.03409214393127543,0.051501331520977155,-0.022052484256485497,-0.00343642611683849,0.052748420318357574,-0.005336540965509595,0.012956519238016804,-0.01265386159752792,-0.002171149562076109,-0.011265587625256411,-0.016402011269852412,0.020525724654589305,0.010191222284356791,0.004137178098101814,-0.02561039041758469,-0.017701308217096083,-0.01244874517859962,-0.014935844431046934,0.037802691665321575,-0.012029856413112675,-0.013056130606500033,0.2212255635582781,-0.005336540965509595,-0.019391294713275324,-0.0006964658741954596,-0.01213570784945668,-0.006170635597479463,0.048104018661774516,-0.006908555602413977,-0.011265587625256415,-0.014756313156708233,-0.012448745178599594,-0.004868212244854885,-0.008490751179843284,-0.0034364261168384953,-0.007737444721353513,-0.011815771882900162,-0.06644688940042874,0.09732294486523732,0.010054812229396524,-0.013351345073912523,-0.007250791265172608,-0.00636274913595144,0.03143795745039761,-0.028239738917324193,-0.009887587283046917,-0.03161696307456229,0.012615596776213385,-0.013641409636416257,0.05573135214671233,0.09969771060981589,-0.005107585617360071,-0.0015347083625049946,-0.003555707093491805,-0.001186640161183593,-0.03217476823190273,0.050559902215748756
RoofMatl_WdShngl,0.0365988759059959,0.12987335089484184,0.10380250343921407,-0.014399305453537875,-0.007363566893379111,0.0480177465792183,0.031765487195212064,0.10627936336246932,0.1173331894868597,0.12392347477512643,0.003524116220000685,0.06843243702002982,0.13018389796752716,0.04462055742116642,-0.0056329079355674026,0.16932390580208084,-0.01386637676998003,-0.006761916703879321,0.007073290449907087,0.003127495653301777,0.004126547455295618,-0.010919283769821856,0.053886221530746785,-0.00533469286534443,-0.04002673469732293,-0.01209675452532405,0.12786232987740664,-0.04907803121652632,-0.001681766804742895,-0.016851245241139106,-0.011715781675507315,-0.003366997005230339,-0.007713406486614261,0.038043649086868414,-0.006088787712773903,-0.002379192914327909,-0.006761916703879329,-0.01306572195334116,0.06908029134810828,-0.021737190108486633,-0.012221457825645007,-0.01741903002486188,-0.015364206241492245,-0.010358379874444197,-0.006972438897956957,-0.01197093175842094,0.0022341386347995737,-0.005059189774064053,0.03438693017299117,0.05388622153074698,-0.015157504102834864,0.021459811605692724,-0.008478860221147133,-0.014843204354397671,-0.0131825783162959,-0.01607123609626491,-0.00847886022114712,-0.010501115180925535,0.11821549633955743,0.031201572766606542,-0.06782175460417972,-0.00476820706888524,0.08709203542493897,-0.005597003413494107,-0.008649789133186854,-0.0023791929143279085,-0.0037657104837934183,-0.0041265474552957294,0.006544931837226012,-0.0016817668047428929,-0.0023791929143279094,-0.001681766804742895,-0.001681766804742895,-0.002379192914327909,-0.009461459930302205,-0.012345075955117748,-0.011190325636278607,-0.018694907370528917,-0.006320818112729169,0.00035199546885062534,0.14026475794304089,-0.005597003413494102,-0.019275893371496634,-0.010358379874444193,0.03804364908686823,0.008056749497617796,-0.005597003413494119,-0.004730042814702397,-0.0044587141946021485,-0.0023791929143279107,-0.4770691391150003,-0.0016817668047428922,-0.0016817668047428933,-0.0016817668047428946,-0.005597003413494111,-0.003765710483793425,1.0,-0.001681766804742895,-0.0023791929143279094,0.046774117497919696,-0.0016817668047428944,-0.013413727586234674,0.0026140586757586776,-0.001681766804742895,-0.027057889556095952,0.06365760206494653,-0.00237919291432791,-0.008478860221147147,-0.04742213823958268,0.004718541851893126,0.07230336557484411,-0.002914904115518711,-0.004458714194602155,0.07404871259801842,-0.0016817668047428944,-0.013298572622593315,0.004582874420658719,-0.005334692865344423,-0.026622037291107584,-0.0016817668047428933,0.015046790474676445,-0.003765710483793419,-0.008649789133186859,-0.04664227702118304,0.03730415056284601,0.056742867995176575,0.003982622597416654,0.009090731803492607,-0.019913440205278493,-0.006320818112729165,0.02257177666115156,-0.038021901035598084,-0.008982576583964544,0.014275157485967431,-0.0016817668047428927,-0.008785656611804025,0.008521773803218878,-0.014201029528167984,-0.008304659351284402,-0.004126547455295742,-0.0029149041155187116,-0.010067462299289478,-0.011695481484794037,-0.01757279379895017,-0.013866376769980024,-0.0023791929143279107,0.018516439784142184,0.12790977405050438,0.02120942707533684,-0.07044954494158022,-0.021575325778702435,0.030368687008226335,-0.014843204354397664,-0.020336854476621213,-0.021098987889219194,-0.009768736727761344,-0.006320818112729159,-0.011586376399236473,0.04413986114930471,-0.010718622356233349,0.00961621815784616,-0.007177067723403954,-0.004458714194602149,-0.0023791929143279107,-0.00336699700523033,-0.011970931758420924,0.00027654119367982705,-0.0016817668047428929,0.02919030492753168,0.016946846622360966,-0.008817636853154018,-0.0029149041155187095,-0.0016817668047428933,0.019656572638029564,-0.010642133104493032,0.012925620170785204,-0.04326647508313911,-0.003765710483793418,-0.009461459930302212,-0.009919119391818755,-0.006544931837226046,-0.0016817668047428938,0.017419030024861868,-0.009768736727761351,-0.033810231671986005,-0.007570545495625103,0.01861898546016814,0.024529084480293718,-0.007376294233612976,-0.016268881742998138,-0.005059189774064053,-0.01432168422586791,-0.017341316099047304,-0.017572793798950152,-0.011843953461905681,-0.006320818112729152,-0.002914904115518711,-0.036608660407924064,-0.01006746229928946,-0.005059189774064045,-0.004458714194602146,0.01246764156091489,-0.009304349823366233,0.019223463869989965,-0.0023791929143279103,0.0033669970052305053,-0.012589185750329888,-0.057238334841537224,-0.005597003413494103,-0.0023791929143279103,0.0037657104837936156,-0.001681766804742895,-0.0033669970052303323,-0.0023791929143279077,-0.0050591897740640485,-0.003765710483793424,-0.003765710483793414,-0.019397478561623445,-0.002914904115518713,0.025071699218727657,-0.003366997005230337,-0.005847897663954649,-0.007570545495625114,0.030041088074403446,-0.01965657263802957,-0.012819412390216962,-0.02618321217119567,-0.008304659351284405,0.020716047643364578,-0.0044587141946021555,-0.012096754525324067,-0.01172730713085671,-0.04959275266116817,0.06444080196429318,-0.007760195676860369,-0.004458714194602142,-0.0016817668047428929,0.012738986014104687,0.09962840685555199,-0.001681766804742894,0.03157793384332984,-0.0023791929143279085,-0.014460025521594196,0.10045197395183907,-0.003765710483793419,-0.036002512523152834,-0.00334844647641387,0.062263362375933454,-0.037358912850746426,-0.008341211087817175,0.07329784506621387,-0.0037657104837934196,0.062246899206102976,-0.005847897663954653,0.01419803559546869,-0.013866376769980057,-0.0023791929143279094,-0.01234507595511773,-0.01797368070610672,-0.02100296363788816,-0.025888905243629745,0.02716290967934549,0.0011193786897982587,-0.01939747856162341,-0.01364160573667552,-0.016367023193865616,0.031960142097281395,0.04118624750797516,-0.014307191899677944,-0.0033669970052303357,-0.005847897663954641,-0.02124940252266769,-0.006069276654994973,-0.013298572622593343,0.096075566500952,0.04175023796584858,-0.007570545495625105,-0.012345075955117744,-0.016170288918499365,-0.0136416057366755,-0.005334692865344441,-0.009304349823366222,-0.003765710483793424,-0.008478860221147157,-0.012947979831582662,0.0135103425218647,-0.0010090478878003557,-0.02596261836677236,-0.01463069433421462,0.07993729777429175,-0.006972438897956964,-0.017136864434427218,0.02381882701843567,-0.01562871456602307,-0.034646555830836305,-0.024620678855184024,0.033551197610771605,0.048940392956551684,-0.007177067723403973,0.11821549633955718,-0.0016817668047428929,-0.009021443615526786,-0.006573971944836541,-0.00987496872071566,-0.023706142051263306
Exterior1st_AsphShn,0.00788716283010447,-0.0018152386894673019,-0.020817195521266235,-0.005434857139338651,-0.025200127135227172,-0.01494233180552424,-0.03361992765894861,-0.0631247444644182,0.0339652060033136,0.007402820746843823,0.02647937084188109,-0.0579357326606885,-0.019692086396920137,-0.018443486658914033,-0.0022956812402709086,-0.02667660203298711,-0.005651216278606728,-0.0027558066815460192,0.013564816774682836,-0.01096831218233347,0.0016817668047430236,-0.004450133961766882,-0.004450133961766881,-0.0021741442384047532,0.019910326354182953,-0.004930009996542105,-0.0041626376672082455,0.00882600445681576,-0.0006854009595613443,-0.0068676939189830115,-0.004774745214234102,-0.0013722134196707807,0.016304014980018194,-0.0056512162786067095,-0.002481474202684446,-0.0009696356842476744,-0.0027558066815460166,-0.005324910884747069,-0.0036608325200733092,-0.008858951738437832,-0.004980832596595439,0.09654767242162945,-0.006261653917248717,-0.004221538613690467,-0.0028416046134726357,-0.004878731159947839,-0.01117455234732014,-0.0020618634616685508,-0.00600614141639662,-0.004450133961766882,-0.006177412841863215,-0.0075827681620618155,-0.0034555438454198853,-0.006049320559056111,-0.005372535479949057,-0.006549802630573901,-0.0034555438454198758,-0.0042797101245977435,-0.0022810484185192673,-0.006345016128972192,0.01043042679399913,-0.0019432739968373667,-0.0030061951106818596,-0.002281048418519269,-0.0035252056082745193,-0.0009696356842476752,-0.0015347083625049964,-0.0016817668047428935,0.0026673748993303764,-0.000685400959561345,-0.0009696356842476746,-0.0006854009595613445,-0.0006854009595613443,-0.0009696356842476752,-0.0038560005446603633,0.13622976568610745,-0.004560596574554111,-0.007619075019517854,-0.002576037764248543,0.026324011609458547,-0.0019432739968373654,-0.002281048418519265,-0.017334820079736777,-0.004221538613690468,-0.005651216278606716,-0.04951306767948118,-0.002281048418519269,0.05304242682790607,-0.0018171407467263553,-0.0009696356842476742,0.003525205608274582,-0.0006854009595613448,-0.0006854009595613446,-0.0006854009595613444,-0.002281048418519265,-0.001534708362504995,-0.001681766804742895,1.0,-0.0009696356842476746,-0.004930009996542106,-0.0006854009595613444,-0.005466739938600009,-0.0110863483058297,-0.0006854009595613444,-0.011027392985252958,-0.007399389449496118,-0.0009696356842476739,-0.003455543845419878,-0.019326804978071606,-0.01061102153640081,-0.003525205608274519,0.5769544170558818,-0.0018171407467263583,-0.003455543845419885,-0.0006854009595613444,-0.005419808745550291,-0.010640988927468543,-0.002174144238404753,-0.010849762198506809,-0.0006854009595613451,-0.008593277194535114,-0.0015347083625049977,-0.003525205608274512,-0.01900897397682443,-0.010339601285233223,-0.004279710124597734,-0.017334820079736784,0.021498233451590146,-0.008115685828958842,-0.0025760377642485366,-0.018550222904885033,0.020472135038167177,-0.0036608325200733036,-0.008726721158229032,-0.0006854009595613451,0.00975524862935496,0.029882556462816623,-0.023354965043271517,-0.0033845486021890085,-0.0016817668047428935,-0.0011879637962715496,-0.004102975692480471,-0.022429032789825505,0.02780870573622104,-0.005651216278606719,-0.0009696356842476759,0.007546340883836776,-0.008322484427420755,-0.007619075019517858,0.018010341519502385,-0.008792984229363452,-0.01658160767671729,-0.00604932055905611,-0.008288247534334289,0.03817583439261827,-0.003981230636748935,-0.0025760377642485358,-0.004722006332554305,-0.0051306994340937955,0.00937689946907583,0.003919071974872557,-0.0029250007138830717,-0.001817140746726359,-0.0009696356842476742,-0.0013722134196707807,-0.0048787311599478396,-0.011640698006801339,-0.0006854009595613452,0.040652786407337736,-0.09923774270334383,-0.0035936116369826706,-0.0011879637962715472,-0.0006854009595613454,0.008010999925671832,-0.004337181719265881,-0.021437070970360433,0.026001457198358335,-0.0015347083625049985,-0.003856000544660359,-0.00404251881413219,-0.002667374899330422,-0.0006854009595613451,0.007099093560413955,-0.003981230636748933,0.015805664849522883,-0.0030853618542539462,-0.01367611719902299,0.0191531842604609,-0.0030061951106818557,-0.006630352749378732,-0.0020618634616685473,-0.015722730689834118,-0.01669282739531549,0.027808705736221056,-0.004826981389391316,-0.002576037764248534,-0.0011879637962715485,0.005786383221250391,-0.00410297569248048,-0.0020618634616685516,-0.001817140746726358,0.00508116432386374,-0.0037919706103394994,0.007834487246047388,-0.0009696356842476744,0.0013722134196706333,-0.005130699434093792,0.007975904909222696,-0.0022810484185192656,-0.0009696356842476746,0.0015347083625048968,-0.0006854009595613446,-0.0013722134196707807,-0.0009696356842476753,-0.0020618634616685477,-0.0015347083625049962,-0.001534708362504997,-0.00790540661268422,-0.001187963796271549,0.010217924776423618,-0.0013722134196707794,-0.0023832999075658534,-0.0030853618542539467,0.012243190039424453,-0.008010999925671865,-0.022840718869156514,-0.01067091983021945,-0.003384548602189013,-0.007691334763116896,-0.001817140746726357,-0.004930009996542113,-0.014921863748068996,-0.028983341816930176,0.06334550154565373,-0.0031626534358412573,-0.0018171407467263568,-0.0006854009595613451,-0.021498233451590205,-0.002667374899330416,-0.0006854009595613451,-0.006303442627650211,-0.0009696356842476741,-0.023452358425057697,-0.007655263288873451,-0.0015347083625049964,-0.02345235842505766,0.024851052753114618,-0.003981230636748938,-0.015225556030632208,-0.029799391922127143,-0.009848642412709446,-0.001534708362504997,-0.019910326354183005,-0.002383299907565852,-0.11845066829383338,0.12128379551779012,-0.0009696356842476745,-0.005031212937271013,-0.007325140422603417,-0.00855971909449199,0.06496090850178803,-0.011986129886989725,-0.011437603779197543,-0.007905406612684223,-0.005559611258532556,-0.0066703501166757995,-0.00626165391724871,-0.005372535479949056,-0.005830869671712123,-0.0013722134196707807,-0.002383299907565848,-0.008660154807472394,-0.013285926280496416,-0.005419808745550287,-0.002755806681546019,-0.005324910884747052,-0.0030853618542539415,0.13622976568610745,-0.006590171425590697,-0.005559611258532544,-0.0021741442384047554,-0.003791970610339502,-0.0015347083625049962,-0.00345554384541988,-0.005276925300178234,0.02309676760421982,-0.01195746607251633,-0.01058101723207172,-0.005962712492266397,-0.0032382043469266287,-0.0028416046134726422,-0.006984097494435168,-0.012611871170170182,-0.016137733779981463,-0.014120139929614818,0.06830708505784298,-0.006092255364600984,-0.0047747452142341135,-0.002925000713883078,-0.002281048418519265,-0.0006854009595613451,-0.014120139929614839,-0.013425492577827765,-0.014369255787343879,0.07094223940387107
Exterior1st_BrkComm,0.004529018206650352,-0.002332308015739037,-0.05623951220372603,-0.019955626129833284,-0.05359632946317198,-0.02113889384365317,0.005933060752093614,-0.035421833350293926,-0.005043629576754567,-0.028587783689822694,-0.034394597239992206,-0.00588833632713177,-0.027858364365235463,-0.0260919722345798,-0.003247696722877732,-0.0512641244105631,-0.007994766985218954,-0.0038986354775828506,0.019190125446325278,-0.015516854389532172,0.002379192914327831,-0.006295597677267974,-0.006295597677267971,-0.0030757585131014832,0.028167108097409674,-0.006974477566247303,-0.005888877111146439,0.012486134942289374,-0.0009696356842476746,-0.009715716033719195,-0.0067548247173088724,-0.0019412682161517052,-0.018203468897253484,-0.007994766985218926,-0.003510537741299341,-0.0013717421124828557,-0.0038986354775828445,-0.007533143245953531,-0.005178974140609907,-0.012532745410970594,-0.007046376220444556,0.13658584381174646,-0.008858352174556853,-0.005972204189622775,-0.004020013680035242,-0.0069019334749167,-0.015808622034013134,-0.0029169150707926976,-0.008496879032243016,-0.006295597677267976,-0.008739176454660777,-0.01072733046656062,-0.004888552568041254,-0.008557964499010758,-0.0076005176876018914,-0.009265995716504865,-0.00488855256804124,-0.006054499336712149,-0.003226995692431687,-0.008976284567380786,0.014755908757214763,-0.0027491467371303963,-0.0042528596035137705,-0.003226995692431688,-0.004987102956903682,-0.0013717421124828553,-0.0021711495620761107,-0.0023791929143279085,0.0037735311711738864,-0.0009696356842476739,-0.0013717421124828557,-0.0009696356842476748,-0.0009696356842476746,-0.0013717421124828553,-0.005455078045081898,-0.007117649210979693,-0.0064518689658320865,-0.010778693722011545,-0.003644316666529883,0.03724053877224921,-0.0027491467371303937,-0.003226995692431684,-0.024523543328686455,-0.0059722041896227785,-0.007994766985218938,-0.02523131548858843,-0.0032269956924316904,-0.01828037935356191,-0.002570706222025124,-0.001371742112482857,-0.13503540314077664,-0.0009696356842476731,-0.0009696356842476726,-0.0009696356842476746,0.21092817298712543,-0.0021711495620761086,-0.0023791929143279094,-0.0009696356842476746,1.0,-0.0069744775662473136,-0.0009696356842476748,-0.00773378859049304,-0.015683839912058236,-0.0009696356842476748,-0.015600435910633932,-0.010467904883688798,-0.0013717421124828568,-0.004888552568041242,-0.02734160130331211,-0.01501139586177356,-0.004987102956903682,-0.0016806105570620117,0.5336051629432146,-0.0048885525680412495,-0.0009696356842476748,-0.007667395103803945,-0.01505379068386672,-0.0030757585131014837,-0.015349141909586302,-0.0009696356842476741,-0.012156896041968894,-0.0021711495620761133,-0.00498710295690367,-0.026891966274253113,-0.014627418049533578,-0.006054499336712135,-0.02452354332868643,0.030413517828002345,-0.011481248270994492,-0.0036443166665298767,-0.026242971837735236,0.028961897979320552,0.12984428023957692,-0.01234567901234565,-0.0009696356842476731,-0.04279778570429938,0.004913294726346627,-0.03304023315754672,0.14085040370070875,-0.002379192914327909,-0.0016806105570620117,-0.005804473407180579,-0.03173031822146067,0.03934093327187633,-0.007994766985218936,-0.0013717421124828568,-0.05890752191568146,-0.011773805930454753,-0.010778693722011554,0.025479202471460762,-0.012439421277254205,-0.023457974899583213,-0.008557964499010756,-0.011725371050416569,0.054007294251094864,-0.005632240863920685,-0.0036443166665298746,-0.006680215102439393,-0.007258392605155711,0.013265485269582924,-0.12093515500427164,0.1636806521541317,-0.002570706222025129,-0.001371742112482857,-0.0019412682161517054,0.09592278972282171,-0.016468077582163235,-0.0009696356842476739,0.016829896518341957,-0.0653103231772855,0.13236909011114542,-0.0016806105570620065,-0.0009696356842476734,-0.12103803435828286,0.10871386616772133,-0.030326991359793977,-0.0002536842865001976,-0.0021711495620761125,0.1230032114036207,-0.0057189451542842985,0.1798716524926286,-0.0009696356842476741,-0.13658584381174646,-0.005632240863920685,0.022360249774329162,-0.0043648566739910395,-0.019347581985605856,-0.011764659440747914,-0.004252859603513767,-0.009379949845798083,-0.0029169150707926933,0.019714011810074688,-0.023615317264574658,0.03934093327187652,-0.0068287231540333625,-0.0036443166665298707,-0.0016806105570620097,0.008185987451268384,0.11526025765687159,-0.0029169150707927002,-0.0025707062220251273,-0.09182055659026367,-0.00536449499539186,0.011083437067862576,-0.0013717421124828568,0.0019412682161515777,-0.007258392605155701,0.011283500418642728,-0.0032269956924316856,-0.0013717421124828568,0.0021711495620760895,-0.0009696356842476748,-0.001941268216151706,-0.0013717421124828555,-0.0029169150707926937,-0.002171149562076109,-0.0021711495620761107,-0.011183766586863216,-0.0016806105570620128,-0.04022013829788048,-0.0019412682161517008,-0.003371650716857803,-0.00436485667399104,-0.030938769309626066,-0.011333149284483417,-0.032312729885259406,-0.015096133885994144,-0.004788115706539692,-0.010880919470240807,-0.0025707062220251277,-0.006974477566247309,0.021935466004724548,-0.003773879347805648,-0.01530709617239118,-0.0044742009556899736,-0.002570706222025127,-0.0009696356842476741,-0.030413517828002393,-0.0037735311711740225,-0.0009696356842476742,-0.008917470598945855,-0.0013717421124828557,-0.03317801542509692,-0.010829889211059016,-0.0021711495620761094,0.04134491152973627,-0.03901789167165747,-0.005632240863920694,0.021072588156659137,-0.004809189893498007,-0.01393285928702217,-0.002171149562076113,-0.0281671080974097,-0.003371650716857803,0.008185987451268395,-0.007994766985218928,-0.0013717421124828549,-0.007117649210979691,-0.010362864899440886,-0.01210942144940603,-0.014926448946153244,0.03196985888095488,0.034297680355854225,-0.011183766586863219,-0.007865173504087867,-0.009436534059849983,-0.00885835217455684,-0.00760051768760189,-0.008248922364374904,-0.0019412682161517052,-0.0033716507168577953,-0.012251507698221595,-0.018795579492765925,-0.0076673951038039425,-0.0038986354775828484,-0.007533143245953508,-0.004364856673991033,-0.007117649210979693,-0.0093231053887811,-0.007865173504087853,-0.0030757585131014863,-0.005364494995391861,-0.0021711495620761086,0.28060291740556753,-0.007465258113202615,-0.04198144523351057,-0.016916208877958253,-0.014968948818546306,-0.008435440200012464,-0.004581082713504681,-0.0040200136800352506,0.06447719723290518,0.02952039133679368,-0.02283002717996434,-0.019975740260252086,-0.01419524319368301,-0.00861870430243792,-0.00675482471730889,-0.004137994015132553,-0.003226995692431688,-0.0009696356842476741,-0.019975740260252114,-0.018993023719131474,0.06747988195058123,-0.013667959912113578
Exterior1st_BrkFace,0.021342106741908833,0.08383855480184066,-0.024424175870390412,-0.0974705906841832,-0.15206376353028747,-0.10514372717494258,0.0005369842859101337,0.05375549467361372,0.12309271309081146,0.03867891448474424,-0.16010991448788917,-0.03698712235146701,-0.06781898964516758,-0.03423223087099506,-0.007779585868204929,0.03237139069159011,-0.04064854645663654,-0.019822199398808145,0.042248827202382606,-0.026056669085266743,0.012096754525324058,0.013584434623357261,0.013584434623357216,0.03002566766954903,0.002516260163431003,0.005957446808510625,0.018630187214622656,-0.036045522797269004,-0.004930009996542106,0.011981771039448384,-0.03434419124855182,-0.009870172753618227,-0.017016067556227234,0.050654342507500984,0.022242547088871332,-0.006974477566247311,-0.019822199398808128,-0.019018660677098124,0.028588969727600153,-0.06372141739826918,0.107760654593303,-0.03615257613160084,-0.045039353937700914,0.01756248260570303,-0.02043933402078413,-0.014180093327748083,0.14910875798107234,-0.014830745909717528,0.025920889205435192,-0.009212432675610064,-0.04443341760514058,0.0018341549526715668,0.004175695113803908,-0.04351206459868558,-0.03864402763584898,-0.04711197437595223,-0.024855328058356486,-0.007128801490868253,0.11425459630400864,-0.012733835712857557,-0.034511433806486344,0.08805979713003004,0.07807118487947085,-0.01640731800710304,-0.025356397078554506,-0.006974477566247314,-0.011038980123063591,-0.012096754525324046,0.01918611979568967,-0.004930009996542104,-0.006974477566247314,-0.004930009996542107,-0.004930009996542106,-0.006974477566247316,-0.02773576687726533,0.024775500955622344,-0.03280384479930854,-0.012691250523253822,-0.018529142324725047,0.08388989338476163,-0.013977745576195227,-0.016407318007103034,-0.09196043055313441,-0.030365040019206153,-0.004127390870981578,-0.0827147870599267,0.027146653429934116,0.07786552112884096,-0.013070483665821461,-0.006974477566247314,-0.003120787332745024,-0.004930009996542105,-0.00493000999654211,-0.004930009996542106,-0.016407318007103038,-0.011038980123063591,0.046774117497919696,-0.004930009996542106,-0.0069744775662473136,1.0,-0.004930009996542106,-0.039321629434313464,-0.0797428238324437,-0.004930009996542107,-0.07931876501586614,-0.053222954309358805,-0.0069744775662473136,-0.024855328058356514,-0.13901547760320185,-0.07632385323980229,-0.02535639707855446,-0.008544886477686156,-0.013070483665821508,0.6718892280734936,-0.004930009996542106,-0.038984058779272544,-0.044148816347211184,-0.01563836857789009,-0.0780410872680664,-0.004930009996542105,0.014451457573368335,0.11789630771431923,0.003120787332745158,-0.13672935589370977,0.0579116604286661,-0.007128801490868235,-0.12468736013450588,0.14695519310258134,-0.04505835093555453,-0.01852914232472505,-0.03762277594977768,0.05411706542195569,0.02858896972760024,-0.012554059619245127,-0.004930009996542104,0.0011037722301560015,0.05537483139075715,-0.09217356515437045,0.09413271420850189,-0.012096754525324053,-0.008544886477686144,-0.029512230610887587,-0.054611844221040845,0.09437863166743135,0.014133186921845956,-0.006974477566247317,0.011825276785664675,0.005360836114613889,-0.012691250523253872,0.048890610865066596,0.0490590979632251,-0.08594258512868667,0.05950568834306747,0.03200459793922323,-0.024168729104700883,-0.0032975401033224737,0.020117354523987167,0.009155741246471094,0.06287438251845895,-0.051194677176923185,-0.10042485290857668,0.08135154451070406,-0.013070483665821498,-0.006974477566247314,0.13423434944920798,0.09038019080615194,0.038008645557200516,-0.004930009996542106,0.019380715859341743,-0.011399972694694472,0.030060771099487866,-0.008544886477686142,-0.004930009996542107,-0.11736489263269673,-0.031196847530655908,-0.05431010150301287,0.058971068801110006,-0.011038980123063613,0.024514839110873276,-0.004105040648832263,0.055511839942194885,-0.004930009996542107,-0.05330973090591976,0.022041452269576732,0.02856783502309628,-0.022192651720471204,-0.02495410916000464,-0.004492978953653933,0.0448397184293171,-0.031866501028734125,-0.01483074590971752,0.014903568857435585,-0.012063863099729177,-0.0037213918291648797,0.04976521870625123,0.020117354523987167,-0.00854488647768615,-0.04774149059753546,0.019731034179850563,-0.014830745909717514,-0.013070483665821473,-0.0037237817756454465,0.02582052924572844,0.015215191886642398,-0.006974477566247312,0.009870172753618506,0.022962817963263278,-0.023688160401595732,-0.016407318007103013,-0.006974477566247314,0.01103898012306338,-0.004930009996542107,-0.009870172753618223,0.09485289490096321,-0.014830745909717514,-0.011038980123063594,-0.011038980123063591,-0.05686267736217718,-0.00854488647768614,0.0512570424690192,-0.009870172753618222,0.02457134833858534,-0.022192651720471163,0.058619602849906936,-0.057622197875440075,-0.07305857004517685,0.04177226656808337,0.06451336878944752,0.042159852411836826,-0.013070483665821494,0.04737588652482265,-0.01978732426349357,-0.01161645236241463,0.0075269605139020096,0.008882787114237248,0.041452105340176675,-0.004930009996542105,-0.04712664746596739,0.05551183994219491,-0.004930009996542107,0.004307293854314442,-0.006974477566247311,-0.0019723766403275957,0.14067508134266143,-0.011038980123063591,0.020761859371869033,-0.01735845474970353,-0.0032975401033224637,0.020478539408230474,0.04390922020807212,-0.07084014819311119,-0.01103898012306359,-0.018149195646874772,-0.017142801166454915,-0.029869035143073455,0.032393764714673486,-0.006974477566247312,-0.03618893398012251,-0.009145995935491395,-0.01056717397827549,0.05446363444704073,0.04314150146407239,0.010125460173810712,-0.029643166231430082,-0.002919878630972493,-0.032237614608126755,-0.028391896532879903,0.018732528650598018,-0.0241919238931285,-0.009870172753618229,-0.01714280116645491,0.038759151833416966,-0.09556413433983035,0.03690490897771128,-0.019822199398808155,0.00026414806495966576,-0.022192651720471118,0.024775500955622344,0.00032691270661612656,-0.03998964211984071,-0.015638368577890135,-0.027275206949713103,-0.011038980123063608,0.004175695113803878,0.05926512287083064,-0.054025523200476794,0.013652170379067356,0.021458753492053225,0.02668655283475457,-0.02329203012994258,-0.020439334020784173,0.04049938271783533,-0.07145101063761825,0.06941511520579433,-0.029450628614779536,-0.01582429233730273,0.007361909469540774,0.05100477764146639,-0.021039192545871725,-0.01640731800710306,-0.004930009996542105,-0.03846486714257381,0.014739329156031803,-0.0051372411063934946,0.03486577904452855
Exterior1st_CBlock,0.025458766693714385,-0.013425682682207972,-0.03975370982721544,-0.04445464886204561,-0.044227943445444506,-0.014942331805524237,-0.00872683234352789,-0.012979758198834507,-0.021856135968703463,-0.007050333107034812,-0.013730715221005647,-0.01653382989985469,-0.019692086396920133,-0.018443486658914023,-0.0022956812402709086,-0.025028294581555425,-0.005651216278606727,-0.002755806681546019,0.013564816774682886,-0.010968312182333465,0.0016817668047430703,-0.004450133961766881,-0.004450133961766879,-0.0021741442384047524,0.019910326354182998,-0.004930009996542102,-0.0041626376672082455,0.008826004456815728,-0.0006854009595613444,-0.006867693918983012,-0.0047747452142341005,-0.0013722134196707798,-0.04203878372298808,-0.005651216278606707,-0.0024814742026844456,-0.0009696356842476742,-0.0027558066815460153,-0.005324910884747068,-0.00366083252007331,-0.00885895173843783,-0.004980832596595438,-0.007099093560413935,-0.006261653917248715,-0.004221538613690466,-0.002841604613472636,-0.004878731159947836,-0.011174552347320134,-0.00206186346166855,-0.006006141416396619,-0.00445013396176688,-0.006177412841863213,0.09038928065749781,-0.003455543845419885,-0.006049320559056114,-0.0053725354799490565,-0.006549802630573901,-0.003455543845419875,-0.004279710124597742,-0.0022810484185192673,-0.006345016128972189,-0.06571168880219458,-0.0019432739968373673,-0.003006195110681861,-0.0022810484185192687,-0.00352520560827452,-0.0009696356842476754,-0.0015347083625049968,-0.0016817668047428933,0.002667374899330534,-0.0006854009595613452,-0.0009696356842476746,-0.0006854009595613442,-0.0006854009595613444,-0.0009696356842476753,-0.003856000544660362,-0.00503121293727101,-0.00456059657455411,-0.007619075019517852,-0.002576037764248544,-0.02603710140118111,-0.0019432739968373645,-0.0022810484185192643,-0.017334820079736777,-0.004221538613690466,-0.005651216278606714,0.01384282961415829,-0.0022810484185192687,-0.012921749636099756,-0.0018171407467263549,-0.0009696356842476738,0.0035252056082745267,-0.0006854009595613451,-0.0006854009595613447,-0.000685400959561344,-0.0022810484185192647,-0.0015347083625049946,-0.0016817668047428944,-0.0006854009595613444,-0.0009696356842476748,-0.004930009996542106,1.0,-0.005466739938600008,-0.011086348305829698,-0.0006854009595613442,-0.011027392985252956,-0.007399389449496115,-0.0009696356842476738,-0.003455543845419877,-0.019326804978071602,-0.01061102153640081,-0.0035252056082745197,-0.0011879637962715498,-0.0018171407467263581,-0.0034555438454198827,1.0,-0.0054198087455502855,-0.010640988927468538,-0.002174144238404753,-0.010849762198506802,-0.0006854009595613451,-0.008593277194535112,-0.0015347083625049966,-0.0035252056082745115,-0.019008973976824425,-0.010339601285233223,-0.004279710124597735,-0.017334820079736784,0.02149823345159008,-0.008115685828958835,0.26606790050738394,-0.018550222904885026,-0.03347970098299554,-0.0036608325200733023,-0.008726721158229036,-0.000685400959561345,0.009755248629354929,-0.022936490069522666,0.029347119907542116,-0.0033845486021890077,-0.0016817668047428929,-0.0011879637962715491,-0.0041029756924804706,-0.02242903278982549,0.027808705736221025,-0.0056512162786067155,-0.0009696356842476761,0.0075463408838369415,-0.008322484427420755,-0.007619075019517859,0.0180103415195024,-0.008792984229363452,-0.016581607676717288,-0.006049320559056108,-0.00828824753433429,-0.01795379119975099,-0.0039812306367489345,-0.002576037764248535,-0.004722006332554305,0.13358821119140504,-0.07309462598183233,0.003919071974872453,-0.0029250007138830725,-0.0018171407467263581,-0.0009696356842476733,-0.0013722134196707798,-0.004878731159947836,-0.011640698006801337,-0.0006854009595613455,-0.01685987653327572,0.006906656085580779,-0.003593611636982671,-0.0011879637962715467,-0.0006854009595613453,0.008010999925671837,-0.004337181719265881,-0.021437070970360433,0.026001457198358335,-0.0015347083625049985,-0.0038560005446603572,-0.004042518814132188,-0.0026673748993304215,-0.0006854009595613451,0.007099093560413988,-0.0039812306367489345,0.01580566484952283,-0.0030853618542539454,-0.013676117199022987,-0.0357852224591322,-0.003006195110681855,-0.006630352749378731,-0.002061863461668547,0.04359299749403614,-0.01669282739531548,-0.02464699242254214,-0.004826981389391315,-0.0025760377642485323,-0.0011879637962715485,0.005786383221250446,-0.004102975692480479,-0.002061863461668551,-0.0018171407467263568,0.005081164323863821,-0.003791970610339497,0.007834487246047402,-0.0009696356842476739,0.0013722134196707558,-0.005130699434093789,0.00797590490922269,-0.002281048418519266,-0.0009696356842476745,0.0015347083625047702,-0.0006854009595613439,-0.0013722134196707805,-0.0009696356842476752,-0.002061863461668547,-0.0015347083625049966,-0.001534708362504997,-0.007905406612684218,-0.0011879637962715487,0.010217924776423653,-0.0013722134196707794,-0.0023832999075658525,-0.003085361854253946,0.01224319003942447,-0.008010999925671865,0.030007854108606506,0.06423072897805171,-0.0033845486021890137,-0.007691334763116898,-0.0018171407467263562,-0.004930009996542113,0.04593266438651404,-0.028983341816930176,-0.01082004156313089,-0.0031626534358412564,-0.0018171407467263566,-0.0006854009595613451,-0.021498233451590198,-0.0026673748993304154,-0.0006854009595613451,-0.00630344262765021,-0.0009696356842476739,-0.0234523584250577,-0.0076552632888734476,-0.001534708362504996,0.02922524665276419,-0.027580359124843915,-0.003981230636748936,0.04501648138054129,-0.029799391922127133,-0.009848642412709446,-0.0015347083625049964,-0.019910326354182998,-0.0023832999075658516,0.005786383221250409,-0.005651216278606707,-0.0009696356842476745,-0.005031212937271012,-0.007325140422603417,-0.008559719094491984,-0.010550975584685316,-0.01198612988698972,-0.01143760377919754,-0.007905406612684221,-0.005559611258532555,0.10275337089845529,-0.006261653917248706,-0.005372535479949051,-0.0058308696717121215,-0.0013722134196707803,-0.0023832999075658486,0.07914419254606717,-0.013285926280496416,-0.005419808745550286,-0.002755806681546019,-0.005324910884747053,-0.003085361854253941,-0.00503121293727101,-0.006590171425590694,-0.005559611258532543,-0.0021741442384047554,-0.0037919706103395016,-0.0015347083625049966,-0.00345554384541988,-0.0052769253001782295,-0.02967518967615717,0.05731991672857044,-0.010581017232071718,-0.005962712492266397,-0.0032382043469266295,-0.0028416046134726396,-0.0069840974944351646,-0.01261187117017018,0.042471946117463584,-0.014120139929614816,-0.010034112259086151,-0.006092255364600983,-0.004774745214234111,-0.0029250007138830777,-0.002281048418519264,-0.0006854009595613451,-0.014120139929614835,-0.013425492577827765,0.04769912719940786,-0.00966139447134431
Exterior1st_CemntBd,-0.06973751047909793,-0.02758857448648901,0.11375270610674898,0.10404227892808912,0.0988861687932448,0.042287063461332076,0.005086382328902789,0.09392234422757159,0.07937290750617826,0.07757780356356196,0.11822197155281385,0.048996718601930146,0.0827562583409081,0.0848495554500888,-0.0010548689757738149,0.13349176235033494,0.087703792484882,-0.02198024125719071,-0.15997859378838516,0.14303313971725956,0.01341372758623464,-0.03549415086386957,0.005946441108341192,-0.017340916983791616,0.04513281128017343,0.017146808900864546,-0.033201088016877,0.013856134353925452,-0.005466739938600009,-0.026881966891819896,0.0007040152795999445,-0.010944737968266212,0.030869440666876975,0.021314920403001137,-0.019792172656283753,-0.007733788590493037,0.0437803166024372,-0.024945014738469173,-0.02919870342582925,-0.036835224994931096,0.03484890819284637,-0.02951779355827325,-0.04994278615107644,-0.011889983024459668,0.5197987549048003,-0.01990545750292816,-0.07964692989145884,-0.01644536847607774,-0.016491825067946674,-0.03549415086386954,0.05793550752763584,-0.047669753991790326,-0.027561326382487535,-0.03264358011132813,-0.04285120099420358,0.10768866633717593,0.1571447428824451,-0.034134854842839436,-0.01819358189895209,-0.035653782105225205,0.0433693657098381,-0.015499502038854245,0.0364314779752437,-0.0181935818989521,-0.028116946761884764,-0.007733788590493037,-0.01224079333763842,-0.013413727586234664,-0.04661879558186425,-0.005466739938600007,0.17737000390327493,-0.0054667399386000085,-0.005466739938600009,-0.007733788590493037,-0.030755358431726235,-0.04012882141481581,0.1458474855788923,0.15612721013350844,-0.020546409124043447,-0.029664639335065277,0.030871958979029314,-0.018193581898952097,0.04021289436054376,0.11879540128453232,-0.028476733658409553,-0.0055661777235528,-0.01819358189895213,0.017687276140190326,-0.014493466569617969,-0.00773378859049304,0.028116946761884677,-0.005466739938600004,-0.005466739938600005,-0.005466739938600008,-0.018193581898952083,-0.012240793337638424,-0.013413727586234674,-0.005466739938600009,-0.00773378859049304,-0.039321629434313464,-0.005466739938600008,1.0,-0.08842442107973937,-0.0054667399386000085,-0.08795419500098384,-0.05901733468640647,-0.007733788590493037,-0.027561326382487452,-0.15415008570571076,-0.084633227329463,-0.028116946761884743,-0.009475167841674612,-0.014493466569618007,-0.027561326382487508,-0.005466739938600008,0.9741710841939724,-0.08487224644859327,-0.017340916983791567,-0.0865374165406043,-0.005466739938600008,-0.06853975178688278,-0.01224079333763842,-0.02811694676188476,-0.15161507403990374,-0.07244892711339108,-0.012634903129920706,-0.0490245862216889,-0.030939823248092354,0.14103422034670973,-0.02054640912404345,0.011690161182135495,-0.0977276030329497,-0.029198703425829232,-0.023962066288576795,-0.005466739938600007,0.03595860776360806,-0.031002592339459463,0.06868807438704956,-0.026995070198852635,0.040094584643007365,-0.009475167841674596,-0.03272522568328942,0.03588497227100995,-0.10056091310576533,-0.02847673365840958,-0.007733788590493045,0.04732692326682551,0.02847173781644407,0.003023621107477531,-0.05428362529231743,-0.03610726300801812,0.10250265625223273,-0.0326435801113282,-0.042313920516143355,-0.033111650104032365,-0.008723331970220736,0.04970594994177265,-0.018066235393690188,-0.022784317102676612,0.020872631246953495,0.007878657751094422,0.007691586226077273,-0.014493466569617974,-0.00773378859049304,-0.010944737968266215,-0.019905457502928155,-0.037521086305814896,-0.005466739938600008,-0.029194049070871697,0.04120853722825412,-0.003254339477278517,-0.00947516784167459,-0.0054667399386000085,0.051661102096499656,-0.013363259258159852,-0.03131105506049097,-0.0801646051051031,-0.012240793337638424,-0.0307553584317262,-0.009545427317614331,0.012671941941204978,-0.005466739938600011,0.015965599031518847,-0.03175419033644558,0.025488666168299343,0.004841068446826913,-0.042351261171567296,0.07374791309077912,-0.023977332750316577,0.0621834514635825,-0.016445368476077724,-0.10213683786454945,-0.03497409532729912,-0.06626703916051233,-0.038499875986681795,-0.020546409124043468,-0.009475167841674608,0.04615203964100065,-0.032725225683289345,-0.01644536847607772,-0.014493466569617985,0.0405272323540854,-0.030244657367867446,0.03756089045544845,-0.00773378859049304,0.010944737968266071,-0.0227843171026766,0.014499379435160732,-0.01819358189895208,-0.0077337885904930435,0.012240793337638618,-0.005466739938600008,-0.010944737968266217,-0.007733788590493038,-0.01644536847607773,0.046354479688434085,-0.012240793337638415,0.1348673280749601,-0.009475167841674605,-0.09031708780265611,-0.010944737968266212,-0.019009137073123485,-0.024608764604703504,-0.06292164353971605,0.13185522165262367,0.011307079093840546,-0.055729979229244386,-7.375702240119551e-05,0.027257130511247243,-0.01449346656961798,0.07361524723604264,-0.03944686496749962,0.002809263916386709,0.0009763837246315085,0.003524838406543391,-0.014493466569617988,-0.005466739938600007,0.07281758153815564,-0.02127491169945429,-0.00546673993860001,-0.005151238914014384,-0.007733788590493037,0.04024167679464579,0.0024806244668557176,-0.012240793337638417,-0.056187382253719886,0.033676957504113765,0.08340010149467862,-0.03479309347202239,-0.07198845233477774,0.11880702753486073,-0.012240793337638424,0.0259118296568113,-0.019009137073123517,0.04615203964100056,-0.045073951678879745,-0.00773378859049304,-0.003188040036738182,-0.045232938881822934,-0.010326937953899884,0.014580253615108308,-0.005160090648185915,-0.016578416002657474,0.03590700693439385,0.00619629424692684,0.018335226615882265,0.01058136224533075,0.009298913024860493,-0.04650686239412438,-0.010944737968266232,-0.01900913707312345,-0.046111685405710576,0.004305194028289325,-0.025984194777239802,0.010900037672623318,-0.04247134848157053,0.004841068446826887,-0.04012882141481581,0.07758172948747705,0.12412204322940794,0.27319051182661813,-0.030244657367867443,-0.01224079333763843,-0.0011747450589257055,0.010930693386465833,0.01861616409366445,-0.03196453140053516,0.004285496621940865,-0.03174893852600052,0.058468669513403265,0.16879307842281374,-0.028214942733718728,-0.04806226457712035,-0.021426111727743842,-0.014304306567570823,-0.018571422121267528,0.028942578072020435,0.07827852910721637,0.06973421545299863,0.021393049356591986,-0.005466739938600007,0.018468212206306688,0.002517659569196335,0.023357561161691066,-0.0032844831161922606
Exterior1st_HdBoard,-0.004549350018502801,-0.01012563355448902,-0.08836821405718943,0.032255118138064,-0.09133393583522242,0.054035427151286744,-0.1327787082959611,-0.05930251806250507,-0.07529243535726407,-0.09245489642479938,-0.05386657490241922,-0.051920346061781905,0.03190501693232024,-0.06864619351564898,-0.015978954858533383,-0.09514764583955196,-0.0914083225916486,-0.026253141702012164,0.14002391167267558,-0.09177810548397874,-0.002614058675758657,-0.07198083752220633,-0.014250655813559235,-0.03516674430904512,-0.06987629209786846,0.0041667421461998155,0.01877033967735294,0.023038132930318554,0.06182387028205932,0.11430004791388425,0.05244985942419893,-0.022195527607869303,-0.09335615122362141,0.02882244406042967,-0.04013780100409775,-0.015683839912058226,0.21193262765945542,-0.0665978294277779,-0.017489820111478552,-0.0616204592940298,-0.059786796414983114,-0.05441385262874174,-0.00010395019553636366,-0.06828331184104988,-0.04596290398042639,0.12232373366750486,0.04114328056487523,-0.033350604746381976,0.14791189128405055,0.04347952589508812,-0.09991954262455569,-0.10123632713121059,-0.0558933601156744,0.18911971351970613,0.09714456759048629,-0.10594294082029646,0.06173446801965472,0.0026586832785460398,-0.036895917517173075,-0.0026368202389404523,0.018923099057882586,0.020247010739048135,0.001867537856566391,0.05134001954273303,-0.028174191486066535,0.08746213428436074,-0.02482388041226126,0.002614058675758717,0.005312115314804096,-0.011086348305829701,-0.015683839912058233,-0.0110863483058297,-0.0110863483058297,-0.015683839912058243,-0.02267532573419921,0.0009587361421462016,0.039055236776243486,-0.04503353673757224,-0.04166736492710447,0.02139561054962088,-0.03143242226621461,-0.03689591751717306,0.017966102531066473,0.04095003580825561,0.10281060815401644,-0.020747284043111255,-0.03689591751717304,0.04091168529726476,-0.0017779077247088093,-0.015683839912058233,0.042597164687208575,-0.011086348305829705,-0.011086348305829705,-0.011086348305829698,-0.03689591751717297,-0.024823880412261242,0.0026140586757586776,-0.0110863483058297,-0.015683839912058236,-0.0797428238324437,-0.011086348305829698,-0.08842442107973937,1.0,-0.0110863483058297,-0.17836788500853526,-0.11968499247520176,-0.01568383991205823,-0.05589336011567435,-0.3126107260819625,-0.17163308424383855,-0.05702013788835046,0.022908322563120496,-0.029392219193589943,-0.05589336011567445,-0.011086348305829698,-0.08766530986855833,0.883271397030471,0.011088613070419645,-0.1701014653369084,-0.0110863483058297,0.009065346810509852,-0.024823880412261252,-0.05702013788835045,-0.30746981530110723,-0.1616596912973607,-0.0572437486146209,0.1754320375110933,-0.11897998224227917,-0.08405857460890756,-0.04166736492710441,-0.1302164420150848,0.16210574640423345,-0.017489820111478614,-0.026704916607018025,-0.011086348305829701,0.03536281137872727,0.27168723940468525,-0.18577170982643007,0.005260782060941942,-0.02720254809461393,-0.019215293233045678,-0.028954857658276007,-0.0423513215960191,0.105831002305314,0.0288224440604298,-0.015683839912058243,0.0073834114252458154,-0.035513871879353835,0.004733196119044144,0.009451474937823903,0.07897424428655693,-0.03189722353051349,-0.01958382520952363,0.00514890599747248,-0.13908630374954234,0.012605015535316018,-0.0220938923422999,0.09833752311714962,0.03829621226194049,-0.08267585748347084,0.05036294324379048,-0.030025728749950357,-0.029392219193589912,-0.01568383991205823,-0.022195527607869307,-0.03654767941032434,0.05834248881704674,-0.011086348305829701,0.21337689024087755,0.08851390722057084,-0.04396830553359726,-0.019215293233045716,-0.011086348305829701,0.0954906530453791,-0.05832378364724872,-0.07434269876042456,0.14588752129314392,-0.024823880412261246,0.030251893405578253,0.023147304403178224,-0.043144741459262365,-0.011086348305829696,0.009103458234466264,0.07677280731202939,-0.12372373469640502,0.04855687103274107,0.09020221501985991,0.08164123512046201,0.0018675378565663652,-0.07518627104692314,0.015390018806888946,-0.0468703814010329,0.024543920805753693,0.033214201970164794,-0.056681545642381696,0.0366265254121137,-0.01921529323304568,0.03928296726028375,-0.04142509134001139,0.08850095413679526,-0.029392219193589912,0.010799103325188181,-0.00755176378001005,0.0850526173218421,0.035889147186151264,-0.014297119134799018,0.038296212261940445,-0.04888962399573036,-0.014836933252196535,0.035889147186151237,-0.007827349679541965,-0.011086348305829696,0.014297119134798647,-0.015683839912058236,0.015390018806888953,0.04047857977134502,-0.024823880412261246,-0.12786981107163548,0.022908322563120528,0.08642921333196693,-0.022195527607869286,-0.017422672511395215,-0.000674400986565865,0.10358585334873237,-0.12957778102734818,-0.05370215066028499,-0.09074161141723842,0.03526367975225187,0.0025507534574469625,-0.0017779077247088008,-0.05876543233778278,-0.06400576162486371,0.09106723283989376,-0.0129023121508794,-0.03513536533671256,0.053450715213053376,-0.0110863483058297,0.03730511533496506,-0.043144741459262254,-0.011086348305829698,0.04891231840280022,-0.015683839912058222,-0.010883393800329128,-0.031768333121772234,0.00782734967954185,0.11577407318031271,-0.10229675540577811,-0.025895659530711948,0.060974522845472875,0.045036425214894045,-0.11299623326679138,-0.024823880412261242,0.08571166446308214,-0.017422672511395166,0.0211790745203802,-0.017420158498061916,-0.015683839912058236,0.021543365076461735,0.0432407244429424,-0.041586415001080755,-0.02211278239533354,0.017790727555531155,-0.02901757041345337,-0.0037958694469648027,-0.005439576334816206,0.011696850152045298,0.05048514496548995,-0.028781118304024706,-0.09431421302338265,0.014297119134798659,-0.038549833530196594,-0.11448805230898017,0.045072652398215236,-0.07805634947756003,-0.044575123960586514,0.08966224444053175,0.08137771904561213,0.0009587361421461998,-0.058248585749822224,0.060272563312727144,-0.03516674430904512,-0.020997587095637676,-0.024823880412261263,-0.02648640308184214,-0.01641789602639317,-0.06089288906299857,0.08420452266350822,0.021022105190558055,0.01807773509855691,-0.03672029512399056,-0.045962903980426476,-0.02105749777785843,0.07408040729875702,0.059246270675520955,-0.036642697106707985,-0.06526624013082093,0.005149047813472893,-0.012390779660754884,-0.030025728749950402,-0.03689591751717304,-0.0110863483058297,-0.018380762382081445,0.022433904151418372,-0.0017841480731120105,0.008165610123112852
Exterior1st_ImStucc,0.024287326436140434,0.005101174952309905,0.03599234739658186,0.019711230859739876,0.012855505485203287,-0.014942331805524242,-0.023662689532780272,0.03382222898237686,0.031255432121176874,0.005409282284239828,0.014839609086835117,0.034789830623190805,-0.019692086396920137,0.026617489201423757,-0.002295681240270909,0.026728559393402882,-0.005651216278606728,-0.002755806681546019,0.013564816774682884,-0.010968312182333469,0.0016817668047430009,-0.0044501339617668825,-0.00445013396176688,-0.0021741442384047524,0.019910326354182974,-0.004930009996542103,-0.004162637667208246,0.008826004456815771,-0.0006854009595613444,-0.006867693918983015,-0.004774745214234101,-0.0013722134196707803,-0.04203878372298808,-0.0056512162786067095,-0.002481474202684446,-0.0009696356842476744,-0.002755806681546016,-0.005324910884747069,-0.0036608325200733092,-0.00885895173843783,-0.004980832596595439,-0.007099093560413937,-0.006261653917248716,-0.004221538613690467,-0.0028416046134726357,-0.004878731159947838,-0.011174552347320135,-0.0020618634616685508,-0.006006141416396618,0.15401805101822433,-0.006177412841863214,-0.007582768162061815,-0.003455543845419885,-0.006049320559056114,-0.005372535479949057,-0.006549802630573902,-0.0034555438454198758,-0.004279710124597741,-0.0022810484185192673,-0.006345016128972191,0.010430426793999107,-0.0019432739968373667,-0.0030061951106818596,-0.002281048418519269,-0.00352520560827452,-0.0009696356842476754,-0.0015347083625049964,-0.0016817668047428935,0.0026673748993304497,-0.0006854009595613452,-0.0009696356842476748,-0.0006854009595613443,-0.0006854009595613444,-0.0009696356842476754,-0.003856000544660364,-0.005031212937271012,-0.00456059657455411,-0.007619075019517854,-0.0025760377642485436,0.02632401160945857,-0.001943273996837365,-0.0022810484185192647,-0.01733482007973678,-0.004221538613690467,-0.0056512162786067155,0.013842829614158284,-0.002281048418519269,-0.012921749636099756,-0.0018171407467263553,-0.0009696356842476739,0.0035252056082745644,-0.0006854009595613451,-0.0006854009595613447,-0.0006854009595613443,-0.002281048418519265,-0.001534708362504995,-0.001681766804742895,-0.0006854009595613444,-0.0009696356842476748,-0.004930009996542107,-0.0006854009595613442,-0.0054667399386000085,-0.0110863483058297,1.0,-0.011027392985252958,-0.0073993894494961176,-0.0009696356842476738,-0.003455543845419878,-0.019326804978071606,-0.01061102153640081,-0.0035252056082745193,-0.00118796379627155,-0.0018171407467263583,-0.0034555438454198836,-0.0006854009595613443,-0.005419808745550289,-0.010640988927468542,0.3152509145686888,-0.010849762198506809,-0.0006854009595613453,-0.008593277194535114,-0.0015347083625049972,-0.003525205608274512,-0.01900897397682443,-0.010339601285233223,-0.004279710124597736,-0.017334820079736784,0.021498233451590118,-0.00811568582895884,-0.0025760377642485366,0.036948394802352985,-0.033479700982995554,-0.0036608325200733036,-0.008726721158229036,-0.0006854009595613451,0.009755248629354963,-0.02293649006952267,0.029347119907542147,-0.0033845486021890077,-0.0016817668047428935,-0.0011879637962715493,-0.004102975692480471,0.03055864985280426,-0.024646992422542095,-0.005651216278606718,-0.0009696356842476764,0.007546340883836884,-0.008322484427420755,-0.00761907501951786,0.01801034151950235,-0.008792984229363454,0.041335012438132576,-0.00604932055905611,-0.008288247534334289,-0.017953791199750997,-0.003981230636748935,-0.0025760377642485353,-0.004722006332554306,-0.005130699434093795,0.009376899469075913,0.003919071974872502,-0.0029250007138830725,-0.0018171407467263588,-0.0009696356842476741,-0.0013722134196707803,-0.00487873115994784,-0.011640698006801339,-0.0006854009595613455,-0.016859876533275725,0.006906656085580742,-0.0035936116369826706,-0.0011879637962715472,-0.0006854009595613455,0.008010999925671836,-0.004337181719265882,0.03197269629367752,-0.0263600979873012,-0.0015347083625049988,-0.003856000544660359,-0.00404251881413219,-0.0026673748993304215,-0.0006854009595613452,0.007099093560413925,0.1721580642012342,-0.04336425997176795,-0.003085361854253946,-0.013676117199022989,0.019153184260460906,-0.0030061951106818557,-0.006630352749378733,-0.0020618634616685477,-0.01572273068983412,0.04105960861691348,-0.024646992422542147,-0.004826981389391316,-0.0025760377642485336,-0.0011879637962715485,0.005786383221250429,-0.00410297569248048,-0.0020618634616685516,-0.001817140746726358,0.005081164323863751,-0.003791970610339499,0.00783448724604739,-0.0009696356842476744,0.0013722134196704843,-0.00513069943409379,-0.08593394321549648,-0.002281048418519266,-0.0009696356842476746,0.0015347083625046297,-0.0006854009595613444,-0.0013722134196707807,-0.0009696356842476753,-0.0020618634616685473,-0.0015347083625049966,-0.0015347083625049972,-0.00790540661268422,-0.001187963796271549,0.010217924776423585,-0.0013722134196707794,-0.0023832999075658525,-0.0030853618542539462,0.012243190039424477,-0.008010999925671865,-0.022840718869156503,0.06423072897805171,-0.0033845486021890133,-0.007691334763116899,-0.001817140746726357,-0.004930009996542113,0.045932664386514103,-0.028983341816930176,-0.01082004156313089,-0.0031626534358412573,-0.0018171407467263568,-0.0006854009595613453,0.03188173396222218,-0.002667374899330416,-0.0006854009595613452,-0.006303442627650211,-0.0009696356842476741,0.029225246652764204,-0.007655263288873452,-0.0015347083625049964,-0.02345235842505767,0.024851052753114618,-0.003981230636748937,-0.015225556030632203,-0.029799391922127143,0.069593445557212,-0.0015347083625049968,-0.019910326354183005,-0.002383299907565852,0.00578638322125044,-0.0056512162786067095,-0.0009696356842476746,-0.005031212937271013,-0.007325140422603418,-0.00855971909449199,-0.010550975584685316,-0.01198612988698972,0.0599252232192145,-0.007905406612684223,-0.0055596112585325555,-0.006670350116675799,-0.006261653917248708,-0.005372535479949052,-0.005830869671712124,-0.0013722134196707805,-0.0023832999075658486,-0.008660154807472394,-0.01328592628049642,-0.005419808745550287,-0.0027558066815460197,-0.005324910884747054,-0.0030853618542539415,-0.005031212937271012,-0.006590171425590697,-0.005559611258532544,-0.0021741442384047554,-0.0037919706103395016,-0.0015347083625049966,-0.0034555438454198792,-0.005276925300178231,0.02309676760421985,-0.01195746607251633,-0.01058101723207172,-0.005962712492266398,-0.003238204346926629,-0.002841604613472641,-0.006984097494435168,0.05434569940600616,-0.016137733779981463,-0.014120139929614818,-0.010034112259086157,-0.006092255364600984,-0.004774745214234112,-0.002925000713883078,-0.0022810484185192647,-0.0006854009595613453,-0.014120139929614839,-0.013425492577827767,-0.014369255787343877,-0.009661394471344311
Exterior1st_MetalSd,-0.1103222069582091,-0.08042767051038446,-0.17289867590850574,-0.2096379711621639,-0.16702751475647354,-0.046922141132240434,-0.060014468529497246,-0.12665099322562579,-0.14944950328457643,-0.12808819114855027,-0.1813692728942419,-0.1198900081927466,-0.10829064159446575,-0.0821030600334503,0.05903549062138731,-0.16706804265413447,0.12258605370612373,0.06600327968410549,-0.16141956941346006,0.076018463877684,-0.03279744188617687,0.148593747388622,-0.02524188657563134,-0.03497973352540497,0.09781560206554894,0.004903341837344456,0.007103147908119308,-0.054062723758833635,-0.011027392985252958,-0.07929073460488398,-0.0117385618903093,0.01455107661602549,0.057512859326579215,0.04832230332814006,-0.01954339055151366,0.08792972967811843,-0.04433808100917008,0.08097242039296079,-0.03097935009152923,-0.12361357566520619,0.03456866389435439,0.060119716257688256,-0.08381769722667469,0.0782667577576782,-0.04571848105016553,-0.05723198594561286,0.1224730815010187,-0.03317325188500581,-0.05270869485531603,-0.03683092883991493,-0.03086079491890373,0.11444144781564272,0.0034368515925748294,-0.036228717994633314,-0.07671587142887465,0.08165244529185119,-0.040837883629418245,-0.0327807807116896,-0.014558563153823664,0.03173678569162068,-0.05492120264715113,-0.03126526997403614,-0.014579397308622536,0.007582584975949783,-0.027763524562280498,-0.015600435910633936,-0.024691871225169946,-0.027057889556095963,-0.014045008922006271,-0.011027392985252953,-0.015600435910633927,-0.011027392985252958,-0.011027392985252958,0.0879297296781184,0.08405292415709052,0.032690140966003325,0.03986775521754229,0.041545289260906726,0.09607886510026291,-0.043643020350236164,-0.005329307381937975,0.05186488123549663,-0.0542984817907083,-0.00700896338128463,-0.025941447049843604,0.018850639942832537,0.029723733105723283,-0.014934792286370525,-0.0015187489015808311,-0.015600435910633936,0.056716914462944565,-0.011027392985252954,-0.011027392985252953,-0.011027392985252956,-0.03669971128359703,-0.024691871225169956,-0.027057889556095952,-0.011027392985252958,-0.015600435910633932,-0.07931876501586614,-0.011027392985252956,-0.08795419500098384,-0.17836788500853526,-0.011027392985252958,1.0,-0.11904852797806038,-0.015600435910633932,-0.055596128703415834,-0.3109483152444647,-0.17072036860257997,-0.05671691446294456,0.02316740552924327,-0.029235916355430897,-0.055596128703415876,-0.011027392985252956,-0.08719912061451496,-0.15473639510326356,-0.03497973352540496,0.9730651937625319,-0.011027392985252953,-0.13825694775215708,-0.024691871225169942,-0.04224021951261246,-0.3058347429554897,-0.15514555517526055,-0.05683100173634628,-0.037661381388938237,0.09213957073702671,-0.09672417271119149,-0.00215302778936165,-0.16045789701088733,0.1557696370386002,-0.0030596888979288364,0.11487593716012265,-0.011027392985252954,-0.1063713624214997,0.10609319710753841,-0.16377672900712026,-0.02433923809662826,0.002869776165040451,0.023167405529243273,0.07167086402169269,-0.17485623551372198,0.1827174245693017,-0.06307332223883558,0.03616464688374222,0.027889471898941,-0.05432313627812904,0.027273260479512926,0.09705732157494326,0.06152382032129619,-0.0931238342225211,0.01614150801741094,0.10618727014159113,0.002586619693654494,0.026115633883105897,-0.002153027789361642,-0.021170119268284052,-0.03182392591494677,0.030239020253230157,-0.015405193971979527,0.022341729201212503,-0.0015187489015808205,0.03616464688374226,-0.022077495555348985,0.0171841586299805,0.0344760308437064,0.062154396825971174,0.04839777158769614,-0.03636685880472236,0.013237676025406694,-0.019113109561625666,0.06215439682597116,-0.06271021519383407,0.03708628378301988,-0.13397927176494323,0.1464571416084949,0.07362667056232507,0.017647475418263572,-0.0015651324681595742,-0.042915305039463544,-0.011027392985252953,0.0005191685341769472,0.00035291397139325164,0.09419059005251981,-0.0002256376504474474,-0.08940702610690482,-0.1900444719947869,-0.03147298466623276,-0.07449654248575321,0.015748917561568432,0.24155332452665493,-0.09962906568523969,0.1865535971300032,0.029711269936720304,-0.002153027789361688,0.023167405529243255,-0.02501668707209169,-0.0034292279436216673,-0.033173251885005806,0.026198418552269263,0.010096139103084404,0.019966545035560234,-0.041252335132080875,-0.015600435910633932,0.022077495555348572,0.008755053854330348,-0.015899389386638162,0.007582584975949831,-0.015600435910633937,-0.00808097603732864,-0.01102739298525296,0.014551076616025508,-0.015600435910633932,0.04021000228485553,-0.02469187122516998,0.008080976037328361,-0.08567779304891532,0.06544792062011215,0.03438142088341941,0.014551076616025456,-0.0383448320516882,-0.0002256376504474582,0.04230769910915259,-0.0878317961683447,0.03446647399938303,0.118633092239938,-0.054453888622964956,-0.010473767744061396,-0.02923591635543091,0.004903341837344465,0.11595407471778554,-0.08910756441561961,-0.005943944849589469,-0.018723485299434083,-0.001518748901580819,-0.011027392985252953,-0.03748684798993375,-0.0049417623984836755,-0.011027392985252953,-0.034112612978653145,-0.015600435910633927,-0.11921334001539813,-0.023659416188448378,-0.024691871225169956,0.17356913471033347,-0.1638285283959942,-0.012528445984463031,0.17356859022362559,-0.09330700076214406,-0.11778635120801988,0.07362667056232501,-0.0779476584072711,0.02527273021588548,-0.02501668707209167,0.02047339693639623,0.03616464688374221,-0.029293762683821205,-0.021933365797883308,0.03729281347253048,0.001437313518179979,0.014551682546482562,-0.022233868764230894,0.045776962436533265,-0.023491498607435494,-0.011290971382369298,-0.024577250085829946,0.03995618303587209,0.07762102011416341,0.014551076616025485,0.0888902924834589,0.12393946441855284,-0.1615687008690064,0.038182645238779955,0.01083259933746768,-0.017053892852248776,-0.01669718613311136,0.03269014096600332,-0.008974245307353537,0.10842230126508684,-0.034979733525405,0.07395016679837119,0.00808097603732832,-0.02607963855542052,0.02383165576638304,-0.15326183476687674,0.09639984173014317,0.11082431989694583,0.0013324150102100767,-0.0049515921442650265,-0.027871159570689173,0.10288891355066622,0.08109771008753314,-0.015324716873887038,-0.0347139227386394,-0.029666383556346525,-0.054652511708439294,-0.05512666406714863,-0.029709746278208122,0.029723733105723307,-0.011027392985252953,0.04777087740344419,0.05277328884410922,-0.06777656149407696,-0.002180223360371232
Exterior1st_Plywood,-0.010169836363608065,0.1112052563436941,-0.05437547115090001,0.023582575127210875,-0.07830023020755582,0.014547902766742511,-0.08916460832548062,0.06049987308992753,0.11718037879206593,0.023922525173664073,-0.03992025760000381,0.03440802811670364,0.07806473892189342,0.025630710306368643,0.038536422284993495,-0.017719256492840126,-0.061008887608656276,-0.004614142284257587,0.13362837773388198,-0.11841070881003664,-0.022750868343634226,-0.048042352182605996,-0.0005207843055025166,0.008258465749227834,-0.0674822107421305,-0.02444313457170555,0.10693728544118693,-0.025745114745900605,-0.007399389449496118,0.043147037942198395,-0.007067877376905733,-0.014814017048454685,-0.004777415394310173,0.0024334029245617556,0.16821526970841144,-0.010467904883688798,-0.029750887564168122,-0.05748618946393243,0.1322081026068935,-0.0870193795864766,-0.025265242082405753,-0.02483695592460212,-0.056031421886908434,-0.028923158236959696,-0.030677137087794026,0.06357745468853672,0.009829699216577609,0.27865318831257846,0.1873171623163386,-0.0480423521826061,-0.06668955269119885,-0.07206804756538865,-0.03730504650655178,0.053997336206721536,0.14134167228588304,-0.07070976456170662,-0.0373050465065517,-0.013329377947765184,0.12669299027293676,0.06868687482705431,-0.024397501823713356,0.04992229992230002,0.013728108746100883,-0.024625535412998858,0.001517946794804278,-0.010467904883688803,-0.0165682651988709,0.02275086834363405,-0.023108064744658426,-0.007399389449496116,-0.010467904883688801,0.09262939384924754,-0.007399389449496118,-0.010467904883688803,-0.005321653383772521,0.14337128692011225,-0.0027988817504563416,0.044547200021274054,-0.02781015460860067,0.038186916705702637,-0.02097902097902093,-0.024625535412998834,-0.05069880630602322,0.07098491201373708,0.09125260967106721,0.0037824926923067563,-0.024625535412998893,-0.047186294658913636,-0.019617323089512,0.13104266113654853,-0.19939315397464816,0.09262939384924736,0.09262939384924736,-0.007399389449496116,0.15695669541012353,0.0730230947653939,0.06365760206494653,-0.007399389449496118,-0.010467904883688798,-0.053222954309358805,-0.007399389449496115,-0.05901733468640647,-0.11968499247520176,-0.0073993894494961176,-0.11904852797806038,1.0,-0.0104679048836888,-0.03730504650655164,-0.20864656644008286,-0.114553502894233,-0.0380570946411645,-0.012824911692771435,0.16980920938858074,-0.037305046506551726,-0.007399389449496115,-0.05851067917351251,-0.09987250859698604,0.07171825519066254,-0.11713087765817141,-0.0073993894494961176,0.755085263686463,-0.01656826519887088,-0.03805709464116449,-0.2052153553737067,-0.09630371419746776,-0.04620250599461851,0.05731846611556533,-0.018697494181896382,-0.0598547550206103,-0.000956433888655614,-0.11704795968224493,0.13472257480977554,-0.020440240458400667,0.019191158953429443,-0.007399389449496115,-0.00666161205630037,0.21700726642057877,-0.16784357651702758,0.04578602659647845,-0.01815586537767842,-0.012824911692771442,-0.04429453245864889,0.0703658063203406,-0.009150960103736326,-0.010255055182081838,-0.010467904883688798,0.03230167129865174,0.12769317304390382,-0.02373000217090068,-0.04655493409083414,0.02646349396685505,-0.04006555043677682,0.030136527834501978,-0.025814174486913023,-0.08721999043507193,0.027447517944258763,0.025897286831289425,0.09883542401892008,0.05554149944484443,-0.12135437172292893,0.042309161401302045,-0.031577457136807395,-0.01961732308951209,-0.010467904883688801,-0.014814017048454668,0.005454045893756765,-0.005832521342404246,-0.007399389449496109,0.19166946284198347,0.06395202788346833,-0.038795586235090766,-0.012824911692771394,-0.007399389449496115,0.07713129517530082,0.0018675821557159976,-0.08194045061580822,0.10274561349994764,-0.01656826519887089,0.04913825741277795,-0.026289702877982924,0.023108064744658423,0.09262939384924744,-0.01660527910387682,0.06266138103618998,-0.22564763147068806,0.056748103381886315,0.2158308330813787,0.08595573181723885,0.013728108746100866,-0.060583372644876086,0.04461015868120505,-0.07487056878102574,0.033388207113663984,0.011822982991169568,-0.022758216885371777,-0.0009564338886556154,-0.012824911692771418,0.02521180281389843,-0.010077592040856658,0.011175440162437418,-0.01961732308951207,0.012879946576346378,-0.022490086855995045,0.055994328663306475,0.06028737812642987,-0.03525187390234109,-0.0276567794773234,0.011007519541870707,0.005638169724188254,-0.010467904883688803,-0.07302309476539365,0.09262939384924762,-0.014814017048454668,-0.010467904883688798,0.01117544016243736,-0.016568265198870908,-0.016568265198870894,-0.08534447095216993,-0.012824911692771434,0.05622388823900466,-0.014814017048454663,0.1481823586428644,0.079262296571439,-0.0042226895378914345,-0.0864844256533685,-0.08281627193273555,-0.04781544581919441,0.02520486932096786,0.05243936524023782,0.09403859639734362,-0.024443134571705487,-0.00901622461201066,-0.007754648184648206,0.0018077016147779153,0.0317946205263946,0.0182679834061065,-0.007399389449496116,0.0186974941818964,0.12691660175143163,0.09262939384924745,0.04694199031427281,-0.0104679048836888,0.05222388189234864,0.10194090373285732,0.028227414783261493,-0.07941780934181747,0.058642414584663405,0.009840586398293123,-0.1041525719079295,0.16913835172355884,-0.09044097437496866,-0.01656826519887089,-0.013987492414024832,0.09021176817700652,-0.08655712059184488,0.0912526096710672,-0.010467904883688801,0.04452788754588478,0.021773273127320365,0.03162803635978751,-0.02332700400976861,-0.03260068627519639,0.019191905290181884,-0.019146801467411545,-0.021382767518360397,0.004555013044288742,-0.009761130057221618,-0.018131930138683618,-0.06294837339863989,0.0352518739023412,-0.025729412754709535,-0.08471556668077729,-0.033188294534217476,-0.05851067917351269,-0.029750887564168122,0.10329893815549522,0.0342339101923335,0.14337128692011225,0.0394041686710058,0.017254411413330468,-0.023471428971489572,-0.004043161681976628,0.028227414783261465,-0.017132688025231196,-0.016435256052490514,-0.024959167622064203,0.09251022286178956,-0.023836525898455904,-0.02811295366134124,-0.034958712481663615,-0.03067713708779401,0.008665476888969768,-0.002292156459713315,0.0015409024313602496,0.01668002822804745,0.0013087436807200424,-0.01835070261303107,-0.03672046637197006,-0.007861877188382127,0.06616557999856255,-0.007399389449496116,-0.0021107443128084605,-0.009588350220378157,0.012391746417040416,0.04878445451669103
Exterior1st_Stone,0.011157957135682484,0.015922949303642863,0.02412886086391515,-0.006461989834725847,0.009213789690302536,-0.02113889384365317,-0.03791952255704352,0.022090266463809585,0.11422654198667016,0.05915742487553886,-0.02092179927506447,0.0163791200501474,-0.027858364365235498,-0.005961121717148148,-0.0032476967228777316,0.036180551287503165,-0.007994766985218954,-0.00389863547758285,0.01919012544632531,-0.015516854389532174,0.002379192914328018,-0.006295597677267978,-0.0062955976772679735,-0.003075758513101483,-0.04870014016841858,-0.0069744775662473075,-0.005888877111146442,0.012486134942289371,-0.0009696356842476739,-0.009715716033719207,-0.006754824717308874,-0.0019412682161517045,-0.01820346889725349,-0.007994766985218928,-0.003510537741299343,-0.001371742112482856,-0.0038986354775828462,-0.007533143245953533,-0.005178974140609908,-0.012532745410970606,0.09381351869964427,-0.010043076750863722,-0.00885835217455685,-0.005972204189622778,-0.004020013680035243,-0.006901933474916697,-0.01580862203401313,-0.0029169150707926985,-0.008496879032243014,-0.006295597677267978,-0.008739176454660779,-0.010727330466560608,-0.004888552568041251,-0.008557964499010763,-0.007600517687601894,-0.009265995716504863,-0.004888552568041239,0.1102556195001265,-0.0032269956924316887,-0.008976284567380784,0.014755908757214714,-0.002749146737130396,-0.004252859603513771,-0.003226995692431691,-0.004987102956903681,-0.0013717421124828577,-0.002171149562076111,-0.0023791929143279077,0.003773531171174021,-0.000969635684247675,-0.0013717421124828568,-0.0009696356842476738,-0.0009696356842476739,-0.0013717421124828577,-0.005455078045081898,-0.007117649210979691,-0.006451868965832089,-0.010778693722011547,-0.003644316666529888,0.0372405387722492,-0.0027491467371303932,-0.003226995692431685,-0.02452354332868644,-0.005972204189622778,-0.007994766985218936,-0.025231315488588316,-0.0032269956924316913,0.028379330185249966,-0.002570706222025124,-0.0013717421124828555,-0.1350354031407765,-0.0009696356842476748,-0.0009696356842476744,-0.0009696356842476738,-0.0032269956924316856,0.3148166865010354,-0.00237919291432791,-0.0009696356842476739,-0.0013717421124828568,-0.0069744775662473136,-0.0009696356842476738,-0.007733788590493037,-0.01568383991205823,-0.0009696356842476738,-0.015600435910633932,-0.0104679048836888,1.0,-0.004888552568041242,-0.02734160130331209,-0.015011395861773575,-0.0049871029569036815,-0.0016806105570620123,-0.002570706222025129,-0.00488855256804125,-0.0009696356842476739,-0.007667395103803949,0.038034456655373326,-0.0030757585131014832,-0.015349141909586302,-0.0009696356842476752,-0.012156896041968887,0.31481668650103556,-0.004987102956903671,-0.026891966274253096,-0.014627418049533582,-0.006054499336712138,-0.024523543328686444,0.030413517828002314,-0.011481248270994497,-0.003644316666529878,0.013013932755598244,-0.009200891776823879,-0.0051789741406099,-0.01234567901234566,-0.000969635684247675,0.013800735245227192,0.004913294726346624,0.004238546139221621,-0.004788115706539689,-0.0023791929143279085,-0.0016806105570620112,-0.005804473407180579,0.005750478383177316,0.002236435483155792,-0.00799476698521894,-0.0013717421124828588,0.010675796852032873,-0.011773805930454755,-0.010778693722011555,-0.014179257665354572,-0.012439421277254208,-0.023457974899583192,-0.008557964499010758,-0.011725371050416569,-0.02539920082100837,-0.00563224086392069,0.18638076665967068,0.09933189413192478,-0.0072583926051557075,-0.10340685505325495,0.005544305100482284,-0.004137994015132547,-0.002570706222025129,-0.0013717421124828557,-0.0019412682161517045,-0.006901933474916701,-0.016468077582163242,-0.0009696356842476754,0.016829896518341898,0.009770835750932481,-0.005083876860598746,-0.0016806105570620078,-0.0009696356842476754,0.011333149284483365,-0.006135804313373564,0.007452366477492018,-0.03729159011552989,-0.002171149562076114,-0.005455078045081891,-0.005718945154284301,-0.003773531171174029,-0.000969635684247675,0.010043076750863716,-0.0056322408639206895,0.02236024977432913,-0.0043648566739910395,-0.01934758198560586,0.027095980340908186,-0.004252859603513765,-0.009379949845798086,-0.0029169150707926937,-0.022242922946060936,-0.02361531726457465,-0.03486806230556484,-0.0068287231540333625,-0.0036443166665298733,-0.0016806105570620104,0.008185987451268273,-0.005804473407180592,-0.0029169150707927002,-0.0025707062220251277,0.007188315360833025,-0.005364494995391858,0.011083437067862653,-0.0013717421124828562,0.001941268216151488,-0.007258392605155704,0.011283500418642652,-0.003226995692431687,-0.0013717421124828566,0.00217114956207573,-0.0009696356842476739,-0.0019412682161517052,-0.0013717421124828577,-0.002916915070792694,-0.002171149562076112,-0.002171149562076113,-0.011183766586863217,-0.0016806105570620106,-0.040220138297880494,-0.0019412682161517032,-0.003371650716857804,-0.00436485667399104,-0.07919796075412829,-0.011333149284483427,-0.0323127298852594,0.09086711358300317,-0.0047881157065396964,-0.010880919470240825,-0.002570706222025127,-0.006974477566247322,0.0649808697236732,-0.04100268913021273,-0.015307096172391168,-0.004474200955689978,-0.002570706222025127,-0.0009696356842476752,0.0073447611081229915,-0.003773531171174022,-0.0009696356842476752,-0.008917470598945858,-0.0013717421124828555,0.04134491152973618,-0.010829889211059027,-0.002171149562076111,0.004083448052319625,-0.00193057276500385,-0.005632240863920694,-0.02153957071968766,0.03253877417302879,-0.013932859287022174,-0.002171149562076112,-0.028167108097409715,-0.003371650716857803,0.008185987451268327,-0.007994766985218928,-0.0013717421124828566,-0.007117649210979695,-0.01036286489944089,-0.01210942144940603,0.03848682424351274,-0.016956759532246575,0.03429768035585424,-0.011183766586863219,-0.007865173504087868,-0.009436534059849988,-0.00885835217455684,-0.007600517687601888,-0.008248922364374906,-0.0019412682161517045,-0.0033716507168577987,-0.012251507698221593,-0.018795579492765935,-0.0076673951038039485,-0.0038986354775828514,-0.007533143245953511,-0.0043648566739910325,-0.007117649210979691,-0.009323105388781094,-0.007865173504087851,-0.003075758513101487,-0.005364494995391863,-0.002171149562076112,-0.004888552568041244,-0.007465258113202612,-0.04198144523351058,0.03208709461771449,0.0383351128279845,-0.008435440200012464,-0.004581082713504679,-0.004020013680035249,-0.009880391993036015,-0.017841994763996196,0.01862748486325446,-0.019975740260252096,-0.014195243193683014,-0.008618704302437918,0.09816053791323319,-0.004137994015132554,-0.0032269956924316843,-0.0009696356842476752,-0.019975740260252124,0.026615224027467178,-0.02032816408136938,-0.013667959912113576
Exterior1st_Stucco,0.04897754964586212,0.014606425574969826,-0.005662872404970041,-0.17830950792831754,-0.07230509486890632,0.0065771930594153245,-0.006896755799802157,-0.0008756511758258165,0.027710466412445945,0.06931372462111857,-0.11126400651547727,-0.012635249951591413,-0.03266121546844122,-0.04858542687834404,-0.011573994856880578,-0.02980225815683771,-0.028491389395156295,-0.013893780982854055,-0.035013347286733464,0.063212511706028,0.008478860221147171,0.04147917723884577,-0.02243596658037828,0.05305244628620446,0.023678579839476396,0.0622377414581247,-0.02098651420161458,-0.060146317148014446,-0.003455543845419878,-0.03462442986534111,-0.02407253915876369,-0.006918203966304097,0.011604557526542077,0.04830386325148039,-0.012510695803726834,-0.004888552568041241,-0.013893780982854036,0.027216569024467657,-0.01845659406714047,-0.04466363189252398,0.08990922256706091,0.08962082225187769,-0.031568995277955265,0.01230989972048683,-0.014326343137141859,-0.024596798703062042,-0.012469489064996652,-0.010395170149199663,-0.030280793623973942,-0.022435966580378303,-0.031144282231498264,0.11983111243646312,-0.017421602787456424,-0.030498487250727877,-0.027086381559663246,-0.0330217369162712,-0.017421602787456383,0.011583308542502125,-0.011500221459806007,-0.008925403327177013,-0.024189762854490107,-0.009797284941114592,-0.015156148919745269,-0.01150022145980602,0.06206812879836289,-0.004888552568041238,-0.007737444721353507,0.0740487125980183,-0.0389093727993918,-0.0034555438454198736,-0.00488855256804124,-0.003455543845419878,-0.003455543845419878,-0.004888552568041237,-0.01944056068810374,0.03160938603862223,-0.02299287913855475,-0.038412621727779823,-0.012987451093612748,-0.025675331399283526,-0.009797284941114572,-0.011500221459806002,0.027298942730733227,-0.02128347147934632,-0.028491389395156302,-0.03242306699764599,-0.011500221459806004,0.027972118254309293,0.06727060687434572,-0.0048885525680412425,-0.02214765829368897,-0.003455543845419873,-0.0034555438454198745,-0.003455543845419877,-0.011500221459806021,-0.0077374447213535025,-0.008478860221147147,-0.003455543845419878,-0.004888552568041242,-0.024855328058356514,-0.003455543845419877,-0.027561326382487452,-0.05589336011567435,-0.003455543845419878,-0.055596128703415834,-0.03730504650655164,-0.004888552568041242,1.0,-0.09743876348867074,-0.053496934388878634,-0.017772812210984968,-0.005989283976805363,-0.009161366694949814,-0.017421602787456403,-0.003455543845419877,-0.000728659100643827,-0.05364801914054503,-0.010961249232686857,-0.05470057849541701,-0.003455543845419875,-0.04332419689136011,0.08263590962405558,0.7806365978824926,-0.0958363744856754,-0.052128531608928004,0.07790342804074978,-0.05298744423562472,0.05456182136347381,-0.02224826742741978,-0.012987451093612766,-0.05994704150214731,0.048811973173700805,0.13552413357871668,0.04399697311237121,-0.0034555438454198745,-0.09604390463082668,-0.06237858331783164,-0.053978124087734086,0.024457927627747532,0.07404871259801837,-0.005989283976805358,0.08286108449323853,-0.10239328499768303,0.07673040085385535,-0.002892971846277417,-0.004888552568041243,-0.021468770559899413,-0.005385776654756804,0.0009434679020858226,0.045575061535073506,-0.009345464080421492,-0.06023889836110004,0.04170874202396834,0.1049999802648491,0.01135817629558819,-0.020071925538037664,-0.012987451093612754,0.03664153769363082,-0.025867131647333612,-0.00262005675477347,-0.12447882743340918,0.1287886861605875,-0.009161366694949805,-0.0048885525680412425,0.09408757394173572,0.06334930604747827,0.012419492678852395,-0.0034555438454198758,0.019383497309859072,-0.11501880859713814,0.13863388495756043,-0.005989283976805348,-0.0034555438454198766,-0.11056773667238488,0.04362086850975392,-0.04345250473741058,0.014935213260545366,-0.0077374447213535225,-0.01944056068810371,0.014626306125011675,-0.013447939907623881,-0.0034555438454198758,-0.0060128986175381005,-0.020071925538037643,0.04388884364382863,-0.01555527901971992,-0.04322043952962989,-0.11394105386651496,0.03142906670726128,-0.011243910320722002,-0.010395170149199653,0.1240846269319387,-0.07251252465059915,0.09788741412045171,0.03488144959888051,-0.012987451093612733,-0.005989283976805358,-0.020935811616948276,0.0483454829639578,-0.010395170149199653,-0.009161366694949805,-0.030837541645497856,0.05531400860039357,-0.05661473495768603,-0.004888552568041242,-0.09408757394173568,0.030082516063936127,-0.054480271585142015,0.04955549974498217,-0.004888552568041243,0.0077374447213534635,-0.003455543845419878,0.0940875739417357,-0.00488855256804124,-0.010395170149199663,-0.007737444721353538,-0.007737444721353505,-0.020777495522650655,-0.005989283976805358,0.020339115529826507,-0.0069182039663040875,0.046460847802497394,0.029866135717862254,0.006690881513258887,-0.02151902765160977,0.04471139223652818,0.11235697508731281,-0.017063670437963415,0.01978960526270444,0.14370258044364137,-0.02485532805835653,0.035219708529027546,-0.06121194686171622,0.05014570169296489,0.02839720598263945,-0.009161366694949807,-0.0034555438454198745,-0.03303202158221124,0.03890937279939175,-0.0034555438454198758,0.014618652270055443,-0.004888552568041238,-0.0013824787302894402,0.020203680068733135,0.08263590962405554,0.051733809328199896,-0.05446132817397426,0.015449300262610764,0.04472568032231295,-0.043758571080913806,-0.017611831519120557,0.08263590962405555,-0.001763697705951482,-0.012015736500645885,-0.020935811616948203,0.022705445702601485,-0.004888552568041238,0.0031219146704812096,0.003762751560063058,-0.0074067462398093795,0.038174664340371166,0.00931525536940904,-9.857139012508744e-05,-0.0016987889421035077,-0.0020466020636280588,-0.011562500101656773,-0.031568995277955245,-0.02708638155966324,0.14477024786540316,-0.006918203966304088,-0.012015736500645842,0.04487418546082326,-0.05389990165418825,0.1854437411138512,0.03681851960456326,-0.026846275568352444,-0.015555279019719908,0.03160938603862221,-0.03322526178623441,-0.028029550001862514,-0.010961249232686869,-0.01911774490797014,-0.007737444721353545,0.0639721254355399,0.08242680945986097,-0.11768472229134261,0.009569082692144343,0.06823040477359447,0.01870514531781654,0.027011870192250244,-0.01432634313714186,-0.0352112946094408,0.003930677865068681,-0.010443303392258881,0.004630507326745185,-0.01899092684515737,0.017118464919412716,0.0357502815591853,0.03309836463669038,0.04955549974498228,-0.0034555438454198745,-0.020642542008013826,0.04933988137553416,-0.047410484972204237,5.56677234801047e-05
Exterior1st_VinylSd,0.08854073748986714,-0.045291995285861426,0.34925951888757467,0.518734206594338,0.48453016339429283,0.13017959967099466,0.24012063335995656,0.17259572106302032,0.0704832724107514,0.13680925101445443,0.4905766059395807,0.27868016460314876,0.07129781272166169,0.14974234143904347,-0.03632172993218675,0.3050088024776266,0.07695067044537741,-0.02263331329144901,0.07719186005623316,-0.11220335593154301,0.04742213823958256,-0.012688060315614971,0.04804822840831236,0.04297379245200116,-0.09009534511228287,0.02650741728278527,-0.08040405595677459,0.11155301558645546,-0.019326804978071606,0.022441612855883315,0.03590514772871797,0.01615356000645129,0.01570966680742905,-0.11765145809201975,-0.06997213427318805,-0.0273416013033121,-0.07770770896730804,-0.1134551035970863,-0.09277585344255158,0.35451010426396723,-0.12483425531925776,-0.0866793987310404,0.21627412263906484,-0.08255518151313113,-0.08012702261829692,0.005696855775561473,-0.19996309041751742,-0.05814003096900134,-0.11016623002432943,0.07407806643285261,0.2170175879622309,-0.11726065354997808,-0.04219193059800699,-0.09215933935346707,-0.020466735131538346,0.1318976570760865,0.0020055357145241054,0.08639269461686588,-0.06432056640025022,-0.06620068336387222,0.08566461463823288,-0.05479606795396105,-0.0341758006609501,0.018563835139348492,0.0631755151061612,-0.02734160130331212,0.03033480368028934,-0.025015561595637423,0.04678367351226342,-0.019326804978071616,-0.027341601303312115,-0.019326804978071606,0.035463748940345055,-0.027341601303312115,-0.05901359705099006,-0.08772791635413316,-0.035336368144333226,0.030921619701152692,-0.07263861946975166,0.011212443023252857,-0.03537804387318852,-0.06432056640025023,0.17136665110054866,-0.06431370364568194,-0.0620508499384778,0.06425831057525597,-0.031166805784410827,-0.03569683791550648,-0.030487790437828954,-0.027341601303312098,0.09940307253484164,-0.01932680497807162,-0.019326804978071623,-0.019326804978071602,-0.06432056640025013,-0.043275412452490156,-0.04742213823958268,-0.019326804978071606,-0.02734160130331211,-0.13901547760320185,-0.019326804978071602,-0.15415008570571076,-0.3126107260819625,-0.019326804978071606,-0.3109483152444647,-0.20864656644008286,-0.02734160130331209,-0.09743876348867074,1.0,-0.2992075528802681,-0.09940307253484128,-0.0334979755882512,-0.05123938672651431,-0.09743876348867088,-0.019326804978071602,-0.15282672891315421,-0.2959432223990302,-0.043926120262571706,-0.3059395163426634,0.03546374894034499,-0.2326363508928732,-0.04327541245249012,-0.08856450002544089,0.9775248873036357,-0.2873584534227309,-0.07566298093853989,0.06237622392725784,-0.18292991367785028,0.23238553521903044,-0.013802345169703186,0.4675461963488188,-0.4684559633391463,-0.06142105112168937,-0.08361751854896433,-0.019326804978071613,0.10421524426581599,-0.42985855612644985,0.5620493916703393,-0.050343712215458615,-0.047422138239582495,-0.0018429306957937033,-0.07821040960663787,0.3568718961488204,-0.4422456488137635,0.06305051840699195,-0.0273416013033121,-0.008042350886771618,0.01356841804180337,-0.02250508416119403,-0.12145684912105063,-0.1529555819763875,0.2713036828626567,-0.09215933935346703,-0.16396750220203862,0.08688293804014802,-0.054397022452968236,-0.028511413744715303,-0.10032636588254513,-0.08391223880515727,0.14700330989279395,0.09092872006108205,-0.08247860988423217,-0.030487790437828982,-0.027341601303312098,-0.038693411178243764,-0.1057325528870948,-0.10429222965188394,-0.0193268049780716,-0.3746438143962179,0.13663529500414903,-0.08005262275018368,-0.033497975588251176,-0.01932680497807161,0.1592915955098943,-0.060068699341478536,0.36640457800332127,-0.3877947477239515,-0.01873867374156378,-0.09878733124346341,-0.06646714153330012,-0.01835322051417615,-0.019326804978071623,0.10937929508033546,-0.05439702245296825,0.040718554989055744,-0.06233623945895694,-0.022380531461776664,0.16106427480077562,-0.04682387897907083,0.18646637339994654,-0.05814003096900129,-0.248483611555237,0.19966842581118205,-0.384803484562343,-0.09591591294643528,-0.05792955089473958,-0.033497975588251225,0.11554684406071165,-0.050097024782914,-0.05814003096900119,-0.03048779043782895,0.07430283277065745,-0.07661246853802424,0.12697271795707463,-0.027341601303312098,0.03869341117824412,-0.06872167852548836,0.12206607156258599,-0.031166805784410768,0.011414454913033207,0.01873867374156381,-0.019326804978071606,-0.038693411178243764,0.011414454913033214,-0.021512438643330575,-0.01873867374156384,0.03033480368028931,0.2795397739572428,-0.033497975588251204,-0.16895471655580943,-0.03869341117824378,-0.05132720030942583,-0.0376720363125946,-0.140390068756625,0.28129993950987325,0.050410415643630344,-0.20247034705038108,-0.005250571212655184,-0.11087174552851754,-0.051239386726514326,0.03438945989640366,-0.07090705105041249,0.10488710226310494,-0.049271820557787685,-0.0651017362449195,-0.030487790437828937,0.03546374894034499,0.03971689086636631,-0.0609989000113068,-0.019326804978071623,-0.05176988384622273,0.011414454913033209,0.10879185199676404,-0.10411292484242855,-0.01873867374156376,-0.34115244091739916,0.34476869595119203,-0.0061762253786916,-0.26770405408340386,0.07904580927917214,0.2877501811442831,-0.01873867374156372,0.1079452879638853,-0.003697298327373902,0.08153507141380853,-0.07595100197686348,-0.02734160130331212,0.028289074476514,0.0033675047971252143,-0.013278998161493905,0.016707927783603773,-0.03500575706180509,0.02132974379149716,-0.005357343047029248,0.05486547481342331,-0.03830725853946362,-0.01816207892534335,0.01592965133867602,-0.1036199641368966,-0.011269925585896273,-0.06720383430344301,-0.13843120454890354,0.3038115486139489,-0.11672203243852582,-0.077707708967308,-0.062081104538059984,-0.037672036312594505,-0.08772791635413316,0.08060651245823647,-0.08622407732677582,-0.009166155176742645,-0.056403940251571576,-0.01873867374156381,-0.08638939691053803,-0.11919531918929552,0.4056771587137961,-0.19303477665717053,-0.2158404864101694,-0.07545235890743493,-0.008945665948099788,0.026770021834211222,-0.0990890297015296,-0.12099483243922018,-0.03787127252885593,0.10274981484190389,0.12026528114102203,0.029509774445189825,-0.012821280482524386,0.00845250047357291,-0.047743686092330415,0.03546374894034499,-0.010468849059363796,-0.03259527613538115,0.033216179268831025,-0.02087245704515629
Exterior1st_Wd Sdng,0.027817291397374162,0.04894533656578681,-0.1529282486707847,-0.40866380108725736,-0.20452205261219805,-0.1344944280280744,-0.03764522888446194,-0.10998953999498987,-0.051757444268864986,-0.040914060196674824,-0.29114123170111245,-0.17933211418392733,-0.04634519678431934,-0.031518324420088284,-0.005176089994665546,-0.15861908165107294,-0.08748919417552681,0.032929955255285755,-0.08381794595467663,0.13382389995662697,-0.03547332356512513,-0.00934800881196004,-0.009348008811960032,-0.009803583920567908,0.07140369380865982,-0.04386769040578926,0.024366288714424138,-0.09084081539569272,-0.01061102153640081,-0.05822346721380762,-0.040479704645371144,0.016396987064822382,-0.001898002361301628,0.046064138830281084,0.04536005217738055,-0.01501139586177357,-0.04266396718609337,0.15932765595409856,0.0867813011274331,-0.13714968789460263,0.10506015805786063,0.0692504914566988,-0.07954604810879741,0.09739040544399839,-0.04399224618942993,-0.07552998093502519,0.06677335908225782,-0.03192069881385227,-0.07492882273816241,-0.03316667000822826,-0.09563549596750033,0.1476710416231545,0.14366264128120262,0.005013145450277821,-0.023226532899744873,-0.10140064119063175,-0.05349693438887863,-0.05389879796553947,-0.01256093962234352,0.030694743310207807,-0.04452415464940907,-0.0034319991305470513,0.00554108417202191,-0.03531400643204771,-0.03969861177361815,-0.01501139586177357,0.043597634575369686,0.004718541851893085,0.0022718883779231087,0.06459330585750794,-0.015011395861773566,-0.010611021536400813,-0.01061102153640081,-0.015011395861773557,0.06313667643570149,-0.046042142912076124,-0.07060478657981577,-0.11795456074543456,0.0812552151098739,-0.02532469883474604,0.10317903769070132,0.07845132761647322,-0.11022232698289895,-0.052836738716844446,-0.03025205145875197,-0.03804533652292614,0.07845132761647342,0.018077509704637364,0.0003511626352895589,-0.015011395861773583,-0.019808547558499423,-0.0106110215364008,-0.010611021536400795,-0.010611021536400806,0.03294519399706481,0.009919038554184646,0.004718541851893126,-0.01061102153640081,-0.01501139586177356,-0.07632385323980229,-0.01061102153640081,-0.084633227329463,-0.17163308424383855,-0.01061102153640081,-0.17072036860257997,-0.114553502894233,-0.015011395861773575,-0.053496934388878634,-0.2992075528802681,1.0,-0.0545754016066475,-0.01839143825355803,-0.028132028893751732,-0.038330813183487855,-0.01061102153640081,-0.08390666298310089,-0.153457465248363,0.037907191159529535,-0.162407438574106,-0.010611021536400802,-0.07991658896047599,0.009919038554184627,-0.03969861177361815,-0.2860103766619766,0.8592439328330361,0.044960806343113245,-0.11022232698289895,0.16032331727904073,-0.11868596940409276,0.061065866222805285,-0.1704003429276471,0.17908145310021711,0.04374437869331203,0.02885685806438034,0.06459330585750803,-0.05342820059136334,0.04185919493100506,-0.20710173718410868,-0.02145088867144895,0.004718541851893147,0.02505759063025225,0.09083115412889203,-0.21184072799081055,0.23341025766609255,-0.030252051458752025,0.03818432733771533,-0.060601761046209186,-0.019809286608508374,0.043376579228307476,0.05972261532127878,0.02684348006181998,-0.16965589087834348,0.07676993326798015,0.08365394465266578,0.08904079067945758,0.01778884160569575,0.0004978195615989177,-0.02805032358236836,0.056095697969792975,-0.03457277218053997,-0.04683015889285751,0.02603670000539048,0.08580073722241331,-0.015011395861773582,-0.021243895190901994,0.055566241175301886,0.03707687313891945,-0.010611021536400794,0.07179652886384724,-0.17227151141091884,0.09040344517780421,0.025057590630252254,-0.010611021536400797,-0.17131912491987625,0.07928141621454463,-0.13118286971337878,0.1349529990024952,0.009919038554184589,0.049488534949748884,0.06787398628587844,0.036751135525228296,-0.010611021536400802,-0.09261853094670966,-0.03516061556926003,0.06682362826424793,0.0030143572758385617,-0.048723570990377635,-0.13700183898882592,0.04026204078640806,-0.06957936044254352,0.04349066084346849,0.17115905393849093,-0.12388167355949509,0.24523683821046224,0.12388296749721267,0.04087651733573651,0.025057590630252227,-0.14383733317998096,0.06510593879849765,0.04349066084346857,0.02883435416433078,-0.0896443319397319,0.05224583385082192,-0.20106966457183656,-0.015011395861773575,-0.016396987064822333,0.045670580984571635,-0.08119128517235091,0.03294519399706482,-0.015011395861773578,0.023759557467000557,-0.01061102153640081,0.016396987064822458,-0.015011395861773564,-0.006783578928078624,0.009919038554184625,-0.02375955746700037,-0.1223873976991281,-0.018391438253557997,0.08848025905805768,0.016396987064822434,0.006686836919213448,0.019941132747855105,0.06648674362457542,-0.11699020366330642,0.019733459464736598,0.18942977037859252,-0.005977421546787171,0.07735575454090013,0.0003511626352896016,-0.03304896946111835,0.04339081364155653,-0.06503112926601197,0.027570972000182506,0.11628324391097207,-0.028132028893751708,-0.010611021536400802,-0.0560202884877817,-0.0022718883779232393,-0.010611021536400804,0.03209462985846851,-0.01501139586177357,-0.06220307397825281,0.042173061949560504,0.009919038554184545,0.19908237539160017,-0.19450305820303984,-0.00868588698178208,0.1672207898976538,-0.10024517336325198,-0.11067948747379493,-0.023759557467000335,-0.1081543611273358,-0.03689701085780283,-0.0037858661409633627,0.007906043685764575,-0.01501139586177357,-0.024809821796589377,-0.014832472775083693,-0.012619374916022802,-0.01579651984525691,0.022366686883177805,-8.816083593618339e-05,0.005590511402140641,-0.00860842769920206,0.0036386175411715514,0.024815698399075204,-0.023226532899744832,0.1600786610728712,-0.02124389519090201,0.07206260858473777,0.16947021147455005,-0.17155733804196752,0.17378726313651952,0.12742235830701004,-0.03206976203337298,-0.03083919366819449,-0.046042142912076124,-0.08540275637343651,-0.08607101285072766,-0.03365897146061678,0.06611472792758526,0.009919038554184644,0.06783203525424826,0.09098979598017896,-0.2135262686893428,0.01272356256658902,0.12501989610149505,0.09851053595370655,0.06291966850460469,-0.025651675248091293,0.018278622840931756,0.05132001766966553,0.0056355801799908315,-0.04436264073836167,-0.03170411655612098,0.0037238479360395967,0.02640113516855779,-0.009623320639891035,0.010192127187360688,-0.010611021536400802,0.016856126254084506,-0.05763040742494042,0.02010256878978887,-0.010248114915486408
Exterior1st_WdShing,-0.02292879840424365,-0.0012641408249858305,-0.04338675689725313,-0.07049228151874942,-0.07365231158648881,-0.03187692536005763,-0.04507209119305382,-0.06830544998110959,-0.03882684505395899,-0.052913582243960616,-0.04947917961526438,-0.058238630412275824,0.012881269047693995,-0.07179329329316099,-0.011807319890816848,-0.05131740614311971,-0.02906575930629936,-0.014173871561726248,0.03173148461557975,-0.012819337119579992,0.008649789133186842,-0.02288826267420692,-0.02288826267420689,-0.011182221669673942,0.03791387919958391,-0.02535639707855448,0.011985710738911803,0.011178734587946906,-0.003525205608274519,-0.01422147271180501,-0.024557827608050663,-0.007057670952005787,0.014608403827522695,-0.029065759306299347,-0.012762904186317873,-0.0049871029569036815,-0.01417387156172623,0.025643980824688536,0.018932122537028657,-0.011449421628280549,0.0025888266107976753,0.08650675242086696,-0.03220540794148644,-0.02171253393933589,-0.014615153918552289,-0.025092655921168855,0.014245641626672936,-0.010604730759674047,0.016633742939770227,-0.022888262674206895,-0.008601646376558489,-0.00023893965695873608,0.06206812879836287,-0.031113319092350027,-0.027632427326467954,-0.03368743600996335,-0.017772812210984923,-0.022011726016077947,0.04815887264632909,0.03523745775128451,-0.05178955711426078,0.060160962740830805,-0.015461688105201212,-0.011732059264778659,0.021027786718163268,-0.004987102956903685,-0.007893427126263312,-0.008649789133186855,0.013719042588601172,-0.0035252056082745215,-0.00498710295690368,-0.0035252056082745193,-0.003525205608274519,-0.004987102956903687,-0.019832471133752055,0.00206709057413453,-0.02345640226705406,-0.019884360626839074,0.03989340814036633,-0.00962015566723825,-0.009994792532022984,-0.011732059264778664,-0.04415504642276204,0.04419245473307661,-0.029065759306299344,0.00853270971373075,-0.011732059264778664,-0.04036227328337737,0.14060163371831214,-0.004987102956903683,-0.09934556378071029,-0.003525205608274521,-0.0035252056082745154,-0.003525205608274519,0.04815887264632906,0.08075583136869371,0.07230336557484411,-0.003525205608274519,-0.004987102956903682,-0.02535639707855446,-0.0035252056082745197,-0.028116946761884743,-0.05702013788835046,-0.0035252056082745193,-0.05671691446294456,-0.0380570946411645,-0.0049871029569036815,-0.017772812210984968,-0.09940307253484128,-0.0545754016066475,1.0,-0.006110024473446541,-0.009346054542269108,-0.017772812210984958,-0.00352520560827452,-0.027875566730774497,-0.025036066170056166,-0.011182221669673911,-0.05580331048135605,-0.0035252056082745215,0.0431920086956858,-0.007893427126263322,0.021027786718163247,-0.09776838029747206,-0.03802089203652363,0.5309549133756771,-0.04415504642276203,0.04721412990245776,-0.023429257471737498,-0.013249270586763937,-0.051494335537454174,0.05193052604381494,-0.018828668315514843,-0.010357829218184575,-0.00352520560827452,0.018517084267320086,0.038759909417290406,-0.0784192666463999,0.023321806460856517,0.07230336557484396,-0.006110024473446535,-0.02110273223282766,-0.07343095668819127,0.0703909528081734,0.02115436919925923,-0.004987102956903691,-0.00010662886339850377,-0.006929369068435599,-0.019884360626839185,0.0039046186179271924,0.02341155762210388,-0.0165419748622023,0.01610647911433503,0.04736252297547922,-0.014617027672311727,0.04921057672582913,-0.013249270586763928,-0.024286577037303445,0.0010525366740382859,-0.0007151506573117309,-0.015214556636205762,-0.015044082995429068,-0.0093460545422691,-0.004987102956903684,0.09202117125884475,-0.02509265592116889,-0.004070408301391488,-0.003525205608274523,0.07256379446073684,-0.00647177091331131,0.01995735482128925,-0.006110024473446518,-0.0035252056082745236,-0.032835442631061494,-0.022307318231137338,-0.015167901661679051,0.030151922458547576,-0.00789342712626332,0.016092352508032072,0.047886963866046975,0.03763942453795747,-0.0035252056082745197,-0.04550030484474177,-0.02047656393344393,0.03447331228680026,-0.01586886443685935,-0.0198625451296915,-0.03190375249284668,-0.015461688105201231,0.009419707923940404,-0.010604730759674053,0.036471019061915695,-0.06300682773532411,0.0496375620367814,0.004217320861886476,0.03989340814036614,-0.006110024473446525,-0.019391756781734413,-0.02110273223282768,-0.010604730759674039,-0.009346054542269095,0.026133825348760468,0.05350863565292392,-0.07284082099598006,-0.0049871029569036815,0.007057670952005857,0.05593480610603601,-0.014708978487160624,-0.011732059264778645,-0.004987102956903682,0.007893427126263364,-0.003525205608274521,-0.00705767095200578,-0.004987102956903685,-0.010604730759674044,-0.007893427126263307,-0.007893427126263316,-0.003230214178574244,-0.006110024473446534,0.0066817845369636425,0.09202117125884438,-0.012257966790312522,-0.015868864436859337,-0.0045110694951981155,-0.004183666435617877,-0.002477552717769792,0.03401801187299869,-0.01740766415260105,-0.020408905465816415,-0.009346054542269108,-0.025356397078554492,0.03159598799742156,-0.05536615102091096,0.04704864618943184,-0.01626639629479311,-0.009346054542269106,-0.003525205608274521,-0.004975998984817864,0.03763942453795739,-0.0035252056082745197,-0.00966375482574587,0.13503540314077664,0.02526636842729147,0.018303893839292783,-0.00789342712626331,0.025266368427291498,-0.03813445993764188,0.014367006396192624,0.028943558388437342,-0.04881863193501582,-0.0035089872544049492,-0.007893427126263316,-0.03791387919958398,-0.012257966790312535,0.005184601639560958,-0.0290657593062994,-0.004987102956903681,-0.02587691163175811,0.002241921147497283,0.06117383915755059,-0.054266568765390426,-0.00691641774772,0.011757613003683028,-0.04065968005729161,-0.028594609498283043,0.09556862130199395,0.013578326814667573,-0.0013329854120981788,0.0676357824276998,-0.007057670952005781,0.04510303165153459,0.0770435701909462,-0.016999788415990615,-0.027875566730774567,-0.014173871561726236,-0.02738748093741516,0.028686024174322672,0.0020670905741345326,-0.012017613256588691,-0.028594609498283043,-0.011182221669673918,-0.019503147574430214,-0.007893427126263322,0.06206812879836295,-0.0004028980522113523,-0.04823508848601702,0.02072545539054002,0.03502144626277118,-0.006749552583082199,-0.016654975405681484,-0.014615153918552311,0.047258652791770245,0.04109712395340053,-0.02503047543452422,0.0017489472836677484,-0.036110878543589936,-0.007873708131157607,-0.02455782760805067,0.03188831267407186,-0.011732059264778669,-0.003525205608274521,0.014144398905778961,0.007478195355274874,-0.012513733535047594,-0.03374633718769544
Exterior2nd_AsphShn,0.020438293459745363,0.0007193221449227034,-0.025140676034628395,-0.004911198540808071,-0.012163857910512853,0.011523826834825108,-0.05258710261390992,-0.07236867879855435,-0.008097092470479367,-0.0008750809536418899,0.002489359684951076,-0.04189081724933287,-0.0028650735978499146,-0.031966973670170665,-0.003978964667582318,-0.02452440779344116,-0.00979490946172851,-0.004776472109544654,0.023511071886583683,-0.01901070839929304,0.0029149041155187047,-0.00771314653326564,-0.0077131465332656406,-0.0037683119742788415,0.0345093576989715,-0.008544886477686153,-0.007214846691788245,0.015297576716465089,-0.00118796379627155,-0.011903356168114469,0.07741665141904253,-0.002378374060593892,-0.005448583969062656,-0.009794909461728523,-0.004300988309175376,-0.001680610557062011,-0.004776472109544658,-0.009229344168850195,-0.006345098350670453,-0.015354682235806131,-0.008632974199265068,0.047577118091361864,-0.010852943893212657,-0.007316936119897294,-0.004925180446616467,-0.008456007989059744,0.022524466618938102,-0.0035737025330180357,0.05899045115774604,-0.007713146533265656,-0.010706933960893643,-0.013142750861940892,-0.005989283976805371,-0.010484919397835519,-0.009311888983126902,-0.011352374532457226,-0.00598928397680536,-0.007417761261689464,-0.003953602487626554,-0.010997430544599895,0.01807842437054936,-0.0033681586263844283,-0.005210455144831115,-0.003953602487626557,-0.0061100244734465245,-0.0016806105570620115,-0.0026600166618645483,-0.00291490411551871,0.004623198679960863,-0.0011879637962715493,-0.0016806105570620112,-0.00118796379627155,-0.00118796379627155,-0.0016806105570620115,-0.0066833712173259745,0.07289272548045175,-0.007904604661536694,-0.013205679329741385,-0.004464889578961374,-0.014877080078702042,-0.0033681586263844226,-0.003953602487626554,0.0028132387002770243,-0.007316936119897284,0.06354133573890551,-0.08581798876268182,0.17096335605585133,0.01571408228660354,0.21581844722157542,-0.0016806105570620125,0.006110024473446496,-0.0011879637962715483,-0.0011879637962715476,-0.0011879637962715498,-0.003953602487626557,-0.002660016661864552,-0.002914904115518711,0.5769544170558818,-0.0016806105570620117,-0.008544886477686156,-0.0011879637962715498,-0.009475167841674612,0.022908322563120496,-0.00118796379627155,0.02316740552924327,-0.012824911692771435,-0.0016806105570620123,-0.005989283976805363,-0.0334979755882512,-0.01839143825355803,-0.006110024473446541,1.0,-0.003149539535547665,-0.005989283976805382,-0.0011879637962715498,-0.009393824859174844,-0.01844337890984181,-0.003768311974278843,-0.018805232922683275,-0.0011879637962715496,-0.01489420470751467,-0.00266001666186455,-0.006110024473446524,-0.032947098444664945,-0.017921002040325415,-0.007417761261689432,0.035671866719512654,-0.024418586762612188,-0.014066424641260317,-0.004464889578961358,-8.784692107506673e-05,0.00431262786837918,-0.006345098350670438,-0.015125495013558036,-0.001187963796271549,0.0169081791229445,0.05179361762286719,-0.04047974043157276,-0.005866232239732001,-0.0029149041155187177,-0.0020590253946465293,-0.007111438219707877,-0.03887487837302251,0.04819913829263135,-0.009794909461728491,-0.0016806105570620125,0.013079613676145737,-0.01442485607422716,-0.013205679329741406,-0.0011758778719658807,-0.015240344764553193,-0.028739892072117138,-0.010484919397835517,-0.014365515349770725,0.0013104744072566785,-0.006900424919293623,-0.004464889578961357,-0.008184366377936842,0.07125162097006854,-0.031395216812779514,0.006792689091230237,-0.005069725835203659,-0.0031495395355476625,-0.0016806105570620123,-0.0023783740605938853,-0.008456007989059728,0.020566799322312947,-0.0011879637962715491,0.037233268565800615,-0.04935365660721889,-0.0062285884824669,-0.0020590253946465263,-0.0011879637962715493,0.01388497893221943,-0.007517373281234092,-0.037155571283691374,0.04506674432105082,-0.0026600166618645517,-0.006683371217325968,-0.007006651989529065,-0.004623198679960994,-0.00118796379627155,0.01230442709259356,-0.0069004249192936296,0.027394997563545787,-0.005347670046445106,-0.02370398214266272,0.0014565830432235398,-0.005210455144831116,0.05206218422898237,-0.003573702533018035,-0.02725125282871567,-0.02893266244584212,0.04819913829263147,-0.008366313259239326,-0.004464889578961359,-0.002059025394646527,0.010029186102391882,-0.007111438219707869,-0.0035737025330180344,-0.003149539535547658,0.00880687307983922,-0.006572392026547607,0.013579040240346254,-0.0016806105570620123,0.0023783740605938376,0.07125162097006837,-0.04043192513899678,-0.003953602487626555,-0.0016806105570620119,0.0026600166618646554,-0.00118796379627155,-0.002378374060593887,-0.0016806105570620123,-0.0035737025330180344,-0.0026600166618645483,-0.0026600166618645465,-0.013701960465134166,-0.0020590253946465307,0.017710107548121922,-0.0023783740605938884,-0.0041308287745286665,-0.005347670046445118,0.021220376649336976,-0.01388497893221942,0.02147771600268136,-0.018495256323145377,-0.0058662322397320076,-0.01333092274839442,-0.003149539535547667,-0.008544886477686156,-0.02586315886827453,0.010580187517744189,0.024095155057025565,-0.00548163484384059,-0.003149539535547658,-0.0011879637962715496,-0.0372615804924289,-0.004623198679960993,-0.00118796379627155,0.12200000657696644,-0.0016806105570620106,-0.010214250135257391,-0.013268402256000029,-0.002660016661864551,0.020220046186121887,-0.01751129991125883,-0.006900424919293634,0.008415089585760767,-0.021144525592901448,-0.017070052887307268,-0.0026600166618645496,-0.03450935769897145,0.16339722708135612,-0.06174832227747167,0.06354133573890541,-0.0016806105570620106,-0.008720295379563255,-0.012696220370376184,-0.014836040493755207,0.02533935439603907,0.01918729351147449,-0.019824102981240762,-0.013701960465134175,-0.009636136051964865,-0.01156131215827009,-0.010852943893212686,0.06749804274210038,-0.010106291761255996,-0.0023783740605938884,-0.004130828774528652,-0.015010119606439542,0.014453275717874041,-0.00939382485917485,-0.0047764721095446645,0.0682122793169043,-0.005347670046445109,0.07289272548045175,-0.0114223433095797,-0.009636136051964846,-0.0037683119742788515,-0.006572392026547607,-0.0026600166618645474,-0.005989283976805378,-0.009146173673659773,-0.020945393417786003,0.019299609348689177,0.02519808358863422,-0.010334806903278928,-0.005612582642924792,-0.004925180446616473,-0.0121051114056359,0.016825105649461346,-0.02797055244386563,0.011728473368724932,0.02786982767536872,-0.010559335684938378,-0.008275775473908245,-0.005069725835203668,-0.0039536024876265655,-0.0011879637962715496,0.04793052647303447,-0.023269589730045174,-0.024905357100251012,0.02982295130846401
Exterior2nd_Brk Cmn,-0.09577628325698777,-0.04211135799883435,-0.03367444621952494,-0.0022577160496012423,-0.04903432934934191,-0.03961523484341309,-0.021699986128296534,-0.04300371446450511,-0.043474188810996586,-0.02199520563559984,-0.025582146502160615,-0.010803042908039477,-0.016675158749096478,-0.04889752582352061,-0.006086329271936484,-0.047376909721541585,-0.014982551782524094,-0.007306217683650366,0.03596315549212073,-0.029079280837437216,0.00445871419460213,-0.01179823231571306,-0.011798232315713055,-0.005764109357818934,0.05278642347095735,-0.013070483665821494,-0.011036019739136442,0.02339957670840242,-0.0018171407467263583,-0.018207687459637887,0.04351718234705832,-0.003638023675491105,-0.02306562294920642,-0.014982551782524093,-0.006578905125160739,-0.002570706222025128,-0.007306217683650352,-0.014117448197845073,-0.00970562974324339,-0.023486926816531365,-0.013205224967424859,0.05969001569823384,-0.01660094914692481,-0.011192178420242045,-0.007533685877141782,-0.012934532786091461,-0.029626066484846714,0.6279452570871523,-0.015923532271270843,-0.011798232315713064,-0.016377608504494177,-0.02010349826338197,-0.009161366694949812,-0.016038009174812764,-0.014243710922284927,-0.01736489142158266,-0.00916136669494982,-0.011346403215660902,-0.0060475346127321795,-0.01682195973867671,0.027653234604825303,-0.005152024245730458,-0.007970049577586914,-0.006047534612732185,-0.009346054542269094,-0.0025707062220251286,-0.0040688316246804326,-0.004458714194602147,0.00707176660428146,-0.0018171407467263573,-0.002570706222025128,-0.0018171407467263583,-0.0018171407467263583,-0.002570706222025128,-0.010223060839578895,-0.013338793747273278,0.16385236914884746,0.05371413629258243,-0.006829612829135432,-0.029366860630464214,-0.005152024245730446,-0.006047534612732179,0.06174483132536685,-0.011192178420241995,-0.014982551782524103,0.012704556325784678,-0.006047534612732188,-0.034258250525037094,-0.004817618719889872,-0.002570706222025129,-0.06562778958802162,-0.0018171407467263562,-0.0018171407467263573,-0.0018171407467263583,0.10862000479751421,-0.0040688316246804326,-0.004458714194602155,-0.0018171407467263583,0.5336051629432146,-0.013070483665821508,-0.0018171407467263581,-0.014493466569618007,-0.029392219193589943,-0.0018171407467263583,-0.029235916355430897,0.16980920938858074,-0.002570706222025129,-0.009161366694949814,-0.05123938672651431,-0.028132028893751732,-0.009346054542269108,-0.003149539535547665,1.0,-0.009161366694949833,-0.0018171407467263581,-0.014369042198753748,-0.028211478691162323,-0.0057641093578189246,-0.02876498013048593,-0.0018171407467263575,-0.022782568247493813,-0.004068831624680438,-0.009346054542269094,-0.05039675052228617,-0.02741243725763985,-0.011346403215660883,-0.045958219732023436,0.056996296025791794,-0.021516374031441538,-0.006829612829135403,-0.049180505850030545,0.05427589534474311,0.06259140814010006,-0.02313635599822605,-0.0018171407467263568,-0.0044419936405379525,0.05921998360101455,-0.061918878324389005,0.069007746542938,-0.00445871419460215,-0.003149539535547664,-0.010877843413592068,0.000742269557596483,0.014124822149075908,-0.014982551782524103,-0.0025707062220251308,-0.017250866383190747,-0.022064640202343187,-0.020199755307012627,0.047749167813378526,-0.02331203320567942,-0.043961296720210895,-0.016038009174812767,-0.02197387106553234,-0.005081717698252501,-0.010555071905329477,-0.006829612829135404,-0.012519022615135919,0.03893640883315109,-0.006375485388165076,-0.057332060529803205,0.08210226146053885,-0.004817618719889883,-0.002570706222025129,-0.0036380236754910995,0.09717869093223819,-0.030861915749334137,-0.0018171407467263581,0.0642138489843287,-0.02189057519311736,0.06407059337370126,-0.00314953953554766,-0.0018171407467263586,-0.04963817957282915,0.04999649385981034,-0.036605509985757095,0.029272025480014514,-0.004068831624680433,0.05855882315021442,-0.010717559632931997,0.09125946427429969,-0.001817140746726358,-0.059690015698234,0.05615663797251049,-0.07014717418477559,-0.008179937109145864,0.060386263602176256,0.009163892715551729,-0.007970049577586926,-0.01757844656910913,-0.0054664296250505175,0.0032467233517824907,-0.04425616336678451,0.07372667283592768,-0.012797333362308672,-0.006829612829135414,-0.003149539535547665,0.015340907509434112,0.05394522345924235,-0.005466429625050517,-0.004817618719889885,-0.03954222191492761,-0.010053304143091158,0.020770858000566318,-0.002570706222025129,0.0036380236754909724,-0.013602553178309714,0.021145785689940015,-0.0060475346127321795,-0.0025707062220251295,0.004068831624680416,-0.0018171407467263581,-0.0036380236754911008,-0.0025707062220251286,-0.00546642962505052,-0.004068831624680431,-0.004068831624680432,-0.020958880017533446,-0.003149539535547664,-0.002185635363056178,-0.0036380236754910995,-0.00631862461423862,-0.008179937109145887,0.006619279511238718,-0.021238829890574858,0.039524908237836914,-0.028290831750442773,-0.008973143513323218,-0.02039133094257326,-0.004817618719889885,-0.013070483665821487,-0.0165126793166342,0.04276219426695509,-0.028686184533825623,-0.008384853195594205,-0.004817618719889881,-0.0018171407467263575,-0.0367789509826295,-0.007071766604281501,-0.0018171407467263581,0.0268581531292313,-0.002570706222025128,0.037579558966209084,-0.020295697948881183,-0.004068831624680429,-0.022274429496334836,0.02616914799640129,-0.010555071905329486,-0.017549808048962078,0.04098147622159618,-0.02611080299555662,-0.004068831624680433,0.0501083405712292,-0.006318624614238612,0.015340907509434095,-0.014982551782524108,-0.002570706222025128,-0.013338793747273262,-0.019420473449473844,0.01087545309063518,-0.027972834565211407,0.0206169446932633,0.07778951380847071,-0.020958880017533432,-0.014739687788449774,-0.01768448792324411,-0.01660094914692484,-0.014243710922284892,-0.015458850358336444,-0.0036380236754910995,-0.0063186246142386045,-0.022959874733306095,-0.03522375868534479,-0.014369042198753772,-0.007306217683650363,-0.014117448197845064,-0.008179937109145873,-0.013338793747273274,-0.01747191750798943,0.22925060893645582,-0.005764109357818937,-0.010053304143091161,-0.00406883162468043,0.14370258044364165,-0.013990228415381804,-0.03870098099598591,0.04701345570082287,-0.028052481231594185,-0.01580839314500813,-0.008585154401874073,-0.007533685877141788,0.021297832722243466,-0.008076916695694443,-0.020586427009915708,0.05749419282953443,-0.02660252220084614,-0.01615183828975642,-0.012658844378587273,-0.007754786314863501,-0.0060475346127321795,-0.0018171407467263575,-0.0137030264504658,-0.03559377801813488,0.07944426280430605,0.004913777042569071
Exterior2nd_BrkFace,0.0029109191520336193,0.10450238520808866,-0.0018440300441124934,-0.0450619999364648,-0.09046810105828815,-0.07533383486922274,0.029068527900830945,0.07445055188861374,0.0959916442641902,0.010939257828033757,-0.08522988499016478,-0.045958491523452064,-0.031565644129589156,-0.03870105406172218,-0.01157399485688057,0.024758995691036522,-0.02849138939515639,-0.013893780982854065,0.016687777404675884,-0.010856723519333844,0.008478860221147182,0.009521605329233756,0.009521605329233759,0.05305244628620466,-0.009193743360811022,-0.024855328058356562,0.047103065208068486,-0.02526503689534275,-0.003455543845419885,0.008398265967338062,-0.024072539158763735,-0.006918203966304111,-0.0001611744100908641,0.04830386325148049,0.04369119919147681,-0.004888552568041251,-0.013893780982854058,-0.026846275568352552,-0.01845659406714045,-0.04466363189252405,0.03239883266655321,-0.035791063199631754,-0.031568995277955265,0.04590327092031998,-0.014326343137141873,0.004718569547118029,0.10451334810702076,-0.010395170149199667,0.01816847617438441,0.009521605329233736,-0.031144282231498285,0.001285596350250066,-0.01742160278745642,-0.030498487250727846,-0.02708638155966333,-0.03302173691627126,-0.017421602787456393,0.011583308542502177,0.17166694215455885,-0.008925403327177058,-0.00883452208598771,-0.009797284941114598,0.0780142823342679,-0.01150022145980603,-0.017772812210984944,-0.004888552568041252,-0.007737444721353531,-0.008478860221147135,0.01344793990762392,-0.0034555438454198844,-0.00488855256804125,-0.0034555438454198836,-0.003455543845419885,-0.004888552568041252,-0.019440560688103743,0.03160938603862231,-0.022992879138554793,0.020621512717018658,-0.01298745109361277,0.09047842135353153,-0.009797284941114587,-0.011500221459806025,-0.06445692808796159,-0.021283471479346373,-0.002892971846277407,-0.10908327398803161,0.049555499744982426,0.1077883253903842,-0.009161366694949807,-0.00488855256804125,-0.02214765829368888,-0.0034555438454198814,-0.003455543845419881,-0.0034555438454198836,-0.011500221459806004,-0.00773744472135352,0.07404871259801842,-0.003455543845419885,-0.0048885525680412495,0.6718892280734936,-0.0034555438454198827,-0.027561326382487508,-0.05589336011567445,-0.0034555438454198836,-0.055596128703415876,-0.037305046506551726,-0.00488855256804125,-0.017421602787456403,-0.09743876348867088,-0.038330813183487855,-0.017772812210984958,-0.005989283976805382,-0.009161366694949833,1.0,-0.0034555438454198827,-0.02732471627414308,-0.05364801914054527,-0.010961249232686878,-0.0547005784954171,-0.0034555438454198857,-0.043324196891360175,-0.007737444721353533,-0.01777281221098496,-0.09583637448567553,-0.05212853160892815,-0.02157675120662166,-0.08739589579263533,0.10838632081663062,-0.04091635388950765,-0.012987451093612774,-0.003986248284030268,0.01617129492930241,0.020038587844323916,-0.008799394622474203,-0.0034555438454198814,0.0007736563088790022,0.04413923147051245,-0.04334992972925914,0.024457927627747553,-0.008478860221147154,-0.00598928397680538,-0.02068572009460303,-0.027592758001520078,0.05557338758725874,0.022705445702601575,-0.004888552568041254,-0.0016305395361948505,0.012900813847440731,-0.01873457691284707,0.03426841925109604,-0.026838255820697644,-0.04855911195908058,0.017639665599069643,0.03160681632149555,3.876510681087201e-05,-0.020071925538037678,0.04118877346831475,-0.023806648783997447,0.0580573399195711,-0.019251721372031357,-0.052360141698180186,0.03309836463669036,-0.009161366694949824,-0.0048885525680412495,0.09408757394173575,0.03403393779729808,0.05508410282267511,-0.0034555438454198827,-0.02700979133341021,-0.029396139099714863,-0.01811769067693188,-0.005989283976805361,-0.003455543845419884,-0.053959123390673054,-0.021866502209259665,-0.00036886676347546474,-0.0061838292192572955,-0.007737444721353534,-0.019440560688103712,-0.020380918370917895,-0.013447939907623892,-0.0034555438454198857,0.014889082291046797,0.0154493002626108,0.031956308872880756,-0.015555279019719948,-0.030355639995835928,0.030088330241807053,-0.015156148919745272,-0.011243910320722052,-0.010395170149199653,-0.01945863248354933,0.02066088436139186,-0.03963317211242569,0.0052727772649470055,-0.012987451093612776,-0.005989283976805377,0.004118520318088113,0.013829881434677404,-0.010395170149199672,-0.009161366694949817,-0.0026100740577694316,0.01809813184621177,0.001053297394561662,-0.004888552568041252,0.006918203966304142,-0.025867131647333647,0.0023348687822203444,-0.011500221459806026,-0.004888552568041254,0.007737444721353289,-0.003455543845419884,-0.00691820396630411,0.13785718241876296,-0.010395170149199662,-0.00773744472135351,-0.007737444721353531,-0.039856202103197805,-0.00598928397680538,0.03592709908549409,-0.0069182039663041005,-0.012015736500645888,-0.01555527901971995,0.061725737904008135,-0.04038856541218037,-0.08318143910779409,0.03683156826066613,0.024457927627747622,0.039311783427264296,-0.009161366694949833,0.03320671828596434,0.01067518611739021,-0.01875615473910073,-0.00968083515829457,-0.01594495523089385,0.06727060687434575,-0.003455543845419885,-0.02226712169157991,0.09126668550640743,-0.003455543845419886,0.03781781782905665,-0.004888552568041251,0.01986403649310628,0.07900243003620906,-0.007737444721353533,0.041110551716501985,-0.04388771924658019,0.015449300262610807,0.02042819445419134,0.020128942697220324,-0.04965329446979482,-0.007737444721353534,0.009193743360811019,-0.012015736500645887,-0.020935811616948297,0.022705445702601527,-0.004888552568041249,-0.025365556697659837,-0.03693070975617466,0.010467385181879386,0.022946519548856986,0.023264253153344655,0.014292851568135685,-0.020777495522650635,-0.028029550001862562,-0.011562500101656834,-0.008231915224378265,0.05334639893615043,-0.004516081893388082,-0.006918203966304103,-0.012015736500645871,-0.025954258617881615,-0.06698283705154749,0.025867398072855492,-0.013893780982854055,0.00018514672805759717,-0.015555279019719925,0.03160938603862231,0.03368354125914803,-0.02802955000186252,-0.010961249232686883,-0.019117744907970153,-0.007737444721353525,0.023275261324041844,0.05516901969510528,-0.011261870296693939,-0.018372638768917208,-0.007754637918585504,0.018705145317816568,-0.016325855610700747,-0.014326343137141893,0.049586214882985744,-0.02307539123140332,0.04865445999029134,-0.05855211601015235,-0.01899092684515741,-0.0067982420493361735,0.06566169191815965,-0.014746796125258109,-0.011500221459806026,-0.003455543845419885,-0.008006017340634292,0.010331094295238251,-0.009859323276317344,5.566772348009945e-05
Exterior2nd_CBlock,0.025458766693714385,-0.013425682682207972,-0.03975370982721544,-0.04445464886204561,-0.044227943445444506,-0.014942331805524237,-0.00872683234352789,-0.012979758198834507,-0.021856135968703463,-0.007050333107034812,-0.013730715221005647,-0.01653382989985469,-0.019692086396920133,-0.018443486658914023,-0.0022956812402709086,-0.025028294581555425,-0.005651216278606727,-0.002755806681546019,0.013564816774682886,-0.010968312182333465,0.0016817668047430703,-0.004450133961766881,-0.004450133961766879,-0.0021741442384047524,0.019910326354182998,-0.004930009996542102,-0.0041626376672082455,0.008826004456815728,-0.0006854009595613444,-0.006867693918983012,-0.0047747452142341005,-0.0013722134196707798,-0.04203878372298808,-0.005651216278606707,-0.0024814742026844456,-0.0009696356842476742,-0.0027558066815460153,-0.005324910884747068,-0.00366083252007331,-0.00885895173843783,-0.004980832596595438,-0.007099093560413935,-0.006261653917248715,-0.004221538613690466,-0.002841604613472636,-0.004878731159947836,-0.011174552347320134,-0.00206186346166855,-0.006006141416396619,-0.00445013396176688,-0.006177412841863213,0.09038928065749781,-0.003455543845419885,-0.006049320559056114,-0.0053725354799490565,-0.006549802630573901,-0.003455543845419875,-0.004279710124597742,-0.0022810484185192673,-0.006345016128972189,-0.06571168880219458,-0.0019432739968373673,-0.003006195110681861,-0.0022810484185192687,-0.00352520560827452,-0.0009696356842476754,-0.0015347083625049968,-0.0016817668047428933,0.002667374899330534,-0.0006854009595613452,-0.0009696356842476746,-0.0006854009595613442,-0.0006854009595613444,-0.0009696356842476753,-0.003856000544660362,-0.00503121293727101,-0.00456059657455411,-0.007619075019517852,-0.002576037764248544,-0.02603710140118111,-0.0019432739968373645,-0.0022810484185192643,-0.017334820079736777,-0.004221538613690466,-0.005651216278606714,0.01384282961415829,-0.0022810484185192687,-0.012921749636099756,-0.0018171407467263549,-0.0009696356842476738,0.0035252056082745267,-0.0006854009595613451,-0.0006854009595613447,-0.000685400959561344,-0.0022810484185192647,-0.0015347083625049946,-0.0016817668047428944,-0.0006854009595613444,-0.0009696356842476748,-0.004930009996542106,1.0,-0.005466739938600008,-0.011086348305829698,-0.0006854009595613443,-0.011027392985252956,-0.007399389449496115,-0.0009696356842476739,-0.003455543845419877,-0.019326804978071602,-0.01061102153640081,-0.00352520560827452,-0.0011879637962715498,-0.0018171407467263581,-0.0034555438454198827,1.0,-0.0054198087455502855,-0.010640988927468538,-0.002174144238404753,-0.010849762198506802,-0.0006854009595613451,-0.008593277194535112,-0.0015347083625049966,-0.0035252056082745115,-0.019008973976824425,-0.010339601285233223,-0.004279710124597735,-0.017334820079736784,0.02149823345159008,-0.008115685828958835,0.26606790050738394,-0.018550222904885026,-0.03347970098299554,-0.0036608325200733023,-0.008726721158229036,-0.000685400959561345,0.009755248629354929,-0.022936490069522666,0.029347119907542116,-0.0033845486021890077,-0.0016817668047428929,-0.0011879637962715491,-0.0041029756924804706,-0.02242903278982549,0.027808705736221025,-0.0056512162786067155,-0.0009696356842476761,0.0075463408838369415,-0.008322484427420755,-0.007619075019517859,0.0180103415195024,-0.008792984229363452,-0.016581607676717288,-0.006049320559056108,-0.00828824753433429,-0.01795379119975099,-0.0039812306367489345,-0.002576037764248535,-0.004722006332554305,0.13358821119140504,-0.07309462598183233,0.003919071974872453,-0.0029250007138830725,-0.0018171407467263581,-0.0009696356842476733,-0.0013722134196707798,-0.004878731159947836,-0.011640698006801337,-0.0006854009595613455,-0.01685987653327572,0.006906656085580779,-0.003593611636982671,-0.0011879637962715467,-0.0006854009595613453,0.008010999925671837,-0.004337181719265881,-0.021437070970360433,0.026001457198358335,-0.0015347083625049985,-0.0038560005446603572,-0.004042518814132188,-0.0026673748993304215,-0.0006854009595613451,0.007099093560413988,-0.0039812306367489345,0.01580566484952283,-0.0030853618542539454,-0.013676117199022987,-0.0357852224591322,-0.003006195110681855,-0.006630352749378731,-0.002061863461668547,0.04359299749403614,-0.01669282739531548,-0.02464699242254214,-0.004826981389391315,-0.0025760377642485323,-0.0011879637962715485,0.005786383221250446,-0.004102975692480479,-0.002061863461668551,-0.0018171407467263568,0.005081164323863821,-0.003791970610339497,0.007834487246047402,-0.0009696356842476739,0.0013722134196707558,-0.005130699434093789,0.00797590490922269,-0.002281048418519266,-0.0009696356842476745,0.0015347083625047702,-0.0006854009595613439,-0.0013722134196707805,-0.0009696356842476752,-0.002061863461668547,-0.0015347083625049966,-0.001534708362504997,-0.007905406612684218,-0.0011879637962715487,0.010217924776423653,-0.0013722134196707794,-0.0023832999075658525,-0.003085361854253946,0.01224319003942447,-0.008010999925671865,0.030007854108606506,0.06423072897805171,-0.0033845486021890137,-0.007691334763116898,-0.0018171407467263562,-0.004930009996542113,0.04593266438651404,-0.028983341816930176,-0.01082004156313089,-0.0031626534358412564,-0.0018171407467263566,-0.0006854009595613451,-0.021498233451590198,-0.0026673748993304154,-0.0006854009595613451,-0.00630344262765021,-0.0009696356842476739,-0.0234523584250577,-0.0076552632888734476,-0.001534708362504996,0.02922524665276419,-0.027580359124843915,-0.003981230636748936,0.04501648138054129,-0.029799391922127133,-0.009848642412709446,-0.0015347083625049964,-0.019910326354182998,-0.0023832999075658516,0.005786383221250409,-0.005651216278606707,-0.0009696356842476745,-0.005031212937271012,-0.007325140422603417,-0.008559719094491984,-0.010550975584685316,-0.01198612988698972,-0.01143760377919754,-0.007905406612684221,-0.005559611258532555,0.10275337089845529,-0.006261653917248706,-0.005372535479949051,-0.0058308696717121215,-0.0013722134196707803,-0.0023832999075658486,0.07914419254606717,-0.013285926280496416,-0.005419808745550286,-0.002755806681546019,-0.005324910884747053,-0.003085361854253941,-0.00503121293727101,-0.006590171425590694,-0.005559611258532543,-0.0021741442384047554,-0.0037919706103395016,-0.0015347083625049966,-0.00345554384541988,-0.0052769253001782295,-0.02967518967615717,0.05731991672857044,-0.010581017232071718,-0.005962712492266397,-0.0032382043469266295,-0.0028416046134726396,-0.0069840974944351646,-0.01261187117017018,0.042471946117463584,-0.014120139929614816,-0.010034112259086151,-0.006092255364600983,-0.004774745214234111,-0.0029250007138830777,-0.002281048418519264,-0.0006854009595613451,-0.014120139929614835,-0.013425492577827765,0.04769912719940786,-0.00966139447134431
Exterior2nd_CmentBd,-0.06253059324288146,-0.04300482032754427,0.11989496602876985,0.10718439499634695,0.10031747773365768,0.033076276061680204,0.021805546125436302,0.0964100621579163,0.08048181417824256,0.07042642558745935,0.11734422309658285,0.046189001346126295,0.06775116550245903,0.0900375919908386,-0.0007606915984551158,0.1281831600269245,0.08914483220070281,-0.021791543979232254,-0.16303635010315465,0.14561417299905333,0.013298572622593334,-0.035189438573722656,-0.014304649826716516,-0.017192047651837593,0.04286709290831462,0.01793266703846536,-0.03291606134857349,0.02420068009067146,-0.005419808745550291,-0.040248283395168075,0.0013388759703601206,-0.010850778933039294,0.044343962366920335,-0.01122904055998576,-0.01962225963934165,-0.007667395103803947,0.04449106895759911,-0.02444126742016103,-0.02894803666599247,-0.035960113612061494,0.03578199644952981,-0.028816525759757145,-0.049514034360315845,-0.01142801066934832,0.5242997948600354,-0.019420505295217105,-0.0788065120201507,-0.01630418730203371,-0.015831189671532592,-0.03518943857372267,0.059209573304065476,-0.04704884535128986,-0.02732471627414308,-0.04783500812661909,-0.04248332946403029,0.10940678670612701,0.13225162676685204,-0.012171177970416086,-0.01803739255869523,-0.035100607374566016,0.04233901974057265,-0.015366440995063966,0.03711688902353189,-0.018037392558695246,-0.027875566730774553,-0.007667395103803944,-0.01213570784945666,-0.013298572622593312,-0.0473404272716762,-0.005419808745550284,0.1789058857554251,-0.005419808745550287,-0.005419808745550291,-0.007667395103803944,-0.030491328007728614,-0.0397843211302167,0.14760637756052267,0.15837079205656374,-0.020370021093167826,-0.026468665385382322,0.031373150364922255,-0.018037392558695253,0.03532122592337491,0.12029484915103499,-0.027958019353433793,-0.00743473589329346,-0.018037392558695253,0.019530669713834915,-0.014369042198753732,-0.007667395103803951,0.027875566730774445,-0.00541980874555028,-0.00541980874555028,-0.005419808745550287,-0.018037392558695235,-0.012135707849456652,-0.013298572622593315,-0.005419808745550291,-0.007667395103803945,-0.038984058779272544,-0.0054198087455502855,0.9741710841939724,-0.08766530986855833,-0.005419808745550289,-0.08719912061451496,-0.05851067917351251,-0.007667395103803949,-0.000728659100643827,-0.15282672891315421,-0.08390666298310089,-0.027875566730774497,-0.009393824859174844,-0.014369042198753748,-0.02732471627414308,-0.0054198087455502855,1.0,-0.08414363015672997,-0.017192047651837572,-0.08579450499783703,-0.005419808745550285,-0.06795134766325187,-0.012135707849456662,-0.027875566730774504,-0.150313479965751,-0.08176040708649544,-0.03384181191774206,-0.05462468660242858,-0.026983698674848837,0.14322343232739226,-0.02037002109316775,0.01422773126381303,-0.10120149286019316,-0.028948036665992438,-0.023002185311411752,-0.00541980874555028,0.0349584126809563,-0.03518698583643834,0.07231136035859527,-0.026763321320156644,0.04063452745792402,-0.00939382485917485,-0.03244428422615258,0.03214247736398434,-0.10502419480377223,-0.027958019353433734,-0.00766739510380395,0.04670809379928777,0.02979460137991709,0.00405175552536257,-0.05708818135606398,-0.035235066503121845,0.10550171477315129,-0.03210547842732546,-0.053548421198951424,-0.023610936278654106,-0.0082678910314025,0.05044005223070119,-0.017587337133569823,-0.022289012050864122,0.019802535996624383,0.0074247031693884195,0.008138138390632151,-0.014369042198753776,-0.007667395103803951,-0.010850778933039281,-0.019420505295217123,-0.04557881241583655,-0.005419808745550284,-0.027203821141346216,0.04062544070384118,-0.002806566663549381,-0.009393824859174827,-0.0054198087455502855,0.05101544229190104,-0.012897742040517319,-0.028734397305581125,-0.08422778576839042,-0.01213570784945665,-0.03049132800772867,-0.03196622140258944,-0.021092269576489308,-0.005419808745550287,0.042476307451070464,-0.03148158508110967,0.03140606250458172,0.005286125395137921,-0.049292431765038405,0.08628999734260105,-0.02377149072293617,0.04905337734895319,-0.016304187302033715,-0.1086928687684544,-0.03305176929060104,-0.07045807117584005,-0.03816935996934513,-0.020370021093167764,-0.009393824859174841,0.04575583087556494,-0.03244428422615252,-0.01630418730203371,-0.01436904219875376,0.040179311767640176,-0.029985011240633175,0.03682655583141295,-0.007667395103803949,0.010850778933039207,-0.02228901205086418,0.013563328112820665,-0.018037392558695235,-0.007667395103803951,0.01213570784945677,-0.0054198087455502855,-0.010850778933039276,-0.007667395103803945,-0.01630418730203372,0.04692473701789905,-0.012135707849456652,0.13697986973337553,-0.00939382485917485,-0.09238072795218186,-0.010850778933039294,-0.018845946306467767,-0.024397501823713356,-0.06503471186929571,0.13395776734264095,0.007442057315158132,-0.05476606580701703,0.0003717127961133084,0.015729113022715284,-0.01436904219875378,0.07484939285620318,-0.037793445304260306,0.0066513292812626894,-0.00736427526992061,0.003969632552269239,-0.014369042198753752,-0.005419808745550284,0.062158877304562606,-0.021092269576489332,-0.005419808745550287,-0.0043613918799432485,-0.007667395103803948,0.036709500024269426,0.003509217495882097,-0.012135707849456655,-0.06048508294154231,0.044489195589227384,0.061373191117718724,-0.033062704673190245,-0.07559122376131287,0.12104817317717333,-0.012135707849456657,0.014419823014925087,-0.018845946306467812,0.04575583087556492,-0.04468699814688165,-0.007667395103803947,-0.0025502769955266925,-0.044626638226144356,-0.009280820906352879,0.026038371350319684,-0.012737278031206401,-0.015202646463871086,0.03723392967814936,0.006978195454401079,0.019359881629417295,-0.0037605595716695916,0.01008079004231227,-0.04610760752528656,-0.010850778933039299,-0.018845946306467774,-0.045336417086105384,-0.0024595629555186783,-0.025476190476190506,0.011349762489183466,-0.042106737931762395,0.00528612539513786,-0.039784321130216696,0.07906615939325518,0.1258401246943662,0.27564583068446336,-0.02998501124063316,-0.01213570784945666,-0.0007286591006437827,0.011712924035292617,0.022674895907900897,-0.03977257734578443,0.005714008072436583,-0.031215148750074174,0.05935960468372417,0.17050758034523855,-0.02751848748399262,-0.0467816780230462,-0.027193657011488136,-0.012556947543093439,-0.017396443021822004,0.029975253866551664,0.09907682180664895,0.07067330707654194,-0.018037392558695253,-0.005419808745550284,0.02047574329099025,0.004307014837108115,0.02543673884810663,-0.0020372662947934074
Exterior2nd_HdBoard,-0.01786128728093891,0.020272018800417235,-0.06754489984801011,0.022473332872049098,-0.08088934661788331,0.06178261893827236,-0.1273821448856377,-0.03933252444670949,-0.03955337281499279,-0.05659599668501678,-0.05690629575616747,-0.03315461472069506,0.03396553606469919,-0.050121406522432105,-0.013865755628036457,-0.06786360534380842,-0.08773627904733305,-0.023924159336259555,0.13368433294515417,-0.08764450019629047,-0.004582874420658553,-0.06908923244464008,0.0022223825211955687,-0.033754030315905716,-0.053577155299836705,-0.0009613645100733061,0.036666379184745246,0.020271938523133953,0.06441139674453165,0.09338359226193448,0.05936254150388469,-0.021303891687262277,-0.07505939083118723,0.02650672421608385,-0.017623469164995464,-0.01505379068386672,0.20239942142576384,-0.06256392988696044,0.0004314608985645005,-0.06639871081467967,-0.045245595495204384,-0.055799604436881194,0.006937448351734515,-0.06554024329628994,-0.044116488029952154,0.06599067943933393,0.054923642394188,-0.03201084848146221,0.1590146716118355,0.049763459165085955,-0.09590558742832522,-0.09568001484277931,-0.05364801914054517,0.14777293490333093,0.08610055901274966,-0.10168701443553081,0.06743581922883969,0.019884018282241386,-0.03541373939718084,-0.00415368982870849,0.002033959799615273,0.049627008097950474,0.022629824918554534,0.032707551142850774,-0.010189333185376227,0.09112270399461342,-0.02382665863607888,0.0045828744206587255,0.002467354019196136,-0.010640988927468535,-0.01505379068386672,-0.010640988927468542,-0.010640988927468543,-0.015053790683866725,-0.0053829227040295535,-0.003947618651632783,0.03371968861167938,-0.037785090720240125,-0.03999350882679366,-0.007590667373917902,-0.03016972298465714,-0.03541373939718084,0.020933529553618782,0.04690247728253886,0.14074972747950087,-0.036930244496039585,-0.0354137393971809,0.056650865283385,0.00021416581477072836,-0.015053790683866728,0.025036066170056156,-0.010640988927468531,-0.01064098892746853,-0.010640988927468538,-0.035413739397180836,0.009783893642834286,0.004582874420658719,-0.010640988927468543,-0.01505379068386672,-0.044148816347211184,-0.010640988927468538,-0.08487224644859327,0.883271397030471,-0.010640988927468542,-0.15473639510326356,-0.09987250859698604,0.038034456655373326,-0.05364801914054503,-0.2959432223990302,-0.153457465248363,-0.025036066170056166,-0.01844337890984181,-0.028211478691162323,-0.05364801914054527,-0.010640988927468538,-0.08414363015672997,1.0,-0.03375403031590573,-0.16844475895374686,-0.010640988927468533,-0.13341237154998767,-0.02382665863607887,-0.05472953213941589,-0.29511817686888164,-0.1605244072914943,-0.06644336780293571,0.17022918345311888,-0.12264024941338283,-0.0773980244612144,-0.0399935088267936,-0.11317304348759659,0.14383710460890478,-0.013885196190165847,-0.004581588469002914,-0.010640988927468533,0.013424603218584843,0.24208985668438596,-0.161002460944206,0.00922301544465281,-0.026109770781917924,-0.01844337890984182,-0.012353048930558566,-0.018362649529623232,0.07372097982576784,0.01698647394413246,-0.015053790683866725,0.013866582548454963,-0.027194383716400376,0.020762250698226938,-0.01053273126244667,0.05865828889992593,-0.01417983996594904,-0.01335364086878495,0.035096201446719086,-0.127184281008194,0.004243685374762382,-0.019844950204599417,0.10653909356137763,0.04519350132619391,-0.0894686522340427,0.04743363774202546,-0.027617242574465184,-0.028211478691162365,-0.015053790683866725,-0.021303891687262246,-0.03213283847770211,0.06786349946216493,-0.010640988927468533,0.1825381229964902,0.07538350101819746,-0.04121726755118689,-0.018443378909841754,-0.010640988927468535,0.08928376071226221,-0.06733562596799442,-0.06042150320788841,0.1287761408097668,-0.02382665863607886,0.0490993452189043,0.05441420316535139,-0.04141153637623716,-0.010640988927468538,-0.02971009472879748,0.07029678395848335,-0.12738924399469817,0.036562015675429424,0.09866923151803456,0.07897405077198241,0.022629824918554555,-0.06993606627497567,0.01816181795217688,-0.05280286046463892,0.03971322992585141,-0.0049635954689328495,-0.04190477969527662,0.0607492842841772,-0.018443378909841778,0.015291568393479367,-0.02518966917156593,0.09342081760263535,-0.02821147869116229,-0.005098008361473156,-0.017348492209741974,0.08588668859085767,0.038034456655373354,-0.016260941481098936,0.066001609789216,-0.06634238553604148,-0.012706642550503694,0.03803445665537338,-0.009783893642834371,-0.01064098892746854,0.016260941481098693,-0.015053790683866716,0.01816181795217691,0.043394445921747425,-0.02382665863607885,-0.12273304123552292,0.02491786619220172,0.07167597280890459,-0.021303891687262214,-0.01525331870128453,-0.01411571491266579,0.0928555291155163,-0.12437239883875,-0.04147490744251825,-0.07016734490794334,0.04010742496115085,-0.0032423377932117767,0.00021416581477069681,-0.054945679306495465,-0.04909899178991939,0.06319099959338237,0.0044538006516325465,-0.03260964202431145,0.05706545482663667,-0.010640988927468533,0.03856570225717325,-0.041411536376237144,-0.010640988927468537,0.0574408714405319,-0.01505379068386672,-0.0045732696451289715,-0.00951095680838702,0.009783893642834296,0.0783950423783349,-0.06640920112743813,-0.022177554058726085,0.03923107635579604,0.0640442143874818,-0.11119453008981338,-0.023826658636078864,0.09025357210837309,-0.03700121450585047,0.024609469000524457,-0.021094527143673197,-0.015053790683866723,0.027836516815557218,0.01491653036630491,5.919032028357517e-05,-0.005229007690460679,0.005859304277405847,-0.038411787895933705,0.0049863031720775355,-0.00900801165033586,0.011337869639898135,0.03297517224256333,-0.033553743668568094,-0.09052543441711873,0.01626094148109866,-0.03700121450585036,-0.09493818749571127,0.041881208296051145,-0.0742523499611724,-0.04278445773309488,0.12844679155969135,0.08723974626352456,-0.0039476186516327946,-0.052545941295717026,0.058634809118534845,-0.03375403031590574,-0.003507618643499722,-0.023826658636078867,-0.023377059548198915,-0.02110103357437195,-0.0530446427883911,0.05856387876678231,0.02789166776988289,0.034385424636250016,-0.03415614257322819,-0.04411648802995228,-0.02170318652532108,0.04022666194723605,0.048371682544966425,-0.0077350622141864585,-0.0676466296805904,0.02104901730149809,0.0037411125501742274,-0.027617242574465177,-0.03541373939718086,-0.010640988927468533,-0.03123317048033774,0.03819690870329293,-0.013602081236778968,0.03136543685801999
Exterior2nd_ImStucc,0.04582771248192819,-0.007979481021600357,0.04208879218509468,0.036670567436495806,-0.00026458164556742483,0.02357238963167291,-0.014164499756441387,0.060249278618852736,0.053244063109321484,0.0422793819493582,0.015520664210483487,0.045623522679453854,0.005206573036295524,0.01283889724787983,-0.007282076384811581,0.07440111895297526,-0.017926090036371287,-0.008741629458288415,0.022697953489345488,-0.01149104302090393,0.005334692865344372,-0.014116165112019834,-0.014116165112019862,-0.006896551724137933,-0.005784479969418637,-0.0156383685778901,-0.013204204888361274,0.027996760830626192,-0.002174144238404753,-0.02178485010385791,-0.01514585681937411,-0.0043527658644485654,-0.02230954511521934,0.022338666045324213,-0.007871425864313457,-0.0030757585131014815,0.07102573934859349,-0.016891024383013622,0.04893814253590695,-0.028101272126547908,-0.015799581750333594,-0.022518867455552222,-0.019862444890336325,-0.01339104319321699,-0.009013787057082386,0.12285817316804136,-0.03544653427130763,-0.006540388517157793,-0.019051939705278666,0.13668579388955798,-0.019595225759502885,-0.024053120265919502,-0.010961249232686874,-0.01918890724657372,0.025129866302462354,0.014495214862462177,-0.010961249232686878,-0.013575567672668067,-0.0072356599556264185,-0.02012687619845015,0.008933250005738342,-0.006164213669280091,-0.00953588069615843,-0.007235659955626435,-0.011182221669673946,-0.0030757585131014837,0.13728358530490756,-0.005334692865344432,0.008461117085036092,-0.002174144238404752,-0.0030757585131014832,-0.002174144238404753,-0.002174144238404753,-0.0030757585131014832,-0.012231528495122561,0.028849670230172163,0.03465245998345444,0.0067840809524787465,-0.008171388710395796,0.00045505055658602513,-0.0061642136692800845,-0.007235659955626414,-0.0008649699349012479,0.03944928940704456,0.022338666045324185,-0.036477386018152196,-0.007235659955626429,0.042708586485540344,-0.005764109357818909,-0.0030757585131014837,0.011182221669673932,-0.0021741442384047524,-0.0021741442384047515,-0.002174144238404753,-0.0072356599556264,-0.0048682122448548875,-0.005334692865344423,-0.002174144238404753,-0.0030757585131014837,-0.01563836857789009,-0.002174144238404753,-0.017340916983791567,0.011088613070419645,0.3152509145686888,-0.03497973352540496,0.07171825519066254,-0.0030757585131014832,-0.010961249232686857,-0.043926120262571706,0.037907191159529535,-0.011182221669673911,-0.003768311974278843,-0.0057641093578189246,-0.010961249232686878,-0.002174144238404753,-0.017192047651837572,-0.03375403031590573,1.0,-0.03441627509106804,-0.0021741442384047524,-0.02725853216410814,-0.0048682122448548875,-0.011182221669673932,-0.06029791857331028,-0.03279800567550886,-0.013575567672668052,0.017175831564467742,-0.01646862868714943,0.003620190353004243,-0.008171388710395787,0.011575618053330178,-0.020630496762593986,-0.011612440601740595,-0.027681826617913272,-0.0021741442384047524,0.030944394380906137,-0.005737878537360521,0.02622129086770831,-0.010736046894010047,-0.005334692865344436,-0.0037683119742788437,-0.013014952543734786,-0.003914214600968936,-0.011624750285183972,0.022338666045324248,-0.0030757585131014845,-0.007266762368406007,0.08865522808114164,-0.02416828839320546,-0.04957778953584809,-0.00037691916412100886,0.03925984607416867,-0.019188907246573697,-0.026290954764314863,-0.021341305513679132,-0.012628767920295674,-0.00817138871039579,-0.014978565055123558,0.027727728055651723,0.0035836436050652107,0.012431595893177553,-0.009278325862701825,-0.005764109357818929,-0.0030757585131014837,-0.00435276586444856,-0.015475708188262306,-0.014555570431653786,-0.0021741442384047524,0.019493008137271266,0.02190844107472312,0.05024096621528389,-0.003768311974278838,-0.002174144238404753,-0.004269132698168939,-0.013757871964304353,0.01670990445456977,-0.03378778915257513,-0.0048682122448548935,-0.012231528495122579,0.042241059260427975,-0.008461117085036173,-0.0021741442384047524,-0.010358679029554113,0.04324396287858824,-0.024939832735299924,-0.009787003658578385,0.01732495575483777,0.025901599453609533,-0.009535880696158463,0.01386199062153477,-0.006540388517157804,-0.03105830124186269,0.02032713217769219,-0.011624750285183958,-0.015311553960106222,-0.008171388710395806,-0.003768311974278834,0.01835484991111646,-0.013014952543734776,-0.006540388517157792,-0.005764109357818908,0.016117841658970476,-0.012028420648763201,0.02485159244269315,-0.0030757585131014832,-0.15452318818792396,-0.01627497081527381,-0.004488741627237562,-0.007235659955626411,-0.0030757585131014837,0.004868212244854773,-0.0021741442384047532,-0.00435276586444856,-0.0030757585131014832,-0.006540388517157796,-0.00486821224485489,-0.004868212244854891,-0.025076554095013557,-0.0037683119742788424,0.03241203848814633,-0.004352765864448553,-0.007560009495377872,0.06165812304904393,-0.026088530194543977,-0.02541150415576785,-0.022160592255174513,0.06118852888810905,-0.010736046894010077,-0.024397501823713336,0.11445874296240431,-0.015638368577890107,0.04918431510479917,-0.025156993389336687,-0.010796121739754297,-0.010032178463838049,-0.005764109357818913,-0.0021741442384047524,0.033401162407739604,-0.008461117085036189,-0.002174144238404753,0.016495876546230755,-0.0030757585131014815,-0.02426345665698136,0.03737482801691257,-0.0048682122448548935,-0.007553717638494199,-0.004328784224882309,0.04324396287858822,0.00903107671111769,-0.04428035967778046,0.06955790375821823,-0.004868212244854889,-0.011450909327216516,-0.007560009495377893,0.01835484991111645,-0.01792609003637128,-0.0030757585131014832,-0.015959392042222874,0.040772437746310036,-0.027152083305461573,0.014437392636390435,-0.016079993947013305,0.05426638347290106,0.0049330926088551365,-0.017635511910057237,-0.021158860477222874,-0.019862444890336343,-0.01704209323960089,-0.018495964332695552,-0.004352765864448547,-0.007560009495377876,-0.027470673064726246,-0.000986648215792655,-0.017192047651837572,-0.008741629458288417,0.02562776113284823,-0.00978700365857837,0.02884967023017217,0.014176633619036066,0.023234087119599196,-0.006896551724137926,-0.012028420648763203,-0.0048682122448548875,-0.0109612492326869,0.02613603735455745,0.039785375929215876,-0.03792999645655574,-0.009659824074657593,-0.018914179838064253,-0.010271831729202058,-0.009013787057082395,0.011191241917864444,0.044951993492829724,-0.014007248183669564,-0.04479016325435028,-0.006978544472751618,0.018294427746163838,0.03190297500251138,-0.00927832586270183,-0.0072356599556264115,-0.0021741442384047524,0.03471578002996752,-0.02213387112819139,-0.025891812240532663,-0.00507859298683785
Exterior2nd_MetalSd,-0.11283600345181939,-0.08088925455091671,-0.1656439221663019,-0.19783008072984445,-0.16648665988754932,-0.04641343158642287,-0.061319525146399004,-0.12119136158432021,-0.14456638321332968,-0.12870753557808942,-0.18408840344418098,-0.11511487307841033,-0.11658973595237004,-0.07643859131862284,0.0607319607636004,-0.16238867058442746,0.12650120718735244,0.06798393916619272,-0.16455170164131047,0.07632527121670621,-0.033920290504869104,0.15227433525810427,-0.02355651690642615,-0.03441627509106811,0.09010156617454,0.007147688366607955,-0.0034554865926699116,-0.05860044729397705,-0.010849762198506809,-0.0771527401387671,-0.02072565879463841,0.015327112589142116,0.06388385269110809,0.05138508619354085,-0.01866635863365928,0.08936930289413317,-0.043623877006192587,0.08426512577870345,-0.029710145512290745,-0.12110052913508174,0.03717605392550072,0.04862679260047615,-0.08200063795091261,0.08103870301225763,-0.04498204137048417,-0.06647645848239571,0.11811099593208192,-0.03263889250930005,-0.050647981633365105,-0.03527857371739488,-0.02847330519294459,0.11187329953008905,0.005009959525748495,-0.0339596899324543,-0.0752119142473298,0.08549659485518339,-0.039772943990125605,-0.031257578127963315,-0.013713271539201365,0.00953760386576304,-0.043283929270453124,-0.03076164463749949,-0.013412505680629482,0.008682004128845592,-0.02651760476504412,-0.015349141909586295,-0.024294131113991674,-0.026622037291107587,-0.0153900631131983,-0.010849762198506798,-0.015349141909586297,-0.010849762198506805,-0.010849762198506809,0.08936930289413315,0.08672904540086816,0.024849108333025102,0.042349454390901126,0.04540367555162984,0.09832493435918363,-0.040334401102220876,-0.004527999093837528,0.053472555464939495,-0.05984909147447685,-0.005215779885604583,-0.042510065048724045,0.02698269436432906,0.008682004128845613,-0.01425063521253266,-0.02876498013048592,-0.015349141909586302,0.05580331048135605,-0.010849762198506802,-0.0108497621985068,-0.010849762198506804,-0.03610854720724832,-0.024294131113991684,-0.026622037291107584,-0.010849762198506809,-0.015349141909586302,-0.0780410872680664,-0.010849762198506802,-0.0865374165406043,-0.1701014653369084,-0.010849762198506809,0.9730651937625319,-0.11713087765817141,-0.015349141909586302,-0.05470057849541701,-0.3059395163426634,-0.162407438574106,-0.05580331048135605,-0.018805232922683275,-0.02876498013048593,-0.0547005784954171,-0.010849762198506802,-0.08579450499783703,-0.16844475895374686,-0.03441627509106804,1.0,-0.010849762198506798,-0.13602988552310766,-0.024294131113991643,-0.05580331048135608,-0.30090831419049147,-0.1636738519361754,-0.06774696837329358,-0.043021036866342746,0.09550134817380425,-0.09423238093372321,-0.001034426219725648,-0.15406649478171439,0.14847142971198646,-0.0014700332414935551,0.11361234011581639,-0.0108497621985068,-0.1060030972096093,0.10186239057068378,-0.1552909483453724,-0.023116442935261584,0.0036491266068808194,0.023960561574384552,0.048993795558673434,-0.16690857418742394,0.18023275617451356,-0.061289095297177,0.03701008049227344,0.03213698747550335,-0.05796043166679549,0.030967837941573286,0.10261969538201914,0.07254889084272809,-0.08683332077423461,0.02784017315687672,0.0976242598443302,-0.00602319582922489,0.02818235371079651,-0.0010344262197256226,-0.008231135551971577,-0.0401732319273644,0.02642437787461363,-0.004094806972290135,0.006346716976500079,-0.0007296857442980493,0.03701008049227346,-0.021721868172691495,0.019546700732581242,0.029605244152410233,0.06317197990345544,0.039419031850370045,-0.024146395225296047,0.014984552143018685,-0.018805232922683268,0.06317197990345542,-0.06006411295888362,0.039436900924357074,-0.12600269915024398,0.13659799071992432,0.04200387155222865,0.01956142059433963,-0.012629591707092883,-0.04222401931056952,-0.0108497621985068,0.01270808186751108,-0.010905267965355766,0.09263356522386744,0.001141137160829089,-0.08436338552581132,-0.18853486136918096,-0.030499991102722893,-0.08868301926851858,0.01684478668444667,0.2469162946212426,-0.10190787030956942,0.18411295884076914,0.021334146454854024,-0.0010344262197256625,0.02396056157438461,-0.01868202353184128,-0.001647578965689904,-0.03263889250930005,0.027305608641889835,0.007956864558304206,0.008227883204541746,-0.03815207483114666,-0.015349141909586297,0.0217218681726911,-0.009389684719202042,-0.005728573734655643,0.008682004128845636,-0.015349141909586311,-0.008854870219118715,-0.010849762198506805,0.015327112589142128,-0.015349141909586297,0.041586626281320024,-0.024294131113991667,0.008854870219118459,-0.08315254263309377,0.06672635607145246,0.030241054266344915,0.015327112589142168,-0.037727168140181754,0.0011411371608290634,0.037359441354816135,-0.08528440348305565,0.03327158547146845,0.11364964531809371,-0.05357673777775436,-0.014341112130213107,-0.02876498013048597,0.007147688366607953,0.11490471989667334,-0.08505314375744935,-0.01218215368888789,-0.0175347175989479,-0.0007296857442980281,-0.010849762198506798,-0.036272770777839296,-0.0038146310280576605,-0.0108497621985068,-0.04021597907079557,-0.015349141909586297,-0.11406946961597238,-0.0205333629941531,-0.02429413111399167,0.17038359710537387,-0.15734640762684657,-0.02393447519073976,0.1778620785959408,-0.09286917941813683,-0.11476717134417581,0.07515287288533858,-0.08206317408075271,0.00517132522793769,-0.018682023531841275,0.013827025696634887,0.0370100804922734,-0.027397000777310044,-0.018934018859499135,0.02840738947530642,-0.010620467897497406,0.020038460256708576,-0.012133968984778159,0.04281291853809048,-0.021293623509689344,-0.008460088283746284,-0.022080251860656156,0.03296499268551239,0.06284704503552045,0.01532711258914214,0.09096831196417653,0.12920559773949322,-0.15752648106608869,0.03127089434500605,0.012180031080000027,-0.03471657986627424,-0.015519465387275316,0.024849108333025106,-0.006152357130596487,0.11213423195875011,-0.034416275091068045,0.07648191433312662,0.008854870219118446,-0.024845309484834262,0.01644905042249506,-0.14185028659301174,0.09256427879061621,0.10006963591202386,0.003994116301737673,-0.0035712245006487746,-0.026929875234995796,0.09161766952380195,0.08762599778408513,-0.012673677232807117,-0.03348055184955931,-0.037143440422428446,-0.052575889233811755,-0.053640229324194655,-0.028752551151114056,0.03107727979689256,-0.010849762198506798,0.049950976939215574,0.04979862177625253,-0.07135954766390813,-0.009841936226133233
Exterior2nd_Other,0.0008585212846604446,0.002060156966414729,0.03599234739658169,0.029249402169735917,0.026809237446026722,0.019545392990615067,-0.010386372031222635,0.04516454730435412,0.04493979022596749,0.015476651520389875,0.026479370841883416,0.03491232145976129,0.01791832883822755,0.01120189219657136,-0.0022956812402709064,0.0455192643397252,-0.005651216278606723,-0.0027558066815460184,0.013564816774682784,-0.010968312182333463,0.0016817668047429176,-0.00445013396176688,-0.004450133961766877,-0.002174144238404753,-0.03442439603293316,-0.004930009996542096,-0.004162637667208244,0.008826004456815787,-0.0006854009595613451,-0.006867693918983003,-0.0047747452142341,-0.00137221341967078,0.01630401498001816,-0.005651216278606704,-0.0024814742026844443,-0.0009696356842476735,-0.002755806681546014,-0.005324910884747068,-0.0036608325200733075,-0.008858951738437825,-0.004980832596595438,-0.007099093560413931,-0.0062616539172487135,-0.004221538613690465,-0.0028416046134726335,-0.004878731159947839,-0.011174552347320127,-0.0020618634616685495,-0.00600614141639662,-0.004450133961766882,-0.00617741284186321,-0.007582768162061827,-0.0034555438454198857,-0.00604932055905611,-0.005372535479949056,-0.006549802630573903,0.19834821672710057,-0.004279710124597743,-0.002281048418519265,-0.006345016128972189,0.010430426793999175,-0.0019432739968373667,-0.00300619511068186,-0.0022810484185192647,-0.003525205608274518,-0.0009696356842476733,-0.001534708362504996,-0.0016817668047428916,0.002667374899330309,-0.0006854009595613436,-0.0009696356842476731,-0.0006854009595613453,-0.0006854009595613451,-0.000969635684247673,-0.003856000544660362,-0.005031212937271013,-0.004560596574554108,-0.0076190750195178495,-0.0025760377642485405,0.026324011609458554,-0.0019432739968373645,-0.002281048418519263,-0.01733482007973679,-0.0042215386136904695,-0.005651216278606719,0.013842829614158137,-0.002281048418519267,-0.012921749636099754,-0.001817140746726353,-0.0009696356842476753,0.003525205608274428,-0.0006854009595613435,-0.0006854009595613433,-0.0006854009595613452,-0.0022810484185192656,-0.0015347083625049946,-0.0016817668047428933,-0.0006854009595613451,-0.0009696356842476741,-0.004930009996542105,-0.0006854009595613451,-0.005466739938600008,-0.0110863483058297,-0.0006854009595613453,-0.011027392985252953,-0.0073993894494961176,-0.0009696356842476752,-0.003455543845419875,0.03546374894034499,-0.010611021536400802,-0.0035252056082745215,-0.0011879637962715496,-0.0018171407467263575,-0.0034555438454198857,-0.0006854009595613451,-0.005419808745550285,-0.010640988927468533,-0.0021741442384047524,-0.010849762198506798,1.0,-0.008593277194535117,-0.0015347083625049972,-0.0035252056082745093,-0.01900897397682444,-0.010339601285233218,-0.004279710124597734,0.03953897164254567,-0.03188173396222222,-0.008115685828958835,-0.0025760377642485345,0.036948394802353,-0.03347970098299554,-0.0036608325200732984,-0.008726721158229032,-0.000685400959561344,0.009755248629354818,-0.02293649006952265,0.02934711990754213,-0.0033845486021890064,-0.001681766804742894,-0.0011879637962715502,-0.004102975692480469,0.030558649852804345,-0.024646992422542095,-0.005651216278606712,-0.0009696356842476746,0.007546340883836775,0.08235533097582004,-0.0076190750195178555,-0.038055966835451774,-0.00879298422936345,0.041335012438132576,-0.0060493205590561065,-0.008288247534334287,-0.017953791199750976,-0.00398123063674893,-0.0025760377642485336,-0.004722006332554309,-0.005130699434093796,0.00937689946907585,0.003919071974872446,-0.00292500071388307,-0.0018171407467263594,-0.0009696356842476753,-0.0013722134196707814,-0.004878731159947838,-0.011640698006801337,-0.0006854009595613444,-0.01685987653327572,0.006906656085580695,-0.003593611636982667,-0.001187963796271546,-0.0006854009595613442,0.008010999925671843,-0.004337181719265881,0.03197269629367751,-0.026360097987301198,-0.0015347083625049972,-0.0038560005446603603,-0.004042518814132185,-0.002667374899330421,-0.000685400959561344,0.007099093560413926,-0.00398123063674893,-0.04336425997176793,-0.0030853618542539428,0.05011663395296921,0.019153184260460903,-0.0030061951106818566,-0.006630352749378725,-0.0020618634616685464,-0.015722730689834118,-0.0166928273953155,-0.024646992422542143,-0.004826981389391317,-0.0025760377642485314,-0.001187963796271548,0.005786383221250494,-0.004102975692480476,-0.0020618634616685525,-0.0018171407467263573,0.0050811643238637665,-0.003791970610339499,0.007834487246047276,-0.0009696356842476746,0.0013722134196707397,-0.005130699434093789,0.007975904909222778,-0.002281048418519265,-0.0009696356842476739,0.0015347083625051423,-0.0006854009595613453,-0.0013722134196707816,-0.0009696356842476738,-0.0020618634616685473,-0.0015347083625049946,-0.0015347083625049955,0.08670027908009417,-0.0011879637962715506,-0.06707829373952752,-0.0013722134196707781,-0.002383299907565851,-0.0030853618542539467,-0.05598222010393324,0.08555747920617543,-0.022840718869156503,-0.01067091983021945,-0.0033845486021890116,0.08911339587611285,-0.0018171407467263586,-0.004930009996542101,-0.014921863748069012,0.023648099790928055,-0.010820041563130883,-0.0031626534358412547,-0.0018171407467263573,-0.0006854009595613438,0.03188173396222215,-0.002667374899330415,-0.000685400959561344,-0.006303442627650208,-0.0009696356842476738,0.029225246652764176,-0.007655263288873445,-0.0015347083625049944,-0.023452358425057673,0.02485105275311455,-0.003981230636748936,-0.015225556030632203,-0.029799391922127137,0.06959344555721197,-0.0015347083625049972,-0.01991032635418299,-0.002383299907565853,0.0057863832212504745,-0.005651216278606708,-0.0009696356842476733,-0.00503121293727101,-0.007325140422603418,-0.008559719094491984,-0.010550975584685329,-0.011986129886989721,-0.011437603779197537,0.08670027908009409,-0.005559611258532549,-0.006670350116675797,-0.006261653917248707,-0.005372535479949053,-0.005830869671712116,-0.0013722134196707803,-0.0023832999075658473,-0.00866015480747239,-0.013285926280496402,-0.00541980874555028,-0.0027558066815460166,-0.0053249108847470495,-0.0030853618542539415,-0.0050312129372710145,-0.0065901714255907,-0.005559611258532544,-0.002174144238404756,-0.0037919706103394977,-0.0015347083625049944,-0.003455543845419879,-0.005276925300178229,0.023096767604219727,-0.011957466072516333,-0.010581017232071721,-0.005962712492266397,-0.0032382043469266287,-0.00284160461347264,-0.006984097494435161,-0.012611871170170182,-0.016137733779981466,0.04854066340545392,-0.010034112259086153,-0.006092255364600981,-0.004774745214234113,-0.002925000713883076,-0.002281048418519267,-0.0006854009595613438,-0.014120139929614828,-0.013425492577827748,-0.014369255787343865,-0.00966139447134431
Exterior2nd_Plywood,0.04365448281004613,0.12678180831199362,-0.11052111782009688,-0.009801798384399754,-0.10325823518683093,-0.008669757426745974,-0.10242732864549409,0.03217286904577756,0.11023024211125408,-0.008932094654409025,-0.04947909881490811,-0.0027381537148592717,0.08186118712875905,0.010862216279672314,0.03157463724203294,-0.05294086897596908,-0.070852640765803,-0.012348396442926516,0.1587522768824759,-0.13751621678398315,-0.0150467904746766,-0.05579396140727899,0.0001724993653952293,0.0007678459764537327,-0.10537784798872059,-0.023679496746724038,0.08195948889754136,-0.011516511809226722,-0.008593277194535114,0.08342083683413244,-0.03367226891008258,-0.01720425120624094,-0.037695894262872065,-0.014815340918526557,0.1411318834992453,-0.012156896041968889,-0.03455117822454321,-0.031256989316736906,0.13949489509753704,-0.08823018787987531,-0.012089422393575073,0.0025071981566559616,-0.06828865382034559,-0.03822012799769766,-0.03562687764030581,0.08001536800160887,0.019951923983510606,0.09227805725688726,0.16863528160215782,-0.05579396140727898,-0.07744987828611376,-0.08641941304852878,-0.007688519448325899,0.1243759278522399,0.12045444805682129,-0.08211874930849054,-0.04332419689136019,-0.01010299723479234,0.10505775868503053,0.061817840616081386,-0.03729777039999155,0.1008874474422633,0.023497157246532095,-0.0018675307399569914,0.008236170172569768,-0.012156896041968896,-0.0192415464084219,0.05117888602241918,-0.03532653873589211,-0.008593277194535117,-0.01215689604196889,0.07976013621406537,-0.008593277194535114,-0.012156896041968896,-0.032310511237670536,0.1364781652233707,-0.057178896514345025,-0.009370735188803431,-0.03229730898822437,0.09888398340778007,0.006948880308523239,-0.028598853096203823,-0.09179809522496482,0.05002666200225798,0.041221958928750094,-0.027823784662248875,-0.02859885309620381,-0.02222757915077634,0.010680761371561492,0.11283654213602114,-0.18301536278814964,0.07976013621406533,0.07976013621406523,-0.008593277194535112,0.1585204033975237,0.09945982439282872,0.015046790474676445,-0.008593277194535114,-0.012156896041968894,0.014451457573368335,-0.008593277194535112,-0.06853975178688278,0.009065346810509852,-0.008593277194535114,-0.13825694775215708,0.755085263686463,-0.012156896041968887,-0.04332419689136011,-0.2326363508928732,-0.07991658896047599,0.0431920086956858,-0.01489420470751467,-0.022782568247493813,-0.043324196891360175,-0.008593277194535112,-0.06795134766325187,-0.13341237154998767,-0.02725853216410814,-0.13602988552310766,-0.008593277194535117,1.0,-0.0192415464084219,-0.0441975876121042,-0.23832674916460617,-0.12963369643054679,-0.05365725696746018,0.03876225302305552,0.0008909642929772285,-0.06088498794073433,-0.008577957316791972,-0.149272841780272,0.17092711416809078,-0.029044120826332617,0.013869134921119441,0.07976013621406532,-0.00485822720637337,0.2580666173506816,-0.20905705349899364,0.03028160237488012,-0.021085305073066263,-0.014894204707514678,-0.03632986506267424,0.018213856417265854,0.04760892831248788,0.018807038989839417,-0.01215689604196891,0.007757499506722326,0.09581126682580211,-0.01798614663442876,-0.026656793861074782,0.10419984045793292,-0.0800527673522485,0.018997066046140577,-0.031615675284704714,-0.09624526955415529,0.043396048994335905,0.015141394354640321,0.08635674226568688,0.045904437616220185,-0.11544906345432765,0.049135723193279655,-0.03667246387384248,-0.022782568247493865,-0.012156896041968889,-0.017204251206240927,-0.009828299431531403,-0.008964384175355115,-0.008593277194535122,0.2202443264806497,0.06784923910884698,-0.04505523445117877,0.03615166119147918,-0.00859327719453512,0.08391577973792484,0.03163692873955679,-0.1131510349239318,0.13644635670702238,-0.019241546408421933,0.0478617294268417,0.010623788446058772,0.05824953720451539,0.07976013621406532,-0.04826356451562728,0.05894789767664587,-0.1675349188702675,0.06074866487436054,0.15521634642466559,0.09946533669840366,0.023497157246532174,-0.07341611901394625,0.033213627798292206,-0.08190770847929854,-0.005322653408532345,0.03834599716426916,-0.034592273328915804,-0.008577957316792,-0.014894204707514673,0.039639560949413545,-0.03632986506267422,0.003681413068994628,-0.02278256824749386,0.03898854900257561,0.0013392162877456826,0.030897254500868464,0.05033982304702614,-0.027017943795716277,-0.015335035080857208,0.0004997660186831425,-0.0018675307399569705,-0.012156896041968894,-0.05989270079241171,0.07976013621406536,-0.01720425120624093,-0.012156896041968903,0.003681413068994653,-0.019241546408421975,-0.01924154640842191,-0.09911475817276882,-0.01489420470751467,0.07351050936745775,0.07124013879767382,0.12373193103752754,0.06074866487436061,0.002904636076513605,-0.10043864398841297,-0.12305222402008038,-0.07426808065870141,0.04846052485322085,0.06596542001474542,0.07760742060967235,-0.023679496746724073,-0.036639597998203294,0.01302428238161594,0.008405134757548782,0.03800321186184571,0.010680761371561489,-0.008593277194535117,0.022674395629970083,0.1040955341417622,0.07976013621406533,0.02254024312704801,0.050339823047026236,0.0268869402179813,0.10138580638804352,-0.019241546408421895,-0.019623643571417597,0.006037142256364588,-0.003259497052593707,-0.06855608814592434,0.1252059457315625,-0.10243573831902646,-0.0192415464084219,-0.048137994170089037,0.07252767386213352,-0.09199142992126935,0.08605179880657138,-0.01215689604196889,0.049171777605515915,0.05069117355652397,-0.0055851377327951375,-0.025609212522971943,-0.02202749350266519,-0.004781726357853098,-0.023937667293631136,-0.024200876548877318,0.0033219118901137135,0.023667988032425605,0.00307125878772566,-0.062211676227718046,0.027017943795716436,-0.02988084048865456,-0.07756748175034547,-0.04055859914583802,-0.05630710264114531,-0.012348396442926525,0.051587002077726554,0.02097599639159539,0.1364781652233707,0.005256852285794739,-0.05832831997581959,-0.02725853216410814,-0.031248380047399108,0.059892700792411956,0.027947157994708354,0.005443849227420834,-0.07385450714352348,0.09475020987698535,0.0004101491715641592,-0.021380335195737128,-0.021625226315325964,-0.035626877640305823,0.023813986367093126,0.01923384935549301,0.025363699208141292,-0.01658993286189877,-0.0012981165306500666,-0.04496868057328299,-0.04676803678667306,-0.015724968859832288,0.07832643632878368,-0.008593277194535117,-0.02212243674001027,0.002464333563923459,0.006170852379996268,0.04255413609667512
Exterior2nd_Stone,-0.007520516432378258,0.020563928271508998,-0.04661260478951713,-0.04517613371065786,-0.05415428355654209,-0.03345796538122585,-0.02373429971198764,-0.034303298205964554,0.05354218037012245,0.016553629298710668,-0.06391614178818311,-0.013653400809379016,-0.044093328506376754,-0.0412975395122004,-0.005140350546553725,-0.01675352766894576,-0.012653861597527943,-0.006170635597479468,0.030373517062592597,-0.024559581065608366,0.003765710483793636,-0.009964470738065613,-0.00996447073806562,-0.0048682122448548875,-0.004083211051500028,-0.011038980123063601,-0.009320726428558511,-0.018966843594960613,-0.0015347083625049977,0.03239137763129636,-0.010691320615899912,-0.0030725772716427603,0.010379430931208173,-0.012653861597527917,-0.0055563669076821405,-0.0021711495620761125,-0.006170635597479467,-0.01192321830078176,-0.008197114701856356,-0.019836428774056676,0.18041260170322507,-0.01589586081167063,-0.014020716627044178,-0.009452613864466943,-0.00636274913595144,-0.01092415965448544,0.039923004364829595,-0.004616799922473715,-0.013448588493413823,-0.009964470738065638,-0.013832089107550653,-0.016978875717799956,-0.007737444721353531,-0.013545272617357466,-0.012029856413112668,-0.014665921793182612,-0.007737444721353507,-0.009582867992366155,-0.00510758561736007,-0.014207376248196147,0.02335518064563487,-0.004351261567380241,-0.006731290219724526,-0.005107585617360073,-0.007893427126263307,-0.0021711495620761133,-0.0034364261168384883,-0.0037657104837934166,0.005972624500786084,-0.0015347083625049968,-0.0021711495620761125,-0.0015347083625049972,-0.0015347083625049977,-0.0021711495620761133,-0.008634123135020828,0.11525562724300796,-0.010211811937729565,-0.017060171836483132,-0.005768107913725606,0.03549436692616389,-0.004351261567380237,-0.005107585617360066,-0.0388150803814427,-0.00945261386446694,-0.012653861597527948,0.002623488144253576,-0.0051075856173600775,0.0006069986020460749,-0.0040688316246804265,-0.002171149562076113,0.007893427126263295,-0.001534708362504997,-0.0015347083625049966,-0.0015347083625049968,-0.005107585617360066,-0.0034364261168384883,-0.003765710483793419,-0.0015347083625049977,-0.0021711495620761133,0.11789630771431923,-0.0015347083625049966,-0.01224079333763842,-0.024823880412261252,-0.0015347083625049972,-0.024691871225169942,-0.01656826519887088,0.31481668650103556,0.08263590962405558,-0.04327541245249012,0.009919038554184627,-0.007893427126263322,-0.00266001666186455,-0.004068831624680438,-0.007737444721353533,-0.0015347083625049966,-0.012135707849456662,-0.02382665863607887,-0.0048682122448548875,-0.024294131113991643,-0.0015347083625049972,-0.0192415464084219,1.0,-0.007893427126263293,-0.0425637445029886,-0.02315180966126825,-0.009582867992366125,-0.03881508038144274,0.04813754372091312,-0.018172152716473797,-0.0057681079137255845,-0.01668270742606421,0.02167882879545562,-0.008197114701856332,-0.01954034605868491,-0.0015347083625049975,0.02184336254703828,-0.027704158228517062,-0.005092096693254397,0.08462632055776588,-0.003765710483793419,-0.002660016661864549,-0.009187134944244167,-0.050221733286562674,0.062267571482731925,-0.012653861597527927,-0.0021711495620761155,0.01689730996021635,-0.01863520362701952,-0.017060171836483156,0.04032766712092321,-0.01968871831871262,-0.037128532737277904,-0.013545272617357445,0.022186528188903435,0.03520819403440579,-0.008914530780917035,0.11453814285826518,-0.010573230902697666,-0.011488351770097936,-0.0159368640701085,-0.07129970953451922,-0.006549484638601034,-0.004068831624680435,-0.0021711495620761125,0.2212255635582781,0.05417491420489715,0.03709686857543788,-0.001534708362504998,-0.01199584044747167,-0.07960387999048466,0.1659983317168295,-0.0026600166618645435,-0.0015347083625049979,-0.06586740468987044,-0.009711554910166996,-0.04800059239321888,0.03477192458477071,-0.003436426116838492,-0.00863412313502082,-0.009051763559833713,-0.005972624500786002,-0.0015347083625049972,-0.030520052758407662,-0.00891453078091704,-0.017604797870459956,-0.006908555602413982,0.026513613350871986,-0.03092220251572441,-0.006731290219724524,-0.014846284746000271,-0.00461679992247371,0.04448432665096699,-0.011514417052893458,0.015285321165011679,0.054942113886939585,-0.0057681079137255845,-0.0026600166618645474,-0.042680298666408205,0.06745981944773573,-0.004616799922473713,-0.004068831624680429,-0.0513057951659636,-0.008490751179843282,0.017542509861881068,-0.002171149562076113,0.0030725772716425704,-0.011488351770097929,0.017859163737621205,-0.005107585617360067,-0.0021711495620761125,0.0034364261168381557,-0.0015347083625049968,-0.0030725772716427586,-0.0021711495620761138,-0.004616799922473709,-0.003436426116838487,-0.0034364261168384875,-0.017701308217096104,-0.0026600166618645487,0.022879358984061737,-0.003072577271642757,0.12451928919522363,-0.0069085556024139905,-0.03369227389245916,-0.017937746375237047,-0.027476490384675197,0.043192418108773764,-0.007578476467859652,-0.01722197148270028,-0.004068831624680433,-0.011038980123063612,0.04834493210740358,-0.04132791755158543,0.008985816970709134,-0.007081622235832767,-0.004068831624680431,-0.0015347083625049968,-0.02423250500236451,-0.005972624500785993,-0.0015347083625049972,-0.014114287379195612,-0.0021711495620761116,-0.0053320996017746395,0.02638254633318551,-0.003436426116838489,-0.0053320996017745936,-0.01479577339585359,0.06996555976537902,-0.034092143931275375,0.05150133152097705,-0.02205248425648546,-0.003436426116838489,-0.020249393581928808,-0.005336540965509591,-0.15395393447525804,0.15788125777838688,-0.0021711495620761125,-0.011265587625256413,0.07396378666971191,-0.019166405141040368,-0.023625106204645363,0.004137178098101785,0.0383061395134814,-0.017701308217096118,-0.012448745178599615,-0.014935844431046919,-0.014020716627044166,-0.012029856413112647,-0.013056130606500013,-0.0030725772716427577,-0.0053365409655095775,0.01992994178864408,-0.029749042340635648,-0.012135707849456653,-0.006170635597479473,-0.01192321830078174,-0.006908555602413979,0.11525562724300796,-0.014756313156708233,-0.012448745178599594,-0.0048682122448549,-0.008490751179843296,-0.0034364261168384866,0.08263590962405562,0.04871414723651823,-0.042814134583223785,0.004249910256123939,0.01005481222939648,-0.01335134507391249,-0.007250791265172624,-0.006362749135951451,-0.015638368577890072,-0.028239738917324207,0.042606512474220384,-0.031616963074562264,-0.0224677771157324,0.09257970006581163,-0.010691320615899934,-0.006549484638601045,-0.005107585617360074,-0.0015347083625049968,-0.003555707093491802,-0.030061550749983887,0.023417139009017974,-0.02163320999451354
Exterior2nd_Stucco,0.04079757955023398,0.016711817890067687,-0.028402803007249733,-0.20943117900323013,-0.09146881339048442,0.0034958505850997096,-0.01624143436878531,0.002359850791945753,0.014831036978223956,0.07362614592362006,-0.12420763720579472,0.001272521889811467,-0.049821627035835106,-0.0598299223607298,-0.011807319890816842,-0.042415692314698446,-0.029065759306299316,0.03557096613087068,-0.057019411052517066,0.07436807993594885,0.008649789133186809,0.07115544324795654,0.008459639299847568,0.05161025386003349,0.005668677084209713,0.031597971744044745,-0.021409590174849953,-0.05725293207202184,-0.003525205608274512,-0.03532243832078388,-0.024557827608050628,-0.007057670952005761,0.0030671324053456544,0.04626443345203859,-0.012762904186317885,-0.0049871029569036685,-0.01417387156172627,-0.0008717500563633623,-0.01882866831551491,-0.04556402484723875,0.14362191809455074,0.08650675242086696,-0.032205407941486394,0.011239960396870384,-0.014615153918552278,-0.025092655921168827,-0.028786020666311474,-0.010604730759674039,-0.03089123688814483,-0.022888262674206905,-0.03177213292595963,0.1354256877940613,0.022147658293688914,-0.031113319092349954,-0.027632427326467934,-0.03368743600996342,-0.017772812210984937,-0.02201172601607795,-0.011732059264778641,0.012613584261013878,-0.021664954171304266,-0.009994792532022994,-0.01546168810520121,-0.011732059264778667,0.021027786718163362,-0.0049871029569036685,-0.00789342712626331,0.07230336557484407,-0.037639424537957475,-0.003525205608274509,-0.00498710295690367,-0.003525205608274512,-0.003525205608274512,-0.0049871029569036685,-0.019832471133752094,0.0020670905741345114,-0.023456402267053977,-0.039186997937467466,-0.013249270586763924,-0.04069410981362748,-0.009994792532022984,-0.011732059264778638,0.034599678610506314,-0.021712533939335893,-0.029065759306299354,-0.02906615200270859,-0.011732059264778657,0.02488232259099257,0.06562778958802136,-0.004987102956903672,-0.021027786718163282,-0.0035252056082745093,-0.0035252056082745076,-0.0035252056082745115,-0.011732059264778643,-0.00789342712626329,-0.008649789133186859,-0.003525205608274512,-0.00498710295690367,0.003120787332745158,-0.0035252056082745115,-0.02811694676188476,-0.05702013788835045,-0.003525205608274512,-0.04224021951261246,-0.03805709464116449,-0.004987102956903671,0.7806365978824926,-0.08856450002544089,-0.03969861177361815,0.021027786718163247,-0.006110024473446524,-0.009346054542269094,-0.01777281221098496,-0.0035252056082745115,-0.027875566730774504,-0.05472953213941589,-0.011182221669673932,-0.05580331048135608,-0.0035252056082745093,-0.0441975876121042,-0.007893427126263293,1.0,-0.097768380297472,-0.053179412619080706,-0.02201172601607792,-0.05540572142751466,0.05777366263186768,-0.02342925747173752,-0.013249270586763935,-0.062472975999586525,0.06260318483097299,0.0944537042421157,0.006905219478789712,-0.0035252056082745093,-0.044796599644359926,-0.07617438623294655,-0.05756839625781065,0.023321806460856475,0.07230336557484394,-0.0061100244734465185,0.08046866027243091,-0.09439481995857836,0.08076764819386947,-0.029065759306299333,-0.004987102956903673,-0.01956639643362148,-0.024867097508002943,-0.01988436062683919,0.07045025887676384,0.006252484264537761,-0.06236983690929029,0.06332627732102002,0.1013572784758954,-0.014617027672311714,-0.020476563933443916,-0.01324927058676392,0.03500841037818649,0.0010525366740382956,-0.0007151506573116715,-0.22744308551066889,0.2665502910215767,-0.009346054542269095,-0.004987102956903671,0.09202117125884464,0.08993176368607317,-0.004070408301391447,-0.003525205608274509,0.0384326282517561,-0.17445018039659196,0.09683793012229781,-0.006110024473446507,-0.0035252056082745115,-0.10687366076442031,0.00981170012927736,-0.03629875703004872,0.030151922458547618,0.08075583136869365,-0.019832471133752062,0.04788696386604681,-0.013719042588601292,-0.00352520560827451,-0.04550030484474169,-0.02047656393344392,0.04617820436557426,-0.015868864436859323,-0.04510128828839429,-0.14058195743814825,0.030234799007336808,-0.012341009748453554,-0.01060473075967403,0.14207463088949898,-0.08585580152905821,0.1326511251223495,0.062304947827493073,0.03989340814036606,-0.0061100244734465115,-0.06854447362432517,0.08046866027243078,-0.010604730759674016,-0.00934605454226908,-0.056933050578359,0.05350863565292401,-0.07284082099597981,-0.004987102956903671,-0.09202117125884456,0.0284936713900371,-0.03328606204360913,-0.011732059264778636,-0.004987102956903671,0.007893427126263213,-0.003525205608274512,0.09202117125884456,-0.00498710295690367,-0.010604730759674049,-0.007893427126263314,-0.00789342712626331,-0.021944947117932895,-0.006110024473446523,0.021972388649764456,-0.007057670952005755,0.045103031651534516,0.028686024174322644,-0.0045110694951980765,-0.022693220968957595,0.06024892649513065,0.13773641322802463,-0.01740766415260106,0.01789058294047145,0.1406016337183122,-0.025356397078554468,0.03159598799742148,-0.07618907232192314,0.0763912448381163,0.027229828229745238,-0.009346054542269076,-0.0035252056082745093,-0.015535531714227842,0.03763942453795738,-0.00352520560827451,0.013092829118752447,-0.00498710295690367,-0.01641600208552834,0.03752956650502474,0.08075583136869374,0.056528146311906384,-0.05887824216899698,0.014367006396192549,0.04086053392343978,-0.048818631935015865,-0.003508987254404931,0.08075583136869381,-0.005668677084209643,-0.012257966790312517,-0.019391756781734333,0.021154369199259244,-0.004987102956903668,-0.02587691163175807,0.022200487460583184,-0.008958712997945161,0.020421582061787152,0.020449354370630165,-0.002359257872449567,-0.0032302141785742105,-0.003107350726919657,-0.012661433849193725,-0.0093135405634094,-0.02763242732646794,0.16526133096397438,-0.007057670952005762,-0.012257966790312498,0.059674266225723596,-0.05549982629708626,0.20692247611690334,0.035570966130870636,-0.027387480937415207,-0.015868864436859316,0.0020670905741345196,-0.033895063823445905,-0.028594609498283043,-0.0111822216696739,-0.0195031475744302,0.08075583136869365,0.062068128798362814,0.07981044143350359,-0.12130988900885929,0.020725455390539986,0.04992853417637054,0.01716876482298577,0.025855975804624433,-0.014615153918552296,0.005668759436746409,-0.01188459875915113,-0.025030475434524184,0.0017489472836677423,-0.00511623852381254,0.01558672834127117,0.034123724450466436,0.03188831267407188,0.04815887264632911,-0.0035252056082745093,0.001748947283667752,0.0074781953552748885,-0.024791993589596904,-0.01780146589512738
Exterior2nd_VinylSd,0.09774818923589082,-0.0404779531303783,0.3521516772760227,0.514608561295284,0.4848357772450975,0.1306840771773131,0.24081316261347782,0.17032433632609026,0.07150408272633273,0.13687669253207146,0.4879587564120303,0.28027352549432955,0.07150278636378236,0.15696002291828984,-0.045281297583223724,0.30638888087148164,0.08075779375177564,-0.03491658966906074,0.07642236105006296,-0.11016978676294449,0.04664227702118286,-0.018778253470935074,0.04226301576346583,0.04450560656601472,-0.0846600460854892,0.02962469377697043,-0.07828811981246919,0.1067707191801623,-0.01900897397682443,0.026711368143453117,0.047137481353357435,0.01706528450179205,0.012340577862596248,-0.11482150770394674,-0.06882143639422209,-0.026891966274253096,-0.07642979888471926,-0.11080159681246878,-0.09102578736391151,0.3616526279671422,-0.12244616087587834,-0.07711404415574787,0.22115034567960554,-0.08958093152516797,-0.07880932671074127,0.008678594883727407,-0.20218334377107453,-0.05718391306558235,-0.10708385451866624,0.07714374104026635,0.19606481509708001,-0.11325955777256864,-0.05141697551771159,-0.09552807522032657,-0.017317470080731975,0.13040581463133546,-0.006997576549747723,0.08036874580112405,-0.06326280905013594,-0.05639903570034052,0.07978115349753143,-0.053894941815316996,-0.03252773793273481,0.020037787282113768,0.06562657761725926,-0.026891966274253123,0.006756149921109283,-0.02412318824772815,0.04540401025783585,-0.019008973976824436,-0.0268919662742531,-0.01900897397682443,0.03605670460683361,-0.026891966274253113,-0.07696258766051756,-0.08512300095925882,-0.058316178697495086,0.030319275068301208,-0.07144407100809536,0.009741247916450967,-0.03437941228893725,-0.06326280905013588,0.17020145227099426,-0.06208131839927506,-0.058941707288025884,0.059688152680729606,-0.013282451250786108,-0.035314200972516835,-0.029540952403652957,-0.0268919662742531,0.09776838029747216,-0.019008973976824436,-0.01900897397682442,-0.019008973976824422,-0.06326280905013601,-0.04256374450298858,-0.04664227702118304,-0.01900897397682443,-0.026891966274253113,-0.13672935589370977,-0.019008973976824425,-0.15161507403990374,-0.30746981530110723,-0.01900897397682443,-0.3058347429554897,-0.2052153553737067,-0.026891966274253096,-0.0958363744856754,0.9775248873036357,-0.2860103766619766,-0.09776838029747206,-0.032947098444664945,-0.05039675052228617,-0.09583637448567553,-0.019008973976824425,-0.150313479965751,-0.29511817686888164,-0.06029791857331028,-0.30090831419049147,-0.01900897397682444,-0.23832674916460617,-0.0425637445029886,-0.097768380297472,1.0,-0.28675946396037677,-0.11869387874638555,0.07005268841581981,-0.17629978379789163,0.20790144003396158,-0.02709528543334225,0.4658526389237296,-0.46241818421943587,-0.0595135403947419,-0.07395290725419577,-0.019008973976824436,0.09443056326674126,-0.4297595095819735,0.5616080675314059,-0.05987770741335155,-0.04664227702118294,-0.0011331012692609851,-0.0761195721573608,0.3518297228862202,-0.4382069151590119,0.05980286859580548,-0.02689196627425314,-0.0018241768123133076,0.013684397887134683,-0.023375705038103226,-0.1267980981002687,-0.1579475984716393,0.2731418762339254,-0.08896040758886678,-0.1697872105829125,0.08892068027555151,-0.06195288842507988,-0.027095285433342223,-0.106219048708319,-0.08886136247241234,0.1556802822579351,0.08901306450685663,-0.08112224191804596,-0.029540952403653016,-0.0268919662742531,-0.038057094641164566,-0.11130955407689692,-0.10553090772221106,-0.019008973976824436,-0.3694844400782324,0.13898165258207226,-0.07827935769590416,-0.032947098444664896,-0.019008973976824443,0.16039122424030866,-0.06667968472530797,0.3635862754930853,-0.3824300976508709,-0.01790379729093968,-0.1069426778377734,-0.083458596097104,-0.03111740358187879,-0.01900897397682444,0.12844527719559276,-0.05226030193765862,0.03786773063563552,-0.06078166100788598,-0.02123542553959845,0.16237206770144438,-0.04523932716769017,0.17325627781468766,-0.057183913065582244,-0.24347827983918252,0.19806333813003457,-0.38047631147633537,-0.0934757355699022,-0.05666114248317767,-0.0329470984446649,0.11262450801188018,-0.04786501910234039,-0.057183913065582265,-0.029540952403652974,0.07160026886029612,-0.06454685936067181,0.1228680227585059,-0.0268919662742531,0.038057094641164954,-0.0659611054925837,0.1230188045895672,-0.02994257051723599,-0.02689196627425311,0.042563744502988686,-0.01900897397682443,-0.03805709464116457,0.012058699162661068,-0.02037239936375237,-0.017903797290939567,0.03141609713315818,0.28052269628509185,-0.032947098444664924,-0.1717346378279267,-0.01049590506968622,-0.050142304616374714,-0.035993609311932295,-0.14099730705807687,0.28241269211002423,0.0499484599094888,-0.20527121085221628,-0.003228243427158443,-0.11209981944812798,-0.050396750522286184,0.03754631518985996,-0.07897428900685559,0.10558041190908246,-0.04705095899379208,-0.051414726561907584,-0.029540952403652985,0.03605670460683362,0.038242414415829706,-0.05969061693379279,-0.01900897397682444,-0.04821431891250822,0.012058699162661073,0.11193906355278262,-0.10000192735918492,-0.017903797290939615,-0.3315683507150536,0.33434257657337396,-0.0037973695005514333,-0.26977714531624253,0.0800477036980801,0.2864134721465013,-0.017903797290939657,0.11455933667204353,-0.0022732343853980003,0.0921149726263806,-0.08688160749598645,-0.0268919662742531,0.023703252456255965,-0.008837504430926733,-0.013041683023715063,0.02317841034376145,-0.031732466752128374,0.020506215141467315,-0.005804999867197086,0.05850625055570766,-0.040483365047349444,-0.02083098080951793,0.019261676791184502,-0.10061081060271862,-0.010495905069686241,-0.06609866136003356,-0.1387159583480163,0.31337917643894503,-0.10677028934075196,-0.07642979888471928,-0.05916962893797336,-0.03599360931193235,-0.08512300095925882,0.07891460490394538,-0.10456146970165167,-0.007896156003647811,-0.07470186094112241,-0.017903797290939577,-0.07362667500169358,-0.12403744602207976,0.3966375060274699,-0.19057832758284785,-0.2146663044246666,-0.06556849773765015,-0.007030475957226595,0.028624489346851908,-0.10114368718932752,-0.11396833322359613,-0.047644173786356915,0.0980204040995331,0.13125386058502486,0.033345642879638,-0.009995471615251758,-0.0027899183728428436,-0.04660268978368612,0.03605670460683362,-0.001974389404086556,-0.031728549487012245,0.031834300218509096,-0.032870965324513564
Exterior2nd_Wd Sdng,0.0262274326673286,0.00812246337811507,-0.1588784566580895,-0.39074543673813317,-0.22745454523631325,-0.14161252911831199,-0.03854801779102515,-0.11280450542223215,-0.05725786538137394,-0.05820954559654143,-0.2927017757933917,-0.17649230313108125,-0.06459599273957392,-0.04534421185950032,-0.0028835126144207807,-0.1618004951731794,-0.0852513003991255,0.01619645581252791,-0.07512206872604801,0.12704213993300514,-0.03730415056284601,-0.006458075297730748,-0.018592940078537602,-0.008490854261172312,0.08399844918917446,-0.03027715232320084,0.014769133389756113,-0.09864386633924625,-0.010339601285233223,-0.06276121908975582,-0.04931351431523381,0.017653214633816045,0.009167883147724397,0.0702715717073618,0.02658838562797434,-0.014627418049533577,-0.04157266182499013,0.13522183332212062,0.061713093519430155,-0.13364152399085286,0.06680699862087669,0.08339137160175736,-0.07673702615185317,0.08938815723073928,-0.042866964663122425,-0.07359799292371615,0.10905457770478608,-0.03110419645733732,-0.06300992726941605,-0.05499753442095821,-0.09318922722259271,0.14819119121652632,0.13331144276435514,0.0001377179081635445,-0.04032490291620667,-0.09880690529007723,-0.05212853160892802,-0.051970003069504764,-0.011226750991250513,0.04440668137998334,-0.052555821693080325,-0.002157719066489732,-0.027660646868420267,-0.03441070636214968,-0.038020892036523625,-0.014627418049533578,0.045480966187364455,0.005966946983009906,0.0004765996322652923,0.06628891585405862,-0.01462741804953358,-0.010339601285233223,-0.010339601285233223,-0.014627418049533577,0.06698982877500002,-0.043446637866687,-0.0687987805471835,-0.11493739068371482,0.10514104569196761,-0.011869533045325707,0.07931477671993378,0.03514115975054794,-0.12649380383325404,-0.050927921854948655,-0.026930223359192703,-0.004642195796815111,0.05832511512144709,-0.013084877800674745,0.0016101576634291754,-0.014627418049533585,-0.03777171087626236,-0.010339601285233214,-0.010339601285233214,-0.010339601285233221,0.03514115975054793,0.01116457826304813,0.03730415056284601,-0.010339601285233223,-0.014627418049533578,0.0579116604286661,-0.010339601285233223,-0.07244892711339108,-0.1616596912973607,-0.010339601285233223,-0.15514555517526055,-0.09630371419746776,-0.014627418049533582,-0.052128531608928004,-0.2873584534227309,0.8592439328330361,-0.03802089203652363,-0.017921002040325415,-0.02741243725763985,-0.05212853160892815,-0.010339601285233223,-0.08176040708649544,-0.1605244072914943,-0.03279800567550886,-0.1636738519361754,-0.010339601285233218,-0.12963369643054679,-0.02315180966126825,-0.053179412619080706,-0.28675946396037677,1.0,-0.06456147410858146,-0.11342829597357583,0.16489371637227695,-0.11534039410319807,0.04342598536888815,-0.17784225061383238,0.18902084046656162,0.032478467776935666,0.022052503353865306,-0.010339601285233214,-0.036654254038808384,0.05441470333177889,-0.2272136051630323,0.012008455639466285,0.005966946983009895,0.02635084733171368,0.09537898490127572,-0.21256750619308581,0.23473256244101529,-0.036650402865848176,0.03957570467208828,-0.05188436655375846,-0.021392448814199244,0.03450475946164428,0.0742011866535063,0.020127162581674393,-0.17918108322600346,0.10067179086754388,0.11185180805751889,0.06871500868545519,0.04784561773838561,0.002282611820168675,-0.002373933417717726,0.05007146977565224,-0.06063593588908794,-0.05041797270456516,0.028545637241138754,0.08867794242663639,-0.014627418049533582,-0.020700495731320035,0.07111245001548744,0.035001259916652774,-0.010339601285233221,0.08477574505346534,-0.15590952927467697,0.07971178239000357,0.026350847331713674,-0.010339601285233221,-0.2159100680681016,0.07133856754624633,-0.1475224227162934,0.15166601062021107,0.01116457826304811,0.06698982877500023,0.0719453973820134,0.03928542683101294,-0.010339601285233221,-0.09926508770848019,-0.019594623522517122,0.06172708984418785,0.005197824887885739,-0.049990905078580054,-0.14017550359911018,0.043096329790175664,-0.06632749186319285,0.020122116941097532,0.17615192901758805,-0.11030080887273122,0.23473256244101598,0.12955569376104917,0.04342598536888825,0.026350847331713678,-0.15054915197945146,0.0560604010078557,0.020122116941097577,0.03063275258449821,-0.07340688520327468,0.05584861130515963,-0.18837925870167346,-0.014627418049533585,0.02070049573132032,0.0500714697756522,-0.0882257218867537,0.035141159750547914,-0.014627418049533589,0.023151809661268407,-0.010339601285233228,0.01765321463381607,-0.014627418049533582,-0.0054910397581199215,0.011164578263048147,-0.023151809661268216,-0.11925683971191693,-0.017921002040325408,0.0831138299370453,-0.020700495731320042,0.008456002433245725,0.02244515292496123,0.09065461611183141,-0.11368466250250206,0.003473156377893864,0.14301463611177673,-0.003758041872782617,0.09153435636024701,-0.027412437257639862,-0.019253550729217517,0.03585645255630939,-0.058378720108759205,0.02987079977534768,0.08698998881888752,-0.02741243725763986,-0.01033960128523322,-0.06679069033172096,-0.00047659963226533093,-0.010339601285233223,0.01942837809354684,-0.01462741804953358,-0.06738726404928103,0.03336297731575297,0.04548096618736447,0.20288014756616257,-0.19523848776360395,-0.019594623522517042,0.17165457256060357,-0.0816063040593921,-0.1303214015800022,-0.02315180966126823,-0.08815918662144576,-0.03595321897876421,0.0016681346479718053,0.0022303151607736805,-0.014627418049533577,-0.04344663786668684,-0.025517031683951107,-0.013746260888403791,0.0027406993871655987,0.03105091071070924,-0.014065942042552616,0.0039001363074630284,0.004926338639282799,0.008304624725102966,0.02073957275653582,-0.030144311828940257,0.15768092703495468,-0.020700495731320035,0.0972744452572657,0.17864801378445666,-0.17558542299671617,0.14041761961555466,0.07396557345004597,-0.029007241566344478,-0.029296831186265183,-0.04344663786668698,-0.08247823733168565,-0.08386939485890153,-0.032798005675508925,0.0699801490010925,-0.023151809661268216,0.009684793182166319,0.0859994256927828,-0.20924147135178436,0.0371203752936043,0.1231385892646462,0.10448549719518743,0.04988682192644403,-0.02417906725847667,0.015388321566152916,0.045601764088202594,0.030328467251898472,-0.04026969995269954,-0.03138822207113762,-0.010170152150744323,-0.003881912548241298,-0.007789698741479034,-0.011226750991250483,-0.01033960128523322,0.012511772441028956,-0.049469150713665526,0.025633378097253676,-0.009956014832028291
Exterior2nd_Wd Shng,-0.06201050288492065,-0.007627125684156144,-0.0024083060541861797,-0.10560397070750478,-0.031453504279196874,-0.04032238302773918,-0.02700764831570455,-0.07977167213404902,-0.06250209396076967,-0.018513065944711627,-0.08017191470190137,-0.08343338730608273,0.014341503838148488,-0.0619035978443688,0.01602443059846391,-0.040329435645520155,-0.035286743017289415,-0.017207524430655558,-0.010084367715686441,0.040146532139025456,0.010501115180925431,-0.0017478387080191616,-0.001747838708019159,-0.013575567672668074,0.0528964776541181,0.01652585800155819,0.02948790205692163,-0.01594328541526566,-0.004279710124597734,-0.02535496648872815,-0.029813972610733444,-0.00856823379563463,-0.0132376526074151,0.00642875884930374,-0.01549456580269973,-0.006054499336712136,-0.017207524430655537,0.07687760041713036,-0.022858593618896438,-0.026978756107592105,0.039188936557918296,0.023796830473257362,-0.039098374889243157,0.028384481579533542,-0.017743255046164027,-0.006576925307115122,-0.010201021869948037,-0.01287447560343148,-0.03750293003086743,-0.027787068439733366,0.05766080875662832,0.0331454836220762,0.044743368291625986,-0.03777254478910989,-0.011700921967747753,-0.04089760342635652,0.011583308542502146,-0.026722925457102698,0.035505496258879825,-0.002033718540531333,-0.022452226999079502,-0.012133991473334152,0.019186951352936653,-0.014243087750683064,0.01051572335990766,-0.006054499336712135,-0.009582867992366137,-0.010501115180925544,0.016655347798270218,-0.004279710124597733,-0.006054499336712139,-0.004279710124597736,-0.004279710124597734,-0.006054499336712136,0.005763821869391381,-0.008203611890731159,0.047856373311063814,-0.015506655714445207,-0.016085029860559874,-0.04212370930238024,-0.012133991473334162,0.08525408026844238,0.013249995242501873,0.0010123923416742752,-0.03528674301728944,0.03438329123116876,-0.01424308775068302,-0.03732816210706406,0.05093084751691385,-0.0060544993367121405,-0.010515723359907688,-0.0042797101245977305,-0.004279710124597733,-0.004279710124597735,-0.014243087750683031,-0.00958286799236613,0.056742867995176575,-0.004279710124597734,-0.006054499336712135,-0.007128801490868235,-0.004279710124597735,-0.012634903129920706,-0.0572437486146209,-0.004279710124597736,-0.05683100173634628,-0.04620250599461851,-0.006054499336712138,0.07790342804074978,-0.07566298093853989,0.044960806343113245,0.5309549133756771,-0.007417761261689432,-0.011346403215660883,-0.02157675120662166,-0.004279710124597735,-0.03384181191774206,-0.06644336780293571,-0.013575567672668052,-0.06774696837329358,-0.004279710124597734,-0.05365725696746018,-0.009582867992366125,-0.02201172601607792,-0.11869387874638555,-0.06456147410858146,1.0,-0.07085867020990122,0.046523978064551726,0.02537923868682063,0.028058097200374978,-0.03375442392071266,0.021446682239596677,0.03987363698935298,-0.011471682953770386,-0.0042797101245977305,-0.004826909757392141,-0.02170973487438577,-0.04191163694835151,0.046530666263855,0.056742867995176555,-0.007417761261689431,0.002504149778883121,-0.06168742359053766,0.0615876231490036,0.027286509782600336,-0.006054499336712135,-0.017537174498242682,-0.02216634371507476,0.0005271384378848404,0.011118368373393897,-0.012144538294112026,-0.027403063083519467,-0.018160910581392787,0.00804858745890025,0.053911073216712506,0.004083726679085803,-0.016085029860559843,-0.029484665914067253,-0.009242523637957488,0.017895517050946445,-0.004910312553908411,-0.018263988392535412,-0.011346403215660867,-0.006054499336712141,0.0737319066098032,0.017309420335641337,0.008428931921247418,-0.00427971012459773,0.01758030623830799,-0.026640056293297236,0.0414222228556469,-0.00741776126168944,-0.004279710124597732,-0.04222864406814924,0.0262777361146359,0.006564120085527435,-0.00972365798711117,-0.00958286799236614,0.005763821869391342,0.003282225868045797,0.11132785107264792,-0.004279710124597734,-0.0408278954198044,-0.024859190561037116,0.059801289360933756,-0.019265298919553735,-0.043465726443275524,-0.07900819454866283,-0.01877097408783233,0.0670530701167804,-0.01287447560343148,0.057772338987044855,-0.04729292677591339,0.07020705660352296,0.0422358545821235,-0.016085029860559815,-0.007417761261689429,-0.02511254117507152,0.0025041497788831774,0.04208673603694854,-0.011346403215660869,-0.01427255146374197,0.036970026315879714,-0.04505724896105764,-0.0060544993367121405,0.008568233795634643,0.03634559971142747,-0.02735322915457043,0.03550549625887975,0.11025561950012643,-0.06405390710686826,-0.004279710124597736,-0.008568233795634634,-0.006054499336712136,-0.012874475603431471,-0.009582867992366175,-0.009582867992366143,-0.018271227070567286,-0.007417761261689433,0.025698154305501632,-0.008568233795634629,-0.014881555974024801,-0.01926529891955376,-0.0020271378171627173,-0.019271426095938474,0.05711210405757756,0.13029317904887386,-0.021133450016252903,-0.01621185481359123,-0.011346403215660864,-0.03078346098329462,0.05681916357961275,-0.05125012986409006,0.005559165509523934,0.01638235559934194,-0.011346403215660881,-0.004279710124597732,-0.011438746672895989,0.026005718492035947,-0.004279710124597735,-0.03935930765349501,-0.006054499336712134,0.018023237239191126,0.00010938262491029921,-0.00958286799236613,0.0007114435752311987,-0.01713646973493963,0.033026643919208794,0.033615483914087696,-0.05593043000974346,0.00377308244309696,-0.00958286799236613,-0.05289647765411803,0.03276553113579142,-0.02511254117507151,0.027286509782600357,-0.006054499336712137,0.015008158187694147,0.020575686397255422,0.019372054177746158,-0.028657352517876822,0.016083287489264683,0.02239226417515702,-0.04936212628155579,-0.0347147523796833,0.06623163415414834,-0.0010679769290199805,-0.03354663305842758,0.06495768077242392,-0.008568233795634629,-0.014881555974024786,0.06134807234658825,-0.05097844029637111,0.0745113578188882,0.06543387579551929,-0.03324926046298174,0.017744354268010024,-0.008203611890731159,-0.004804528934975629,0.028798453728509178,-0.01357556767266808,0.006646296865776106,-0.00958286799236616,0.011583308542502157,-0.03294963381488748,-0.0205381529981853,0.016404779655733902,0.05775727859452106,-0.037231755612874985,-0.02021966228049606,-0.017743255046164058,0.008210773630921127,0.00926910907630785,0.005171524729827726,-0.01609328832609473,-0.024035283545978284,0.0009343313585221999,0.01893003636090242,0.02072054823480618,0.035505496258879755,-0.004279710124597732,-0.03668592720085229,0.03271346915231246,-0.018330210637965243,0.019141248901938596
MasVnrType_BrkFace,0.0515405132614182,-0.016388155189141895,0.22472693377884875,0.27527983831675773,0.09651803273760187,0.5713282142280564,0.05267759212590324,0.170289464564626,0.17051211626073515,0.16332164588471546,0.1447980093785188,0.1931246957343685,0.10690507882622535,0.03985727200805258,-0.03126967833677032,0.19819120620063868,-0.049141451335978616,-0.026822172316029336,0.139083621886917,-0.1104072849771823,-0.0039826225974168,-0.049504979883777896,-0.031491952935412536,-0.054987374433008225,-0.036856322784491066,-0.01832483899504876,-0.0573056196939716,0.1150874791738168,0.039538971642545696,0.038492616339856595,0.030976809845098513,0.022227014947856415,-0.005450800205782275,-0.04914145133597882,-0.04692098747441288,-0.02452354332868644,0.1446831046828151,-0.11943861603359988,-0.03834300536691215,0.07488679883400744,-0.0368287785959858,-0.091185536642954,-0.039980198880776,-0.09730152815486785,-0.05799826679707317,-0.015986149814397343,0.07179496324372275,-0.052147624887894026,0.18945372819664885,0.18466437044497086,0.07010445948576699,-0.1750749236035791,-0.07592641194029846,-0.0376799530162857,0.01524148205334993,-0.06453896922557266,-0.0185789926786141,0.07866784614992633,-0.04048397793344642,-0.04347449825786108,0.06040750279526886,0.03147701338312791,0.04212964287644437,-0.02327681409564971,-0.021653696413256818,0.015706089547585737,-0.013345409659237646,-0.04253440934040978,0.03795048772489461,-0.01733482007973677,0.015706089547585685,-0.017334820079736784,0.03953897164254569,-0.02452354332868644,-0.06655954376816457,0.041352504231229825,0.060671062376714,0.06795514732367368,-0.0651518655451476,-0.006787578519312063,-0.049148319142076916,-0.05769114177124318,0.08845962251618994,-0.00262626583823536,0.14564547794147564,-0.14320666797554008,-0.04048397793344645,0.1680658821012749,0.018663610902410813,-0.02452354332868645,0.021653696413256707,-0.01733482007973676,-0.017334820079736774,-0.017334820079736784,-0.023276814095649717,0.012124261062967424,0.003982622597416654,-0.017334820079736784,-0.02452354332868643,-0.12468736013450588,-0.017334820079736784,-0.0490245862216889,0.1754320375110933,-0.017334820079736784,-0.037661381388938237,0.05731846611556533,-0.024523543328686444,-0.05298744423562472,0.06237622392725784,-0.11022232698289895,-0.04415504642276203,0.035671866719512654,-0.045958219732023436,-0.08739589579263533,-0.017334820079736784,-0.05462468660242858,0.17022918345311888,0.017175831564467742,-0.043021036866342746,0.03953897164254567,0.03876225302305552,-0.03881508038144274,-0.05540572142751466,0.07005268841581981,-0.11342829597357583,-0.07085867020990122,1.0,-0.8063369540930607,-0.20525788840259088,-0.06515186554514744,0.13329967604314946,-0.13842652089818147,-0.06004098514818796,-0.02727899763528041,-0.01733482007973676,0.05572413044633148,0.056317627772110995,0.08925421470559439,-0.03879265411973503,-0.042534409340409855,-0.030045389318958646,-0.08431554829565698,0.1163570735150901,-0.12249921259281962,-0.00585546705210005,-0.024523543328686424,0.05108446454023863,0.07296310186712572,-0.04296102382508391,-0.06389408108010343,0.019179511161482393,0.16983724660456467,-0.044463273781239716,-0.023464514572649108,-0.13825666053597652,-0.020604519597304236,-0.049883531083523884,-0.00017502682210189058,-0.019386163969527446,0.030916625004171118,0.06863170616215536,-0.04700952608513321,-0.04595821973202348,-0.02452354332868645,-0.006239162090626379,-0.057295492697618605,-0.03388969759530186,-0.017334820079736756,-0.027627424447952558,0.13848351196316247,-0.02462254778802898,-0.030045389318958535,-0.017334820079736767,0.1175230363561117,-0.08200965736568042,0.11957098769067477,-0.1012539970806645,-0.0133454096592376,-0.03559504013517885,-0.08250939754341861,-0.02319477212480254,-0.017334820079736777,0.10885777781534954,0.04947141726940104,-0.20221242156900399,-0.014028483063184388,0.19070673918431155,0.18466092963385244,0.02900066131836349,0.044877624898340074,-0.052147624887894116,-0.22572029539194113,0.1620716660895817,-0.25069558809835735,-0.11373708220998113,-0.00407852769865291,-0.030045389318958563,0.11104136278016873,-0.09404298413221637,0.023892856846263535,-0.04595821973202338,0.08873393736495103,-0.07492774039416024,0.17647605917449574,0.05593572242385782,-0.02222701494785624,0.027918236134389054,-0.022446119611851466,0.011137513579943801,-0.024523543328686448,0.0133454096592381,0.039538971642545676,0.022227014947856415,-0.024523543328686424,0.004882736412724147,-0.01334540965923761,-0.03881508038144278,-0.02250195291387437,-0.030045389318958622,0.0211982987725635,-0.006239162090626347,-0.043796942692784516,0.02437448932228298,0.0382180665760074,-0.02711789882756084,-0.0189990518626624,-0.1464299283408073,0.054822676483262146,0.03105171247305269,-0.002876999309067299,0.02258382298166559,-0.11453840767828159,0.053679482537241516,0.055129443384108225,-0.005007290583366563,0.04020422111388878,-0.01733482007973677,0.07518109215309485,-0.05270620332498689,-0.017334820079736777,0.036721151309335724,0.0559357224238578,0.15234147071028578,0.02181103238881205,-0.013345409659237618,-0.17100222429035902,0.16961112701778988,0.019438872897955962,-0.1522556344451612,0.10157750722750003,0.1301795984429997,0.01212426106296749,0.14802810617346424,0.005643935914018624,0.02630945180854169,-0.027498459194039458,-0.024523543328686448,0.02529541482229489,0.015435377626187035,-0.04521599004654529,0.020694251799796143,-0.00044428026471646665,-0.029696927231969702,-0.0009943579847374738,0.020488518511409367,-0.013226192738994922,0.025790043785063926,0.015241482053349914,-0.14045929644421992,-0.03470533912910918,-0.06027723556171893,-0.15914417762089017,0.1580540125796515,-0.13707510641774864,-0.0696984915657404,0.12434347837836075,-0.026829473858340207,0.04135250423122983,0.07217646973622317,0.0497793258814534,-0.0008649699349012879,-0.06443929351252316,-0.03881508038144273,-0.052987444235624744,-0.056641499768075115,0.16425197237099728,-0.03861857582386234,-0.08344380856396566,-0.07521470683432482,-0.008616550043274681,0.02522283347194579,-0.10494358151911973,-0.10966942739578772,0.0015742735680323798,0.109412913542301,1.5248319128093167e-05,0.07509059102654447,0.0225469603811948,-0.006557320927395818,0.011137513579943765,-0.01733482007973677,0.02394131638429801,0.0012549929000837876,-0.04593188953122819,-0.0015531792652724804
MasVnrType_None,-0.10816350909771236,-0.03054659173217826,-0.3895120446638173,-0.41714675400546763,-0.23243268866919037,-0.6877368937680182,-0.12095946611156104,-0.3341735147515817,-0.31915056495166094,-0.24169797203096222,-0.2652445406358473,-0.34294554447046544,-0.14338373428881512,-0.10984849406408016,0.038835219685339505,-0.36745636519324876,0.014748112179689153,0.04619604285555714,-0.16221608644979468,0.14810755985968863,-0.00909073180349238,0.05505023046497074,0.038143765071858224,0.05126150619521139,0.08850043416437309,-0.014306303695025824,0.040511655749724665,-0.08769057166017061,-0.03188173396222223,-0.034950984833232654,-0.032211569436197594,-0.03711165840052022,0.005235323293072413,0.04183269555370945,0.03323512395422754,0.030413517828002334,-0.11477346208266137,0.14557015469857987,0.03336520064120878,-0.06710446536185546,0.04974219208265544,0.08444783176679162,0.07294275445075386,0.123526528539751,0.07611142877815483,0.036710920737690826,-0.04403108385964459,0.06467224976256697,-0.15122315432339895,-0.1393741215558241,-0.2748488933485268,0.21170970552706386,0.09762142092599933,0.049677026871519946,0.012493352255904892,-0.049613206700665484,-0.02079247787094542,-0.09381694750207144,0.05539708074873708,0.040398486389904786,-0.07127413404847484,-0.014719841179805569,-0.041254896400181186,0.0392469733419568,0.026095064443637742,-0.00734476110812294,-0.023577572434732984,0.052750167438687046,-0.042116911049929595,0.021498233451590184,-0.04510304004424849,0.02149823345159011,-0.03188173396222223,0.030413517828002393,0.08219725792786373,-0.015504223618351066,-0.10475653228117456,-0.07853318420274276,0.08079980114321843,-0.06315512377415196,0.060952581786800436,0.0715471881555176,-0.07821493390388315,0.016895429800273302,-0.10036136715989726,0.19103645532995073,0.055397080748737185,-0.22455433706612585,-0.0036557391036950737,0.030413517828002258,-0.015535531714227864,0.021498233451590174,0.021498233451590226,-0.03188173396222223,0.023096865935176295,0.00032746628381573307,0.009090731803492607,0.021498233451590146,0.030413517828002345,0.14695519310258134,0.02149823345159008,-0.030939823248092354,-0.11897998224227917,0.021498233451590118,0.09213957073702671,-0.018697494181896382,0.030413517828002314,0.05456182136347381,-0.18292991367785028,0.16032331727904073,0.04721412990245776,-0.024418586762612188,0.056996296025791794,0.10838632081663062,0.02149823345159008,-0.026983698674848837,-0.12264024941338283,-0.01646862868714943,0.09550134817380425,-0.03188173396222222,0.0008909642929772285,0.04813754372091312,0.05777366263186768,-0.17629978379789163,0.16489371637227695,0.046523978064551726,-0.8063369540930607,1.0,-0.37750477718245035,0.08079980114321804,-0.241170053348437,0.29321436850372284,0.07409529506944025,0.07355105842078102,0.021498233451590198,-0.10537365924072772,0.02912495335045394,-0.21204969841006444,0.062227274464555685,0.05275016743868685,0.03726158049242892,0.10130401418807383,-0.12749646980637727,0.2330296973437102,0.0012058204926789946,0.030413517828002386,-0.06353062530770212,-0.1307597413374955,0.02036415235909147,0.15586407071688987,0.03056416397507726,-0.25535948892626126,0.06877686690814695,0.017299322717047184,0.14994516075115197,0.030916273223271833,0.06646941853035385,0.01220013567589897,0.027733816833665006,-0.056552252414434526,-0.0943106797357001,0.06643389378774957,0.05699629602579173,0.03041351782800223,0.016323273813246494,0.07548258181771739,0.0905099123858958,0.021498233451590163,0.10238451936355138,-0.18266101782262445,0.050522409733426685,0.03726158049242901,0.021498233451590184,-0.1614296993336883,0.11005619345018329,-0.17377698091311683,0.22069661345083902,0.024232505002364565,0.03376006202268083,0.08975769538309583,0.04211691104992954,-0.03188173396222223,-0.09550557476047035,-0.01606307617928523,0.13866212699433875,0.024687556411130882,-0.1291152746410959,-0.2197790711502751,-0.016609991022004278,-0.0971670795371055,0.028987637270750082,0.29381946759247823,-0.19730058919376853,0.35335081784275796,0.14357080935818578,0.023478270691761036,0.037261580492428996,-0.14835911101861018,0.1104338821334188,-0.024539281466975576,0.05699629602579183,-0.10710943790085752,0.08940626914275185,-0.21522788965534265,-0.0451030400442485,0.01039419229363662,0.00553459941198137,-0.014726472683199184,0.006946758528395966,0.030413517828002345,-0.02423250500236479,-0.03188173396222223,-0.01039419229363687,0.03041351782800233,-0.0066969752210670214,0.0003274662838158564,0.024232505002364506,-0.16081337607424476,0.03726158049242887,0.12481566572478045,0.016323273813246598,0.028350733502968004,-0.011356275949120188,0.08546051905681458,-0.15801102717499105,0.06802195931618406,0.19885593793379158,-0.04760326315422006,-0.0221127845684575,-0.0036557391036952055,-0.006627184799901658,0.08823405219320443,-0.05670462312049268,-0.04041870927689919,0.028824745701105867,-0.023873084146857373,0.021498233451590167,-0.13721681333083707,0.0421169110499295,0.021498233451590156,-0.029337559298336365,-0.04510304004424846,-0.19731609150692803,-0.06057899427889598,0.0003274662838157752,0.27195438675311046,-0.2564614923556924,-0.06304242558184227,0.22690940719259373,-0.06799788593459274,-0.30555641696725216,-0.023577572434733074,-0.10589082903381923,-0.018052933441351872,-0.055577926670905074,0.05537498724071964,0.030413517828002355,-0.04564559043964596,-0.0070482080900821234,0.03681333859446278,0.020780380833315522,-0.00039424282414531227,0.023758205897486503,0.01581725580164529,-0.03867631131370474,-0.0009115368091631656,-0.0381710634814171,-0.015874134981452945,0.1631464271674291,0.043040739920129883,0.07475440044728796,0.20606078440912673,-0.15427740219386651,0.162962265925605,0.08643841909011189,-0.08323611725397204,0.03670216719788116,-0.015504223618351066,-0.1059637052154433,-0.06616774973532558,0.017396438754031015,0.07956213996112167,0.02423250500236464,0.06532672125410521,0.0717846761503249,-0.2656005682590047,0.09789508966886985,0.12285246276737265,0.11607838748278786,0.021325149116853213,-0.001997300848911378,0.13494960505369005,0.16341955926152932,-0.0003083611993768205,-0.15876610250693546,0.0013052176322611772,-0.06196316795320153,-0.05594755095210355,-0.06012336734235795,-0.025353456285164968,0.021498233451590167,-0.031749557443130065,0.008367781719789292,0.007039146898231015,0.002061486743217495
MasVnrType_Stone,0.09989212908224104,0.038327964015255477,0.3315835044558854,0.2896255418546723,0.2601775920047797,0.2336713985933724,0.13007452194564692,0.3007934824116761,0.26744547997273976,0.15578716658086053,0.24746329475160234,0.2859591539948206,0.07773489045938223,0.1239001547532029,-0.0254735581245719,0.3304756465434122,0.06225010399715093,-0.03263091613861599,0.04203879554578983,-0.06871600372554763,0.01991344020527852,-0.00871524302315346,-0.02337452276255903,0.003620190353004244,-0.08090269849166644,0.061476373543651354,-0.0024387737102704865,-0.015496293303770626,-0.008115685828958842,-0.012246495285022476,0.012066683359236205,0.03008434475934375,0.004155002242734497,0.0035387656019052363,-0.003602194248548534,-0.011481248270994488,-0.032630916138616,-0.06305112825559561,-0.02568898176785347,0.006774594583662871,-0.019406025386680112,0.011820775074859919,-0.052732965678870695,-0.049986333730050576,-0.0336468310575803,-0.03087346441276744,-0.0719465415941412,-0.024414083236505662,-0.037781136250272074,-0.05269308224137023,0.3711002070207318,-0.0807229164089121,-0.04091635388950766,-0.06058796535070704,-0.039018123589264424,0.20017144154332697,0.0710921648830194,0.04059011244821557,-0.027009405322679512,-0.011652102723098431,0.03193747825671817,-0.023009890806121234,0.007142560601652066,-0.02700940532267949,-0.00511731105378423,-0.011481248270994499,0.0647382940524378,-0.019913440205278504,0.007566955524472004,-0.008115685828958833,0.053997745774521044,-0.008115685828958838,-0.008115685828958842,-0.011481248270994495,-0.028858481388422494,-0.033438498743384525,0.08924300829952021,0.036155578194489335,-0.03050231092695685,0.10826055639082424,-0.023009890806121223,-0.02700940532267953,-7.207088778182216e-05,-0.019167057021489034,-0.05517257279334051,-0.08224401516346806,-0.02700940532267948,0.10328416267359466,-0.02151637403144154,-0.011481248270994499,0.005117311053784343,-0.008115685828958833,-0.008115685828958835,0.08445385565760288,-0.02700940532267943,-0.01817215271647378,-0.019913440205278493,-0.008115685828958842,-0.011481248270994492,-0.04505835093555453,-0.008115685828958835,0.14103422034670973,-0.08405857460890756,-0.00811568582895884,-0.09672417271119149,-0.0598547550206103,-0.011481248270994497,-0.02224826742741978,0.23238553521903044,-0.11868596940409276,-0.023429257471737498,-0.014066424641260317,-0.021516374031441538,-0.04091635388950765,-0.008115685828958835,0.14322343232739226,-0.0773980244612144,0.003620190353004243,-0.09423238093372321,-0.008115685828958835,-0.06088498794073433,-0.018172152716473797,-0.02342925747173752,0.20790144003396158,-0.11534039410319807,0.02537923868682063,-0.20525788840259088,-0.37750477718245035,1.0,-0.030502310926956846,0.2167376228568893,-0.30159931864888295,-0.043347133077206584,-0.0871857290578646,-0.008115685828958828,0.10070605779566606,-0.1738643420659833,0.24998762897898352,-0.040075714434055124,-0.019913440205278427,-0.014066424641260313,-0.0485824555969945,0.05303221229227271,-0.22875759108759566,0.015281033280954374,-0.011481248270994499,0.016554536130194197,0.11116160796241395,0.027129048754688703,-0.17054275244221942,-0.08004344975174743,0.18941102230713464,-0.06058796535070706,-0.05605657651442619,-0.02047060241945408,-0.03084693263015827,-0.030502310926956867,-0.028184035603395396,-0.04791916145592534,0.07288424499060335,0.04640489110126009,-0.03463430640445548,-0.021516374031441483,-0.011481248270994495,-0.01624808493331641,-0.04432073709851934,-0.11174072615776204,-0.008115685828958833,-0.15175171483257302,0.08178023409117072,-0.0425511850110441,-0.014066424641260341,-0.008115685828958833,0.07754521552915238,-0.051355638952114986,0.12660454713591088,-0.2443115560350646,-0.01817215271647376,-0.028858481388422504,-0.015750222721157833,-0.03158381436301298,-0.008115685828958837,0.016943110940632607,-0.047140898491240556,0.11052135215751892,-0.03653310829007943,-0.10882498273269976,0.07940669417441056,-0.014226575624602182,0.10465952771365024,-0.024414083236505662,-0.1367858632617178,0.08549391362628794,-0.21905264301448896,-0.05715525184499697,-0.03050231092695681,-0.014066424641260337,0.06851532326374683,-0.032749780335473974,0.0065273764208712975,-0.021516374031441493,0.03426849542871984,-0.027828590728430035,0.08394883639423126,-0.011481248270994497,0.016248084933316538,-0.060751512102596515,0.08575374284994373,-0.027009405322679494,-0.011481248270994499,0.018172152716473496,-0.008115685828958837,-0.01624808493331643,-0.01148124827099449,0.006527376420871278,0.023283070667982037,0.0232830706679821,0.32647089120348044,-0.014066424641260317,-0.25083122411326453,-0.016248084933316444,-0.001396309172919167,-0.015697819968393506,-0.19583954736015224,0.3292707393340314,-0.07978817826048758,-0.10556548741150332,-0.0019829129537684326,-0.010476160421059427,0.013543789010862776,-0.018424669815753067,0.03723126987396793,0.007363122531802643,-0.025206273455421185,-0.03744830133822959,-0.02151637403144155,-0.008115685828958833,0.11579212255965414,0.01644990331406925,-0.008115685828958838,-0.032070892240248144,-0.011481248270994494,0.09265378743184272,0.06219481984871117,0.023283070667982086,-0.20459932167045913,0.17785053043513946,0.08321082839741693,-0.1524187539340536,-0.05490504443791584,0.33166606091991574,0.023283070667982075,-0.05480727489307792,0.025427524938422683,0.04552994367618464,-0.04343030511429127,-0.011481248270994485,0.044966546490033135,-0.012069315158891026,-0.0029651377309505133,-0.055078712560956096,-0.013954107557942316,0.009802774600498557,-0.02359337227851241,0.0414377378327101,0.03236383806019833,0.03290677836022962,-0.01442120630069532,-0.057628871993286084,-0.016248084933316434,-0.028220143284261038,-0.10254303654983894,0.01072009874593127,-0.05197489784576307,-0.032630916138615955,-0.05065152598550254,-0.015697819968393506,-0.03343849874338453,0.07542610770440214,0.04143773783271011,-0.02574357584358586,-0.027828590728430098,0.023283070667982048,-0.040916353889507644,-0.04997950178882467,0.2051396545696832,-0.10313429370268527,-0.09043240566059671,-0.07060320036116226,-0.018463405539434437,-0.033646831057580345,-0.05352405838745188,-0.09978257290376924,-0.017587282357385967,0.09364935065766063,0.004387934768436612,-0.017282844417270668,0.06694941764112047,0.11899529926114141,0.02900441821583193,-0.008115685828958833,0.0009052082393567175,-0.009853817110256954,0.06526668433525568,0.004902792890076142
ExterQual_Fa,0.017692999662322868,-0.021621761093798802,-0.16466298353841327,-0.11912672017199712,-0.1338760583797266,-0.05615984407374814,-0.009091243693172475,-0.0851308141096003,-0.07948970607218363,-0.06239579537898476,0.02140086039212622,-0.0933153129611863,-0.04484271511118341,-0.052128152928165396,0.04967275721991476,-0.11514885538092047,-0.02123975221298773,0.12466029078479433,-0.12108058080750617,0.05737825008257008,-0.32326469776529115,0.0683591599871593,0.02581680125687263,-0.008171388710395796,0.016484964738323817,0.020117354523987174,0.12031765503541443,-0.17578297724926706,-0.0025760377642485366,-0.02581180933846775,-0.017945589096350172,-0.005157380567343918,0.014289535412827207,0.1150681081428895,0.06549026500425995,-0.0036443166665298754,-0.010357531578558588,0.08794044881981188,-0.013759016074814721,-0.033295830581381795,-0.01872015597182949,0.0011434933199182683,-0.023534044900974202,0.20773339030322505,-0.010679997880442448,-0.018336413940367193,-0.04199887444524714,-0.007749388249152314,-0.022573716727734023,-0.016725557473414095,-0.023217429949584506,0.0504053374108546,0.041188773468314684,-0.02273600290572529,0.015498726699492838,-0.024617034291185044,-0.012987451093612726,-0.016085029860559864,-0.008573181560681951,0.09896442735027333,-0.0834445208128226,-0.007303676967915306,-0.011298601240319197,-0.00857318156068196,-0.013249270586763907,-0.0036443166665298754,0.1145381428582652,0.10354102051327756,-0.05967360780220381,-0.002576037764248534,-0.003644316666529876,-0.0025760377642485358,-0.0025760377642485366,-0.0036443166665298746,0.18052232393651355,0.01901340580638162,-0.01714072447618516,-0.028635829444245173,-0.009681881051175668,0.028652889323066283,0.08790496922098066,0.07270503323539362,-0.04988353108352383,-0.015866395779573935,-0.021239752212987715,-0.050023688584832415,-0.008573181560681957,0.05768682233500407,-0.006829612829135395,-0.0036443166665298767,0.013249270586763902,-0.002576037764248533,-0.002576037764248534,-0.0025760377642485353,-0.008573181560681964,-0.005768107913725588,-0.006320818112729165,-0.0025760377642485366,-0.0036443166665298767,-0.01852914232472505,0.26606790050738394,-0.02054640912404345,-0.04166736492710441,-0.0025760377642485366,-0.00215302778936165,-0.000956433888655614,-0.003644316666529878,-0.012987451093612766,-0.013802345169703186,0.061065866222805285,-0.013249270586763937,-0.004464889578961358,-0.006829612829135403,-0.012987451093612774,0.26606790050738394,-0.02037002109316775,-0.0399935088267936,-0.008171388710395787,-0.001034426219725648,-0.0025760377642485345,-0.008577957316791972,-0.0057681079137255845,-0.013249270586763935,-0.02709528543334225,0.04342598536888815,0.028058097200374978,-0.06515186554514744,0.08079980114321804,-0.030502310926956846,1.0,-0.06971988304305125,-0.12583141716513177,0.2937128737603306,-0.032798849998768795,-0.0025760377642485345,-0.09222035925534364,0.041412779413387425,-0.0736298154214358,0.09782762366676971,-0.006320818112729151,-0.004464889578961358,0.07647450153885137,-0.07007308390000423,0.06227056686026203,-0.021239752212987725,0.18638076665967074,-0.10368216566718996,0.01740717009748838,-0.028635829444245208,0.02253609914936555,-0.009761251051273576,-0.06232096260051135,0.07338725262234086,-0.031150873587264084,0.06813877022981027,-0.014963212883466318,0.06243825330962258,-0.01774737322145802,0.017957048456060012,-0.009038095235559178,-0.03327309923760985,-0.010993437044848994,0.09491768033961676,-0.003644316666529876,-0.005157380567343916,0.09873864882757521,0.013044860594050266,-0.0025760377642485345,0.029272255575654722,-0.23050141987516623,0.0908285549183831,-0.004464889578961351,-0.0025760377642485366,-0.1206074719420324,0.3324097166806289,-0.08056992568243113,-0.014730944513363554,-0.00576810791372559,-0.014492543209109678,0.03140853738096977,0.05967360780220371,-0.002576037764248535,-0.0846185056739548,-0.01496321288346633,0.04351987453548809,0.04886946663234788,-0.05140085359016637,-0.03125525132297901,0.050716277747899115,-0.02491977700705281,0.17183960927088537,0.004602660514507032,-0.047234759888268335,0.07635282020846255,-0.018141915579393045,-0.009681881051175654,-0.00446488957896136,0.021747768934982478,-0.015420784260920653,-0.0077493882491523145,-0.006829612829135414,0.019097246658368545,-0.0142518906005133,-0.17527049511088785,-0.0036443166665298767,0.005157380567343973,-0.019283421353382645,0.029976952853060755,-0.00857318156068196,0.18638076665967052,-0.11453814285826486,-0.0025760377642485353,-0.005157380567343916,-0.003644316666529876,0.1718396092708851,-0.005768107913725585,0.11453814285826508,-0.02971198929900533,-0.0044648895789613586,-0.023849365548233224,-0.005157380567343921,0.06888734476780892,-0.011596144624624941,-0.008932083505934984,-0.030108855335029515,-0.029094552837954223,0.0604344567654117,-0.012720619795679072,-0.028907413289802116,-0.006829612829135412,0.09741034822141184,0.0746131054929138,-0.09480269165334539,-0.02075599032846504,-0.01188664032681194,-0.0068296128291354,0.26606790050738405,-0.052139035917489585,-0.010025166110770235,-0.002576037764248535,-0.023691105224003844,-0.0036443166665298754,-0.05986060791516289,-0.0287718408506816,-0.005768107913725578,0.06741583027338742,-0.07550763316311877,-0.01496321288346635,-0.008706604628121542,-0.06947523171273935,-0.015688504888244494,-0.005768107913725582,-0.04565835688129683,-0.008957487554947314,-0.07831024360201629,0.08099114305392009,-0.0036443166665298746,0.019013405806381643,0.02664060055119667,-0.03217118291296628,-0.019383283622992003,-0.0264800417327441,-0.023829477293224703,-0.004314153012970339,0.013693396901645569,0.033681665511898926,-0.02353404490097418,0.015498726699492782,0.11057304007389841,-0.00515738056734392,-0.008957487554947307,0.01459523444385812,-0.04993434478627638,-0.020370021093167757,-0.01035753157855859,-0.020013353262804713,-0.011596144624624913,0.019013405806381615,-0.02476875794871692,-0.020895460323964384,-0.008171388710395798,0.13437496851912545,0.11453814285826514,0.09536499803024223,0.12531077434517648,-0.06903092436573978,-0.026343206276887528,0.000692824196202768,-0.0224104917612973,-0.012170593824927618,-0.010679997880442441,0.1148552067971362,-0.011450099539224946,-0.013449636924545358,-0.03624777075488102,-0.03771259982865788,0.008940878105329779,-0.01794558909635017,-0.010993437044848993,-0.008573181560681951,0.26606790050738405,-0.0026039403021624876,-0.03314921847202963,0.06263414592385012,0.028604776348882324
ExterQual_Gd,0.08300696811521029,0.00315134760595885,0.5477311929682164,0.557909879540593,0.5314822047435364,0.14099280234921527,0.24101641272123514,0.28325352425982003,0.20873242466967398,0.3025157520975239,0.4715846377468309,0.37053119875278634,0.16059865495963224,0.2006913040855463,-0.041785060412068094,0.4524661278447931,0.24128508418775121,-0.06063875648593186,0.06498620424854878,-0.18278297125946577,0.04551664053984285,0.07291043554756363,0.046544211332047634,0.029180203842769842,-0.17230252408915286,0.018264545301200218,-0.00030781653764456714,0.07579624999442308,-0.018550222904885033,0.06259504281635284,0.027066988933207237,0.0461949983343822,-0.02468017457487996,-0.05439040267062027,-0.036248060232468224,-0.02624297183773523,-0.07458528838093184,-0.11438156737054317,-0.024972934303043714,0.281495222543264,-0.03200050695970801,-0.14614887272150218,0.0936675713279096,-0.10501638650264343,-0.07690739012271448,-0.091731254331265,-0.2461361361716163,-0.055803871120735295,-0.08927193535545251,0.2223190394354872,0.14462298238249358,-0.16175720306812405,-0.07113920014577085,-0.15048489284167962,0.09791402284259423,0.2790819942366044,0.14151181408307395,0.0939177494581487,0.07259277716466939,-0.12098355013820251,0.13871897162914107,-0.013256343629416014,-0.01730434145894739,-0.028153852740670237,0.01437750723534057,0.05227083734893175,0.008171122004602857,-0.04551664053984277,0.07219190207311957,-0.01855022290488502,-0.02624297183773524,-0.018550222904885026,-0.018550222904885033,-0.02624297183773524,-0.10436178798259475,-0.1361686472222769,0.031151988944787126,0.18343487308891893,-0.054820727708909826,-0.016445272878528625,-0.013256343629416002,-0.061736062709116704,0.21846455820880495,-0.09577777935068747,-0.07551008030336107,0.040846214708753374,-0.02815385274067023,-0.03144230683651221,0.01387880785697577,0.013013932755598244,-0.003398866773208202,-0.01855022290488502,-0.018550222904885037,-0.018550222904885026,-0.028153852740670185,0.05787878086593713,0.02257177666115156,-0.018550222904885033,-0.026242971837735236,-0.03762277594977768,-0.018550222904885026,0.011690161182135495,-0.1302164420150848,0.036948394802352985,-0.16045789701088733,-0.11704795968224493,0.013013932755598244,-0.05994704150214731,0.4675461963488188,-0.1704003429276471,-0.051494335537454174,-8.784692107506673e-05,-0.049180505850030545,-0.003986248284030268,-0.018550222904885026,0.01422773126381303,-0.11317304348759659,0.011575618053330178,-0.15406649478171439,0.036948394802353,-0.149272841780272,-0.01668270742606421,-0.062472975999586525,0.4658526389237296,-0.17784225061383238,-0.03375442392071266,0.13329967604314946,-0.241170053348437,0.2167376228568893,-0.06971988304305125,1.0,-0.9061205814782336,-0.09907960926736051,-0.06679051439030134,-0.018550222904885023,0.10870487700741133,-0.45379650041727826,0.586748048121457,-0.08018307609389742,-0.00012436240584658698,-8.784692107507977e-05,-0.10155388254362262,0.5008640775042643,-0.5419686453320468,0.05824787803733086,-0.026242971837735253,0.02419969203461221,0.03626424762607126,0.015671731397913648,-0.17487155889408162,-0.17062975819654927,0.3767298481277801,-0.10414976374906797,-0.18395143710014442,0.03083985341490283,-0.04913836118675423,0.01967504896179786,-0.08623997707857839,-0.09270061868378252,0.13028781766073394,0.06640167834128295,-0.026532359886210485,-0.049180505850030455,-0.02624297183773524,-0.03713864775482459,-0.13204176219414948,-0.14296426968961487,-0.018550222904885026,-0.37656659159813466,0.1633797641880064,-0.09726029117654172,-0.0321519731134814,-0.018550222904885026,0.21162654780413648,-0.11738484831253554,0.6283627980698449,-0.6175980103657069,-0.016682707426064213,-0.08421792092090911,-0.08052755829312523,-0.0433940394975034,-0.01855022290488503,0.10591068632026943,-0.03936956933862512,-0.07758960683904528,-0.08350462505227584,0.09687292547713276,0.21977873407121423,-0.06855046423798017,0.14389684234022287,-0.03725340394489873,-0.2840756666938816,0.2752899826160854,-0.4837841502672068,-0.08992734653358074,0.01967504896179788,-0.03215197311348135,0.07392401679086948,-0.09206165024441047,-0.00015246959322601298,-0.04918050585003047,0.09870599545832158,-0.09239398964720283,0.18031974190512495,-0.02624297183773524,-0.018417116304646815,-0.10808748808786627,0.132533321717826,-0.0617360627091167,0.013013932755598196,0.016682707426064064,-0.01855022290488503,-0.009360765725088982,0.013013932755598227,-0.0001524695932260713,-0.01668270742606427,0.008171122004602885,0.2320274746819464,-0.03215197311348135,-0.15214366669515664,-0.03713864775482451,-0.03233985764105487,-0.04603021339971763,-0.09242893585547458,0.22946943107549683,0.09991946593555082,-0.16002923316967868,0.034006634301235426,-0.05783647662564542,0.01387880785697584,0.058184060480470104,-0.049478848993569954,0.015370584653080447,0.027992746479292903,-0.03681785627489687,-0.049180505850030545,-0.01855022290488502,0.09906675965553968,-0.028995108209695426,-0.01855022290488503,-0.08128031238271556,0.01301393275559819,0.24756980814398774,-0.05626416282041228,0.033024951435270004,-0.4711270257793443,0.4690367092002024,-0.000294401946107987,-0.34859611460878265,0.19789786915336594,0.27978108285392084,-0.016682707426064224,0.19339658010485902,-0.03233985764105492,0.14282663713986657,-0.13886911320158357,-0.02624297183773524,0.012685320067522996,-0.019193713677899703,-0.02521104445265469,-0.021719891848844666,-0.01750967355468804,-0.008761433013095688,0.03789259793455248,0.049608384064365234,0.0075983521483110016,0.0038156303694680672,0.024180541642786286,-0.13044074239819678,0.018417116304646604,-0.04842166695847327,-0.1467308632243713,0.2988487664694718,-0.10280036814557883,-0.032745692695931645,-0.06234365700164383,-0.05852168395057023,-0.13616864722227687,0.2141884100789165,0.04246274074017684,-0.05884272510442852,-0.10262883220296261,-0.01668270742606425,-0.08233135878939431,-0.12782631479795317,0.3968211787907917,-0.23525632355513226,-0.15681232392531985,-0.08761597314886067,0.019624592000340394,0.01783628478737981,-0.07242102522643691,-0.14823507503602495,-0.08895760882794539,0.12869687756818596,0.12381037504083915,0.09821050218377728,0.018840968150009383,-0.013374328149163164,-0.0449449577248934,-0.01855022290488502,0.017490283649682442,-0.030792547500240047,0.006969580002811642,-0.029026502252828646
ExterQual_TA,-0.14488546419566534,-0.027889834604073686,-0.6462466682771527,-0.5891256992710573,-0.5654235164377549,-0.25588736654278127,-0.2828231635450591,-0.3903977035154653,-0.31284438744684895,-0.38614600954372974,-0.5320697384268399,-0.44526024731709624,-0.18755140737994028,-0.2543089382838142,0.028599614937052813,-0.5890435234097585,-0.23498218688199357,0.04163926306954653,-0.05961057572278574,0.18899497252675823,0.015958317763748505,-0.07213068492531148,-0.08067447853158712,-0.03774443157701863,0.18746474708183714,-0.04678096028616994,-0.01219392793955198,-0.030486528127533972,0.020472135038167232,-0.05941666423881782,-0.025315758848805322,-0.040024654535002736,0.0194506723321664,0.03192157775117451,0.029042372171104676,0.028961897979320566,0.08231276267806886,0.10846135717351772,0.03730356427197664,-0.2421262354015302,0.03345704994667437,0.14498448657050952,-0.0812538828156096,0.07220575474546012,0.08487544780988032,0.1065350364799492,0.27122071221782,0.06158548019039294,0.1016796087392485,-0.21737517623199856,-0.29543230772605494,0.16310270881022443,0.0705724253366331,0.16781657835949176,-0.08323541019874031,-0.27797224512563456,-0.16879254845562183,-0.09380191031633345,-0.062452728185405135,0.10935924919773449,-0.12681110598891362,0.019801792636400622,0.0026103194199170996,0.035486029226723344,-0.0014327678919746113,-0.04736368153296832,-0.05080458351301444,0.02816884877995021,-0.023680911729965726,-0.03347970098299554,-0.047363681532968306,0.020472135038167152,0.020472135038167184,0.028961897979320587,0.07600939325496169,0.14266045039560554,-0.014055417308454624,-0.18803704978976327,0.06245936632542342,-0.004284838272946402,0.0006810140324688171,0.035486029226723295,-0.21201877233608582,0.09914911867331097,0.09351475420498248,0.06133044984524933,0.035486029226723254,-0.07993732237556771,-0.007025915281861969,-0.009200891776823905,0.012105426679132582,0.02047213503816726,0.020472135038167277,0.02047213503816718,0.035486029226723274,-0.050804583513014395,-0.038021901035598084,0.020472135038167177,0.028961897979320552,0.05411706542195569,-0.03347970098299554,-0.0977276030329497,0.16210574640423345,-0.033479700982995554,0.1557696370386002,0.13472257480977554,-0.009200891776823879,0.048811973173700805,-0.4684559633391463,0.17908145310021711,0.05193052604381494,0.00431262786837918,0.05427589534474311,0.01617129492930241,-0.03347970098299554,-0.10120149286019316,0.14383710460890478,-0.020630496762593986,0.14847142971198646,-0.03347970098299554,0.17092711416809078,0.02167882879545562,0.06260318483097299,-0.46241818421943587,0.18902084046656162,0.021446682239596677,-0.13842652089818147,0.29321436850372284,-0.30159931864888295,-0.12583141716513177,-0.9061205814782336,1.0,0.0475951749743739,0.08186702569605753,0.020472135038167253,-0.0972481345776141,0.4857451783042828,-0.620836170744861,0.06779040644781177,-0.015958317763748647,0.004312627868379151,0.09486811179401435,-0.42137772900822046,0.5721449137038732,-0.07757740261115105,-0.009200891776823757,0.007962833065385394,-0.10341663473685281,0.006615744738119078,0.2086855847861993,0.19248633441100882,-0.4196388897626446,0.10346837886247062,0.2083173468244783,-0.029644540837456927,0.05243905492943273,-0.02444407220867899,0.10063911776287632,0.1008949696735857,-0.13779099312827917,-0.06885618366974106,0.0362011568301827,0.03384195846920797,0.02896189797932045,0.04098642996745199,0.12220984785359883,0.15758921988016278,0.020472135038167274,0.40746059646214683,-0.13189792368964837,0.08638341728163597,0.03548310652102077,0.020472135038167288,-0.20396618019716625,0.0595149327481579,-0.5576052859079723,0.6715999301550608,0.021678828795455716,0.08580061560825641,0.08330891919255505,0.023680911729965757,0.020472135038167274,-0.09469155749087661,0.05243905492943251,0.05427607300457395,0.08001286971594262,-0.05582629886204093,-0.22256775729778697,0.06488264545061932,-0.1874629776258832,0.007485118530962318,0.31611578094120196,-0.24246888924426638,0.5155820574310944,0.10459725927161431,-0.02444407220867903,0.03548310652102075,-0.08575564487899923,0.1040957895567898,0.007485118530962278,0.05427589534474322,-0.11403572172580342,0.10331219148289493,-0.16205905851949867,0.028961897979320483,0.013020959700851325,0.12333201106119285,-0.15215771403689804,0.06813228169743286,-0.04736368153296832,0.002482308640700982,0.020472135038167142,0.013982735133300365,-0.009200891776823837,-0.028581789241991395,-0.0024823086407009544,-0.026643446076857594,-0.33514793320415015,0.0354831065210206,0.240733957141058,0.04098642996745212,0.024285618310530725,0.05572621903293288,0.15663788211453733,-0.3307755790322669,-0.0842424289473186,0.16931044705976986,-0.04321676427202367,0.04183952091112712,-0.02745985215739716,-0.08558789325083378,0.029016312882937146,0.011575926585243085,-0.028696992515111437,0.047045649138547585,0.054275895344743155,-0.03347970098299554,-0.11477993821251213,0.0236809117299657,0.020472135038167246,0.08283828392081137,-0.009200891776823837,-0.27366180724160416,0.029537299841153417,-0.05080458351301436,0.4988472693278151,-0.4737230682261682,-0.07101582755141962,0.38006709866595817,-0.13189190344942273,-0.40397949548247786,0.02167882879545564,-0.20797089837346064,0.03991921739932029,-0.1393414533632017,0.13457687184085482,0.028961897979320566,-0.017277000574456854,0.006646815195199702,0.026295467237828506,0.03830287714820299,0.03729747806966,0.0030463913186177254,-0.02910866634133535,-0.05622850370386151,-0.024947895326844195,-0.00014529462584051488,-0.02589262435933445,0.12094613612731475,-0.013020959700851152,0.05555281648810987,0.16398960002173082,-0.30620180135259967,0.11211060469882807,0.0280814298667058,0.07955416814954225,0.055726219032932775,0.14266045039560554,-0.22650701164227038,-0.02149605514757544,0.06493917730952882,0.08341300948223183,-0.002482308640700945,0.0705724253366332,0.11389176707269984,-0.41673515888895013,0.26377865175773646,0.18196738865188863,0.09335391353720224,-0.053899894185973074,-0.00722766077123856,0.06691663598776623,0.17815149937815808,0.10914325522123466,-0.10864865714528504,-0.12266830247426276,-0.12494741399092853,-0.0732962970390984,-0.05333800648164385,0.002839776756013688,-0.03347970098299554,-0.014054861002267292,0.029039071473020657,-0.032611449059869145,0.01913909523850993
ExterCond_Fa,-0.026922181626057508,-0.028664295344908438,-0.15092255220472883,-0.1759083638820526,-0.15298805882000538,-0.05294157507267167,-0.018233448027332084,-0.11707434930504554,-0.0703577607888392,-0.0599032100628386,-0.04770293677211957,-0.1570052049972234,-0.07863321936480641,-0.05379715830614841,0.022981740068177752,-0.13791439943313424,-0.03018402008647817,0.0332495980775434,-0.0742605665548476,0.0675283691542343,0.008982576583964102,0.006459827831776365,-0.023768853688715546,-0.011612440601740605,0.06488553855999994,0.0011285119629315683,0.04217267200845109,-0.035344491647899795,-0.0036608325200733036,-0.03668141528808661,0.002790563809046489,-0.007329204082857979,0.00917778777202883,0.0182430890632561,0.03990746007013947,-0.0051789741406098955,-0.014719189662786009,0.09940399950716894,-0.01955307262569832,-0.04731703124341861,0.0005961545583904603,0.060938608754218186,-0.03344446191668466,0.1998840030069702,-0.0151774496855806,0.0016713622953887862,-0.03202148273354069,-0.011012731609331214,-0.032079730135446426,-0.023768853688715588,-0.032994517305439106,-0.0031233185608882134,0.05853376975578818,-0.009543406490207856,0.0220253924490828,-0.03498350875582722,-0.018456594067140415,-0.022858593618896403,-0.012183432360120185,0.07519093152653815,-0.045961181094460256,-0.01037932693818814,-0.01605655298456659,-0.012183432360120188,-0.018828668315514874,-0.005178974140609895,-0.008197114701856335,0.06908029134810822,-0.03527794359955434,-0.0036608325200732984,-0.005178974140609896,-0.0036608325200733027,-0.0036608325200733036,-0.005178974140609895,0.22189985180193475,7.382551197492585e-05,-0.02435885158630033,-0.04069465794471619,-0.01375901607481469,-0.029198298611179195,-0.010379326938188136,-0.012183432360120186,-0.03834300536691215,-0.02254789058310339,-0.005970465511611099,0.0014237697402098208,0.10332183546959071,-0.018684939164586318,-0.009705629743243387,-0.0051789741406099,0.018828668315514906,-0.003660832520073296,-0.0036608325200732997,-0.0036608325200733027,-0.012183432360120188,-0.008197114701856328,-0.008982576583964544,-0.0036608325200733036,0.12984428023957692,0.02858896972760024,-0.0036608325200733023,-0.029198703425829232,-0.017489820111478614,-0.0036608325200733036,-0.0030596888979288364,-0.020440240458400667,-0.0051789741406099,0.13552413357871668,-0.06142105112168937,0.04374437869331203,-0.018828668315514843,-0.006345098350670438,0.06259140814010006,0.020038587844323916,-0.0036608325200733023,-0.028948036665992438,-0.013885196190165847,-0.011612440601740595,-0.0014700332414935551,-0.0036608325200732984,-0.029044120826332617,-0.008197114701856332,0.0944537042421157,-0.0595135403947419,0.032478467776935666,0.03987363698935298,-0.06004098514818796,0.07409529506944025,-0.043347133077206584,0.2937128737603306,-0.09907960926736051,0.0475951749743739,1.0,-0.04661076726548901,-0.0036608325200732975,-0.37526798743574535,-0.02175209200686379,-0.09458283871673093,0.13902379501228926,0.06908029134810853,-0.0063450983506704375,0.07603034094985338,-0.09958154646765925,0.09849952715501697,-0.030184020086478316,0.2648675346197644,-0.1285787504700722,-0.009857088150793896,-0.022081186579025178,0.05341618738307389,0.01922106945572832,-0.07751701572753149,-0.009543406490207856,0.025153814671305275,0.08612563825731494,-0.021264368515402098,-0.01375901607481469,-0.025220966065279883,-0.027403859123677238,0.050083470171708645,-0.04728472750794504,-0.015622881154811691,0.13488844602344352,-0.005178974140609901,-0.007329204082857974,0.11258904189846258,0.018538179271006434,-0.0036608325200732984,0.05256994746313083,-0.2060820455355439,0.12907734980099497,0.10393875393479192,0.1872254345980352,-0.1713964607106678,0.2555848409559525,-0.11449871122684217,0.04898350129053316,0.07728708147464543,0.014046697205597248,-0.021591718148825777,0.13432755447522587,-0.0036608325200732997,-0.120252187941657,-0.02126436851540216,0.05055953037345,0.026484741650680144,-0.04870861769565139,-0.012977730519032938,-0.01605655298456661,-0.03541373939718085,0.05279118961933366,0.029170491493252185,-0.06712578032693166,0.12851816958049542,-0.025781654077901534,-0.013759016074814716,0.2142226062202551,-0.01649183986993505,0.07603034094985346,-0.011012731609331201,0.13488844602344385,-0.1063625864555872,0.050151527389833694,-0.21271314046037956,-0.005178974140609898,0.007329204082858272,-0.027403859123677203,0.024686719364997254,-0.012183432360120183,0.1298442802395767,-0.07728708147464532,-0.0036608325200733027,-0.00732920408285798,-0.005178974140609894,0.18039903207666308,-0.008197114701856354,0.07728708147464558,-0.04222399926407861,-0.0063450983506704375,-0.019147886583015743,0.08821220628296934,0.04258345379346455,-0.016479394804867632,0.000320902367685453,-0.04278798947841217,0.009059231660732544,0.0715960957582866,-0.018077397493858078,-0.004148534346824262,-0.009705629743243375,0.05604942749226889,0.0015583795342933903,-0.05440712907101538,0.027093406556718925,0.02505104897084627,0.06259140814010009,-0.0036608325200732984,-0.043547724248266716,-0.014246861838281498,-0.0036608325200732997,-0.03366766188142887,-0.005178974140609897,-0.06497140850660645,-0.022348690482742083,-0.008197114701856323,0.07570820906490153,-0.07729989350232368,-0.021264368515402105,0.05657596696447488,-0.09873193286349875,-0.05260312218718597,-0.008197114701856334,-0.06488553856000003,-0.01272957337598226,-0.06388964737014202,0.0666701982129906,-0.0051789741406098955,7.382551197491168e-05,0.03785921860526498,0.005002663231010746,0.0012628435243087557,0.02834076922689072,-0.020251450391538084,-0.04222399926407862,-0.005117461466203745,-0.014754192379640036,0.010704646942591671,-0.028695542843757596,0.0865314282678991,-0.0073292040828580015,-0.01272957337598224,0.08773808758687572,-0.07096218688994253,0.021366408015375357,-0.014719189662786037,-0.028441172515793194,-0.0164793948048676,7.382551197492481e-05,-0.035199124732916344,-0.029694743507840172,-0.011612440601740631,0.22616409947915342,0.16277127765114704,0.17401931549018113,0.15229721436913593,-0.09810052333706372,-0.011006501896266199,-0.04213999220333769,0.014280944275849672,-0.017295750194832833,-0.015177449685580574,0.02285435674666052,0.009273204099161896,0.014426949560241731,-0.03955916804428996,-0.023705713170130552,0.035328793311484294,0.0027905638090464655,-0.015622881154811773,-0.012183432360120199,-0.0036608325200732984,-0.015653379408253804,-0.022509726607645122,0.02981056446177821,0.009899351399297714
ExterCond_Gd,-0.038513681140763534,0.0013273927466884168,-0.07513892413515745,-0.1846670502905049,0.0003982481136141165,-0.04012347421052327,-0.09678483026660364,-0.05811269536493508,-0.025247030515565122,-0.012468186697100538,-0.14750868182833052,-0.05426619829859501,0.031510805139008495,0.007466339421362498,0.07586794271892262,-0.05046730552645486,-0.07195290286697037,-0.013157894736842101,-0.03409507724929638,0.08455973859983584,-0.0142751574859674,-0.01520156512315927,-0.001381960465741727,-0.027681826617913283,-0.011845980040966719,-0.012554059619245151,-0.008833315666719676,0.006787764633056615,-0.008726721158229032,0.02418593140308825,-0.02198911024996294,-0.017471413945365267,-0.046808920021508965,-0.005534838682074654,-0.03159483967169411,0.04938271604938269,-0.0350877192982455,0.025716592460324157,-0.013317362075854,-0.04511788347949413,0.09823477436737414,-1.5805203028961607e-17,-0.06963337595442788,0.018885078113131455,0.006384727609467752,0.039298764071464376,0.02213207084761833,-0.026252235637134243,0.038759735859409915,-0.015201565123159236,-0.07865258809194707,0.12559520537397934,-0.026398183867422747,0.047878341926897904,-0.045216639124546834,-0.08339396144854369,-0.026398183867422712,-0.02581128664598338,0.050165114855074355,0.02892358360600475,-0.06640158940746635,0.0061855801585434175,0.02215963688146651,0.02376242282608782,-0.01035782921818456,-0.012345679012345656,-0.019540346058684915,0.014275157485967398,-0.01132059351352203,-0.008726721158229032,-0.01234567901234565,-0.008726721158229036,-0.008726721158229032,0.04938271604938274,-0.00158373233566895,-0.0394208263992722,-0.017555085325636127,-0.07147975836702386,-0.009371099999648259,-0.02557116013789326,0.006185580158543358,-0.0026402692028986655,-0.057037904146495434,0.06246602760497335,0.02767419341037321,0.010497700604741145,0.023762422826087815,-0.032214374804878314,0.009915581142096914,-0.012345679012345663,-0.058694365569712685,-0.00872672115822903,-0.008726721158229022,-0.008726721158229036,0.0765678068840608,0.019540346058684932,0.014275157485967431,-0.008726721158229032,-0.01234567901234565,-0.012554059619245127,-0.008726721158229036,-0.023962066288576795,-0.026704916607018025,-0.008726721158229036,0.11487593716012265,0.019191158953429443,-0.01234567901234566,0.04399697311237121,-0.08361751854896433,0.02885685806438034,-0.010357829218184575,-0.015125495013558036,-0.02313635599822605,-0.008799394622474203,-0.008726721158229036,-0.023002185311411752,-0.004581588469002914,-0.027681826617913272,0.11361234011581639,-0.008726721158229032,0.013869134921119441,-0.01954034605868491,0.006905219478789712,-0.07395290725419577,0.022052503353865306,-0.011471682953770386,-0.02727899763528041,0.07355105842078102,-0.0871857290578646,-0.032798849998768795,-0.06679051439030134,0.08186702569605753,-0.04661076726548901,1.0,-0.008726721158229025,-0.8945667598844362,0.0856755767906691,-0.13190559852541453,-0.025137607459333324,0.014275157485967454,-0.015125495013558045,0.037314471903303725,-0.0868732984315719,0.1207675160904111,0.1715799991443138,-0.012345679012345664,-0.169859553485023,-0.0031631120410177092,0.030634182157296068,0.014179257665354564,0.031770954343257385,-0.0545482095751073,0.03747000672539837,0.021423046355272365,-0.06706041672870094,0.04147377363432512,0.014056649999472374,0.005227994427996051,0.019355713613748535,-0.046029635634215534,-0.012474686476085394,0.02482796409079526,-0.023136355998226072,0.04938271604938268,-0.01747141394536526,-0.024086339269607262,0.06703395895478058,-0.008726721158229032,-0.01905902188500966,0.013884871856588236,-0.04575489174538871,-0.015125495013558076,-0.00872672115822903,0.07751874110586661,-0.026903141989407138,0.001863091619373005,0.029681061520523792,-0.01954034605868494,-0.03325837904904765,0.009083030539157426,-0.0113205935135221,0.07854049042406151,0.027116307227332066,-0.00460819707048057,-0.015480172920689447,0.03928371006591928,0.009457444229385626,-0.06276259493503089,0.0020145124437696785,-0.03645389599162436,0.002916915070792721,0.08431619628390523,-0.06144459326185519,0.10246940759186376,-0.010243084731050013,0.014056649999472365,-0.015125495013558057,-0.002166879031218038,-0.03731447190330376,0.061255216486646585,-0.023136355998226082,0.01586854523051824,0.03218696997235117,-0.01662515560179387,-0.012345679012345658,-0.026207120918047975,-0.016936249412029973,-0.06224124424477114,0.023762422826087867,-0.012345679012345656,-0.019540346058684904,-0.008726721158229036,0.026207120918047964,-0.01234567901234565,-0.02625223563713425,-0.019540346058685005,-0.019540346058684935,-0.10065389928176882,-0.015125495013558038,0.07617109990492417,-0.017471413945365284,0.02022990430114683,0.01964185503295965,0.060687585953497235,-0.10199834356035074,0.013365487321795043,0.060094225276938154,0.010773260339714257,0.0202610224618277,0.042967518282419896,-0.012554059619245158,-0.020166476810795145,-0.001835941304337892,0.023930812325850988,0.036432779210618396,-0.023136355998226065,-0.00872672115822903,0.038172068294329425,-0.011320593513522069,-0.008726721158229034,0.09028938981432678,-0.01234567901234565,-0.05053266964745513,0.04661561008238451,-0.0195403460586849,0.06890818588289353,-0.07224406504830334,0.010752459831121278,0.11084998589888038,-0.04788725255653292,-0.08382808709153115,0.05862103817605488,-0.06396829222122005,-0.03034485645172021,0.030336306437053352,-0.027674193410373225,-0.012345679012345649,-0.0024638016499545137,-0.005279195326130271,-0.000772941794642955,0.023706713032125737,0.016286531882750643,-0.008712717187172661,0.02310089491712728,-0.037078675090699884,0.020039381318108406,-0.029266201488092884,0.0011594010031934878,0.04411380220948322,0.026207120918047954,-0.0050574760752867065,0.08882343081210639,-0.08995476339179953,0.08050764858994125,0.030701754385964893,0.037405952669562315,0.03928371006591927,-0.039420826399272205,-0.06461876493603456,-0.048314637239396815,0.027681826617913328,-2.1775842048323248e-17,-0.019540346058684998,-0.026398183867422785,-0.020038324409122777,-0.2443718961887294,-0.0012083006341398982,0.1741509411328435,0.19823284470029304,0.22114135644281652,0.02766715297436024,-0.015584535824067136,0.04379398714799065,-0.02657824059757041,0.0005464488217089844,0.008881515794978189,-0.046541003233164804,-0.009054339514690644,0.04551793416645803,-0.002640269202898609,-0.00872672115822903,0.016939913472979698,-0.0022491738614761076,-0.015155909315103794,0.03163156436803424
ExterCond_Po,-0.015541642321375691,-0.01355687413975303,-0.05869022413316509,-0.02711251920750854,-0.023931606047878515,-0.014942331805524234,0.009528104221113935,-0.019665756367579085,0.009712729758189535,-0.010439348493461481,0.026479370841882666,-0.05793573266068849,0.03526090919665672,-0.018443486658914026,0.021458729804205472,-0.03442364705471658,-0.005651216278606726,-0.002755806681546017,0.013564816774682806,-0.010968312182333467,0.0016817668047427934,-0.004450133961766881,-0.0044501339617668756,-0.0021741442384047524,-0.034424396032933145,-0.004930009996542095,-0.0041626376672082395,0.008826004456815771,-0.0006854009595613451,-0.006867693918983,-0.004774745214234098,-0.0013722134196707803,0.016304014980018128,-0.005651216278606704,-0.0024814742026844443,-0.0009696356842476735,-0.0027558066815460136,0.12871594931750674,-0.003660832520073306,-0.008858951738437822,-0.004980832596595437,-0.007099093560413926,-0.006261653917248713,-0.004221538613690466,-0.0028416046134726322,-0.00487873115994784,-0.011174552347320127,-0.002061863461668549,-0.0060061414163966155,-0.004450133961766879,-0.0061774128418632035,-0.0075827681620618285,-0.003455543845419885,-0.006049320559056104,-0.005372535479949052,-0.0065498026305739,-0.0034555438454198766,-0.004279710124597741,-0.002281048418519262,-0.006345016128972188,0.010430426793999054,-0.0019432739968373667,-0.003006195110681859,-0.002281048418519263,-0.0035252056082745167,-0.0009696356842476735,-0.0015347083625049962,-0.0016817668047428942,0.0026673748993304544,-0.0006854009595613439,-0.0009696356842476738,-0.0006854009595613451,-0.0006854009595613451,-0.0009696356842476735,-0.0038560005446603607,-0.005031212937271014,-0.004560596574554106,-0.007619075019517851,-0.002576037764248539,0.026324011609458502,-0.001943273996837365,-0.0022810484185192634,-0.017334820079736798,-0.004221538613690468,-0.005651216278606717,0.013842829614158208,-0.002281048418519267,-0.01292174963609975,-0.0018171407467263534,-0.000969635684247675,0.0035252056082745557,-0.0006854009595613438,-0.0006854009595613427,-0.000685400959561345,-0.002281048418519266,-0.0015347083625049933,-0.0016817668047428927,-0.0006854009595613451,-0.0009696356842476731,-0.004930009996542104,-0.000685400959561345,-0.005466739938600007,-0.011086348305829701,-0.0006854009595613451,-0.011027392985252954,-0.007399389449496115,-0.000969635684247675,-0.0034555438454198745,-0.019326804978071613,0.06459330585750803,-0.00352520560827452,-0.001187963796271549,-0.0018171407467263568,-0.0034555438454198814,-0.000685400959561345,-0.00541980874555028,-0.010640988927468533,-0.0021741442384047524,-0.0108497621985068,-0.000685400959561344,0.07976013621406532,-0.0015347083625049975,-0.0035252056082745093,-0.019008973976824436,-0.010339601285233214,-0.0042797101245977305,-0.01733482007973676,0.021498233451590198,-0.008115685828958828,-0.0025760377642485345,-0.018550222904885023,0.020472135038167253,-0.0036608325200732975,-0.008726721158229025,1.0,-0.07025971203838705,0.029882556462816567,-0.023354965043271503,-0.003384548602189006,-0.0016817668047428933,-0.0011879637962715496,-0.004102975692480469,-0.022429032789825464,0.02780870573622095,-0.0056512162786067095,-0.0009696356842476727,0.007546340883836821,-0.008322484427420753,-0.007619075019517852,0.018010341519502385,-0.00879298422936345,-0.016581607676717295,-0.006049320559056101,-0.008288247534334282,0.038175834392618256,-0.003981230636748925,-0.002576037764248533,-0.004722006332554308,-0.005130699434093792,0.009376899469075835,0.003919071974872753,-0.0029250007138830686,-0.0018171407467263581,-0.000969635684247675,-0.00137221341967078,-0.0048787311599478335,-0.011640698006801332,-0.0006854009595613425,-0.016859876533275715,0.006906656085580629,-0.0035936116369826685,-0.001187963796271547,-0.0006854009595613435,0.008010999925671903,0.15802910828402078,-0.021437070970360426,-0.0263600979873012,-0.0015347083625049962,-0.0038560005446603577,-0.004042518814132184,0.2569571153021635,-0.0006854009595613442,-0.09654767242162939,-0.0039812306367489276,0.015805664849522942,-0.0030853618542539428,-0.013676117199022989,0.01915318426046091,-0.0030061951106818553,-0.006630352749378727,-0.002061863461668544,-0.01572273068983411,-0.016692827395315493,0.027808705736221146,-0.004826981389391319,-0.00257603776424853,-0.0011879637962715467,0.00578638322125047,-0.004102975692480473,-0.0020618634616685525,-0.0018171407467263568,0.005081164323863801,-0.003791970610339498,0.007834487246047277,-0.0009696356842476744,0.0013722134196710331,0.1335882111914049,-0.08593394321549638,-0.0022810484185192656,-0.0009696356842476741,0.0015347083625051553,-0.0006854009595613451,-0.0013722134196707811,-0.0009696356842476728,-0.002061863461668546,-0.001534708362504993,-0.0015347083625049933,-0.007905406612684216,-0.0011879637962715502,0.010217924776423736,-0.0013722134196707762,-0.0023832999075658503,-0.003085361854253943,0.012243190039424479,-0.008010999925671855,-0.022840718869156493,-0.010670919830219444,-0.003384548602189013,-0.007691334763116884,-0.0018171407467263575,-0.0049300099965421005,-0.014921863748069005,0.023648099790928093,-0.010820041563130888,-0.003162653435841252,-0.0018171407467263573,-0.0006854009595613439,-0.021498233451590194,-0.0026673748993304145,-0.0006854009595613443,-0.006303442627650204,-0.0009696356842476734,-0.023452358425057673,-0.007655263288873442,-0.0015347083625049933,0.029225246652764332,-0.027580359124843905,-0.003981230636748937,-0.0152255560306322,-0.02979939192212712,-0.009848642412709436,-0.0015347083625049966,-0.01991032635418298,-0.0023832999075658525,0.00578638322125053,-0.005651216278606708,-0.0009696356842476727,-0.005031212937271008,-0.007325140422603416,-0.008559719094491979,0.064960908501788,-0.011986129886989714,-0.011437603779197536,-0.00790540661268422,-0.005559611258532551,-0.006670350116675795,-0.006261653917248706,-0.005372535479949051,0.11754695236741401,-0.0013722134196707803,-0.002383299907565846,-0.008660154807472389,-0.013285926280496392,-0.005419808745550277,-0.0027558066815460175,-0.005324910884747051,-0.0030853618542539384,-0.005031212937271014,-0.006590171425590699,-0.005559611258532543,-0.002174144238404754,-0.0037919706103395,0.44660013348895305,-0.0034555438454198766,-0.005276925300178227,-0.029675189676157135,-0.011957466072516326,-0.01058101723207172,-0.0059627124922663945,-0.003238204346926629,-0.0028416046134726396,-0.006984097494435159,-0.012611871170170175,0.04247194611746373,-0.014120139929614802,-0.010034112259086153,-0.006092255364600983,-0.00477474521423411,-0.002925000713883077,-0.0022810484185192665,-0.0006854009595613439,-0.014120139929614821,-0.013425492577827745,-0.014369255787343868,0.07094223940387102
ExterCond_TA,0.04969565441084999,0.01168205698879962,0.13124506013673798,0.25533412011130624,0.05975350371590919,0.06376006218891245,0.09192016340064972,0.10654770980141304,0.05500568543232422,0.036162862553101444,0.15473027979794698,0.12195445327549165,0.004219034202998506,-0.0005838015683418331,-0.08036156661971942,0.105222033981493,0.08043323997000022,-0.0009915962934919518,0.06830103483784589,-0.11407800279193754,0.008785656611804003,0.012653783049124963,0.012653783049124883,0.030944394380906282,-0.01836045303122041,0.012614539773211612,-0.008247163330240639,0.005768976827336719,0.009755248629354932,-0.004603444666297284,0.020519147935081524,0.019530587015800134,0.033857117787868554,-0.0007647066894294016,0.013034606211459982,-0.04279778570429941,0.039223142275908486,-0.07426202770190148,0.021577700191313033,0.0640360298554215,-0.08872789668508062,-0.03156104130793331,0.07986841697074981,-0.09975203027368033,0.0014167532751405126,-0.035173059838979025,-0.0032960921185741132,0.02934631244349574,-0.02017058416856643,0.025324923825340857,0.08792254711331739,-0.12709096918210902,0.0007736563088791202,-0.037964275728034666,0.03394479435558443,0.09322273662316366,0.033046176622114044,0.03461686773771497,-0.04015961953663777,-0.056008766641739566,0.08290144412380704,-0.0006992302128472697,-0.01262605673984162,-0.015951095786228654,0.018517084267320197,0.013800735245226979,0.02184336254703818,-0.041507745012910525,0.0450739579706003,-0.07025971203838706,0.013800735245227078,0.009755248629354943,0.009755248629354963,-0.042797785704299623,-0.09032969056467496,0.03772303998793161,0.027765500625265477,0.08503462498675185,0.01518369667382151,0.0356394415714244,-0.0006992302128473439,-0.015951095786228536,0.06936704220457272,-0.04647309696489166,-0.02106419335428688,-0.004517714758275295,-0.08857666703745604,0.03622790719330526,-0.004441993640538051,0.013800735245227165,0.04479659964436007,0.00975524862935478,0.00975524862935467,0.009755248629354939,-0.06436814328704676,-0.013989569271698614,-0.008785656611804025,0.00975524862935496,-0.04279778570429938,0.0011037722301560015,0.009755248629354929,0.03595860776360806,0.03536281137872727,0.009755248629354963,-0.1063713624214997,-0.00666161205630037,0.013800735245227192,-0.09604390463082668,0.10421524426581599,-0.05342820059136334,0.018517084267320086,0.0169081791229445,-0.0044419936405379525,0.0007736563088790022,0.009755248629354929,0.0349584126809563,0.013424603218584843,0.030944394380906137,-0.1060030972096093,0.009755248629354818,-0.00485822720637337,0.02184336254703828,-0.044796599644359926,0.09443056326674126,-0.036654254038808384,-0.004826909757392141,0.05572413044633148,-0.10537365924072772,0.10070605779566606,-0.09222035925534364,0.10870487700741133,-0.0972481345776141,-0.37526798743574535,-0.8945667598844362,-0.07025971203838705,1.0,-0.07054845707747674,0.16806045274240639,-0.034144363108201285,-0.041507745012910297,0.016908179122944463,-0.06477129486671157,0.1285697032042585,-0.16091425844980525,-0.1428611133434318,-0.09939630665382605,0.20722706441254846,0.009693969263256587,-0.01639556494842593,-0.041152133070376504,-0.034375321544915564,0.08781178925819937,-0.028420914405216182,-0.03481074241339625,0.017663572424796912,-0.027840264467105944,-0.006297114512011424,0.0072887882154605114,-0.004619128299800277,0.018211483618185722,0.03000513978357378,-0.015280389521891391,-0.03474718389841385,-0.042797785704299485,0.01953058701580013,-0.02354954979712536,-0.07114958808695797,0.009755248629354795,0.0008315496401855372,0.07144465457320016,-0.011004277856550232,-0.029320175782484394,-0.07025971203838707,-0.0017935702483240148,-0.09406329903283354,0.04460200121779389,-0.04350296864177616,-0.013989569271698619,0.025839741916650966,0.002015499180493031,-0.06583357268261167,-0.07025971203838707,0.03156104130793341,0.014412111959062971,-0.012054931135286108,-0.046134024781542,0.016120173015538256,0.06564652989552319,0.005844928069946904,0.050389682119204034,-0.024143845068993443,-0.0939937809951299,0.08981487121915485,-0.15671989264717892,0.021742761722490456,-0.027777925697844413,-0.0755485306879127,0.01698308148169543,0.0036556881328535787,-0.05088892382523788,-0.0347471838984139,0.028409684955919536,-0.04932160061724306,0.10952378597496132,0.01380073524522712,0.020518088606486407,0.01756484314003048,0.05167869532792296,-0.01595109578622846,-0.0427977857042995,0.04982250109043517,0.009755248629354923,-0.020518088606486528,0.013800735245226998,-0.05088892382523776,0.021843362547038017,-0.013989569271698636,0.11251692304638256,0.016908179122944615,-0.06508275086224559,-0.02051808860648665,-0.035636409015005685,-0.010114946609856781,-0.059694591339925565,0.11401982292917665,-0.017198346273029116,-0.08768768308194015,-0.001217830652472344,-0.014378283501005111,-0.03474718389841372,-0.010406995312899502,0.017744007912867493,0.02113433068575708,-0.029838286649672304,-0.04289432688042977,-0.004441993640537992,0.009755248629354823,-0.009869644700829445,0.017204886165434034,0.009755248629354845,-0.07585565040980247,0.013800735245227074,0.07264446409201984,-0.03092516719533884,0.021843362547038104,-0.09583991648677115,0.10327146026201048,-0.013756138991716235,-0.12048345478992822,0.08638097927141918,0.102061608490428,-0.04982250109043528,0.08787425899707332,0.033921287725513595,-0.002884946533749566,-0.0007647066894295896,0.013800735245226936,0.003837290367927293,-0.008686328772886907,0.0013494563089751239,-0.024929256520468707,-0.028509940083790892,0.0144296073939851,-0.000953357609160673,0.037920597398666704,-0.01880551341771931,0.024349663386892817,0.012683790597903833,-0.0847200379017199,-0.020518088606486504,0.01073538881200687,-0.1154496918279777,0.11647419785084503,-0.09158526297407531,-0.04120633486289269,-0.02067238730808155,-0.028124485695699347,0.03772303998793161,0.07611112594679648,0.05852501578424684,-0.01981831999676005,-0.09358975854829338,-0.08565543290917232,-0.04763512416097384,-0.04377851673442849,0.27467634953593917,0.009546031991843253,-0.138629991515802,-0.1858380230007633,-0.24602803589134006,-0.01809701825037929,-0.0014623317445067025,-0.04000785013785023,0.018797114804604043,0.015587047708975146,0.0050027584199389095,0.020329879543294446,0.008659307877591827,-0.034250941139205335,0.008257427964180863,0.009755248629354823,-0.004454422705030798,0.005480522869330415,0.001033391276950708,-0.03650740028189404
Foundation_CBlock,0.005913847518414992,0.0663396418307261,-0.42976089877047147,-0.2905737757332621,-0.40963040347931207,-0.06574146913091414,-0.24548392050616155,-0.1117523776107153,-0.09332088877382896,-0.26678661333237497,-0.36817009679670043,-0.25466250648321137,-0.08238549045856804,-0.17028044242184653,0.048542423912240805,-0.3432629994446493,-0.1891142173742268,-0.01258223665941062,0.13593613690190856,-0.05298619565470978,-0.07332276209852931,-0.12382757514839532,-0.09873435875393015,-0.03924708919554608,0.058282092566785654,-0.06619998639947658,0.07455694879211873,-0.0013569398501317054,0.029882556462816606,0.0291694063878295,-0.05017973672096496,-0.04592021507190147,0.0005315301899849636,0.05878556477951574,0.03463899459569487,0.042274806707940676,0.12014945064362088,-0.07206870537479529,0.06892763165119126,-0.20088134234468558,-0.00862939237140387,0.04144298419227317,-0.19732586221193657,0.025787467775657238,0.07236481998869915,0.043903411820955,0.4029946092379437,0.0898944631641042,0.20479580902327285,-0.1405563860780389,-0.2005405713562178,-0.041731245447090545,-0.08368214627550052,0.2007450843266703,-0.04645870122627231,-0.21918481568750425,-0.08368214627550025,-0.021709734874385784,0.019548627295064253,0.1076088847243937,-0.10509958497700915,0.06600480980383297,0.04571527636649239,0.01954862729506419,-0.0552772415692671,-0.03244821725524745,-0.02770415822851708,-0.03467888506032139,0.020743310490319446,-0.022936490069522645,-0.03244821725524746,0.029882556462816606,0.029882556462816613,0.004913294726346623,0.024331775518441078,0.12242401464713483,0.0353692471736747,-0.13135705812534612,-0.029486209732421366,0.12364273052578983,-0.027591754214811345,-0.028392575141879407,-0.222864829288759,0.11371297677252698,0.12578550590214913,-0.08184814041822604,-0.028392575141879435,0.06895829237596114,0.03921508400418859,0.004913294726346605,-0.07010562641280935,0.02988255646281656,0.029882556462816536,0.029882556462816613,0.05150942891969321,0.04325736986557922,0.008521773803218878,0.029882556462816623,0.004913294726346627,0.05537483139075715,-0.022936490069522666,-0.031002592339459463,0.27168723940468525,-0.02293649006952267,0.10609319710753841,0.21700726642057877,0.004913294726346624,-0.06237858331783164,-0.42985855612644985,0.04185919493100506,0.038759909417290406,0.05179361762286719,0.05921998360101455,0.04413923147051245,-0.022936490069522666,-0.03518698583643834,0.24208985668438596,-0.005737878537360521,0.10186239057068378,-0.02293649006952265,0.2580666173506816,-0.027704158228517062,-0.07617438623294655,-0.4297595095819735,0.05441470333177889,-0.02170973487438577,0.056317627772110995,0.02912495335045394,-0.1738643420659833,0.041412779413387425,-0.45379650041727826,0.4857451783042828,-0.02175209200686379,0.0856755767906691,0.029882556462816567,-0.07054845707747674,1.0,-0.7815584678082184,-0.1132616818243263,-0.056279214492091535,-0.039754423211740636,-0.028896202600255657,-0.34223383709407845,0.48759799628507944,-0.06851432335348734,-0.032448217255247463,0.05003152602398055,-0.020049736202903883,-0.033498942527615344,0.0818602260803933,0.25058659396168304,-0.31338911575289374,0.11254910969772315,0.23649440748077089,-0.2512151989553796,0.13638773124669987,0.013053183755064009,0.15840893714054233,0.1504717472458657,-0.2608153099961759,0.05564530316199641,-0.022746782991664695,-0.04080451438311453,-0.03244821725524748,-0.04592021507190142,0.005539166394456146,0.07573543950114109,0.02988255646281656,0.41328541784590406,0.0406380798345616,0.0028241413082345486,-0.039754423211740615,-0.02293649006952266,-0.07763407770092282,-0.016588539927451934,-0.36498731607299073,0.4527888183529799,-0.004050315530484922,0.10101691800505479,0.05713449264203965,0.03407159143885044,0.02988255646281658,-0.10162149469208381,0.099199181873242,-0.05198133495858786,0.06318744934497691,0.030576620591216335,0.002991170504323513,0.03352230897608696,-0.14639841304029508,0.05458482737728908,0.0499264042442025,-0.07697683028905687,0.27163454081383426,-0.05303710443716426,-0.0011266140740977776,-0.03975442321174064,0.04937055315243652,-0.01082834144549194,0.0369300094838814,-0.04080451438311448,0.00011132765076912353,-0.01974824071905096,0.05086378592026045,0.04227480670794072,-0.0069532186859660415,0.12850580094081013,-0.13955177432248356,0.06748982973200784,0.004913294726346636,-0.04325736986557929,0.02988255646281657,0.006953218685966167,-0.03244821725524745,0.019275191590473827,-0.004050315530484999,-0.027704158228517083,-0.2595556473857524,-0.00923840960020471,0.14202020569064994,-0.019483498192967703,-0.003228800114404867,0.02752236840026052,0.12882189639816632,-0.25326637897464477,-0.20366019823720866,-0.013138697316751468,-0.004585252103298198,0.07474060872024471,0.019210184407362836,-0.03580628195191816,-0.0014784352537023178,0.03574155825644059,-0.04108258636831391,-0.012989049003594561,0.039215084004188605,0.029882556462816578,0.018773359806070547,0.04777531692114293,0.029882556462816623,0.12302092278571188,0.004913294726346648,-0.14530839225036046,0.08239448282593714,0.019603527167547128,0.3968842587808001,-0.38606729990103844,-0.04955501562059107,0.27270473484873464,-0.0858908878076746,-0.2792601325340695,0.01960352716754716,-0.12424477097570599,0.07329795584389227,-0.055550855293789385,0.05878556477951584,-0.03244821725524744,0.010581618486103103,-0.010811383725051589,0.026999445695417987,-0.0023368412416526125,-0.017759556645418194,0.012755299065142368,-0.004884111644355483,-0.029634017593750586,-0.003742335790547017,0.01645846461310606,-0.018389301768230715,-0.051857019945200256,-0.01948349819296765,-0.01853415130606436,0.002171262133677561,-0.23572499347012185,-0.0769536519512351,-0.05240174285032024,0.11895794644570118,0.0750758096598822,0.1224240146471348,-0.16799866445101658,0.024771094870098355,0.0445259374499178,0.0192145044834009,-0.004050315530484972,0.012183887034009246,0.09451494000655752,-0.3524058854579724,0.22513999545423632,0.16697681594965383,0.04936000961226267,0.016408484752633484,0.020839515339344982,0.06590687717747895,0.14696030958666512,0.09414675366302339,-0.10539786467612897,-0.12076112982170276,-0.07867665687017923,-0.06583744469544857,-0.04779226049379932,0.0035682264827497138,0.029882556462816578,-0.019405023187373093,-0.003440614347550012,-0.009092430821884222,0.05108303302263937
Foundation_PConc,0.06139714704912736,-0.03372674568364349,0.5682106716460709,0.6511992774741339,0.569728388934944,0.189235809594964,0.2586874053033983,0.3077008479592464,0.19718828347759307,0.29276399367510625,0.5933756311123088,0.3888714024534485,0.1721613812916477,0.2283208671155793,-0.061322025868720285,0.4977337525869374,0.24197065883576668,-0.040928713131304105,0.04365728043378617,-0.1609649162471855,0.05730602560119302,0.0737010106728028,0.09873866108363613,0.04293879508904198,-0.1485577751974353,0.08220324148696821,-0.052931726459208656,0.04112655754739221,-0.02335496504327152,0.02440279368069898,0.07164660021521335,0.032376500795220524,-0.006743061843995867,-0.05217628266503096,-0.04052373281954365,-0.03304023315754673,-0.09390382055302743,-0.11791122537648388,-0.044316769800588345,0.2839517284224662,-0.07209698037236344,-0.09997571887499546,0.24372964905026565,-0.09120999580666916,-0.04541616808124665,-0.013125077896189337,-0.3311268533693646,-0.0702577788949797,-0.14772114558177152,0.18219749578641453,0.2583322769404525,-0.1809851006629648,-0.022093541012309207,-0.1621296193151809,0.06199479984875651,0.28044583318530275,0.11607298564786504,0.053347475617530976,0.0019985873824665693,-0.11983377179896829,0.1468905020097064,-0.04753899436978422,-0.029439974766199875,-0.013946426707157386,0.025835085296546646,0.04151732543599,0.018509367345321538,-0.03575352756468063,0.04987037637794065,-0.023354965043271503,0.041517325435989974,-0.023354965043271517,-0.023354965043271517,-0.03304023315754673,-0.09313514369819598,-0.14911910066020673,0.007702783654177882,0.20289281715553315,-0.0594814170909152,-0.03785535335161839,-0.028861133288006862,-0.06178146897602929,0.2659777649811926,-0.08243691497935922,-0.0722317559491764,0.017901628887381123,-0.029891440796781254,0.011321656117613365,-0.06191887832438901,0.0042385461392216274,0.057568396257810725,-0.023354965043271503,-0.023354965043271496,-0.023354965043271513,-0.04583645488640539,-0.028693560731830273,-0.014201029528167984,-0.023354965043271517,-0.03304023315754672,-0.09217356515437045,0.029347119907542116,0.06868807438704956,-0.18577170982643007,0.029347119907542147,-0.16377672900712026,-0.16784357651702758,0.004238546139221621,-0.053978124087734086,0.5620493916703393,-0.20710173718410868,-0.0784192666463999,-0.04047974043157276,-0.061918878324389005,-0.04334992972925914,0.029347119907542116,0.07231136035859527,-0.161002460944206,0.02622129086770831,-0.1552909483453724,0.02934711990754213,-0.20905705349899364,-0.005092096693254397,-0.05756839625781065,0.5616080675314059,-0.2272136051630323,-0.04191163694835151,0.08925421470559439,-0.21204969841006444,0.24998762897898352,-0.0736298154214358,0.586748048121457,-0.620836170744861,-0.09458283871673093,-0.13190559852541453,-0.023354965043271503,0.16806045274240639,-0.7815584678082184,1.0,-0.11532813485112002,-0.05730602560119304,-0.040479740431572736,-0.09473883180804657,0.4943156212704998,-0.6381715801861698,0.08152687256260434,-0.03304023315754674,0.02400226511275482,0.09368752499444671,0.02302704295186676,-0.19241051001173917,-0.23566335621227644,0.4537622996551576,-0.13070080681847857,-0.2488789054511382,0.07700293297460815,-0.1078303621588136,0.011260574561688379,-0.1214359820249866,-0.11638189190201849,0.19790041393618166,0.13354196211483788,-0.09966908927002946,-0.061918878324388985,-0.03304023315754674,-0.046758026818097445,-0.13561881327572695,-0.13295962639963782,-0.0233549650432715,-0.4200214847411438,0.19062197724683436,-0.0917495784004125,-0.010031300951873573,-0.023354965043271503,0.2187673332742245,-0.07937955916483097,0.4790716801896471,-0.5535084174703443,-0.052295024770406116,-0.12182839328658307,-0.10117913666898715,-0.06354375656794888,-0.02335496504327151,0.17093828971446476,-0.07072416246477842,-0.031696028461201675,-0.0695472733221995,0.048023117347560484,0.20416797883243987,-0.04160594226086495,0.1911996290115623,-0.07025777889497967,-0.29208451187630025,0.20375730248811905,-0.4889894980604717,-0.1335490538789105,-0.017036222099353005,-0.04047974043157278,0.13828279172952457,-0.11276668380410342,-0.03502633215389419,-0.04195827723063598,0.12890964991215298,-0.07089629642956873,0.16655731039328908,-0.03304023315754674,-0.005998324924114629,-0.11638189190201849,0.148131741823636,-0.0777264830656531,-0.033040233157546735,0.052295024770406276,-0.023354965043271517,-0.020379850946991483,0.04151732543599001,-0.0350263321538942,-0.005092096693254437,-0.0050920966932544035,0.32852433237819495,0.020417138527825732,-0.19325256091817902,0.0059983249241145,-0.03539631385460725,-0.033961168514812436,-0.1577199742991902,0.3232990668467423,0.10958473646851766,-0.1979301510665723,0.014794799370390955,-0.0734436971331995,-0.0020370750431295656,0.044295240043198805,-0.05015109833649276,0.06016893023198479,-0.021057629044927275,-0.03828598645436252,-0.04195827723063596,-0.023354965043271503,0.09959735026481233,-0.02252361599792437,-0.023354965043271506,-0.09361752287428078,0.004238546139221632,0.2134894782586047,-0.07146661960466737,-0.0050920966932543965,-0.4884130004166376,0.4795371603993751,0.04059443661732719,-0.38872824551939705,0.17753429083913402,0.3421997094083959,-0.028693560731830235,0.21437438699412228,-0.05066777314176049,0.15136892576667155,-0.1524536490857575,0.004238546139221619,0.021992825261394604,0.021392911955796963,-0.03493587104438834,-0.017509290633161947,0.01778759800489323,-0.021412547486199945,0.014626714401480733,0.0344809704369667,-0.019826773000076518,-0.006148864868053472,0.033987556782558735,-0.1467037471835646,-0.020379850946991487,-0.05066777314176051,-0.1841105929491223,0.3536188978697107,-0.09438535457332427,-0.04092871313130422,-0.06849546537698947,-0.057685238386403784,-0.14911910066020673,0.22975359285546462,0.027695390596291242,-0.023931221796292763,-0.09033452981683061,-0.02869356073183045,-0.0858627071631589,-0.13709960238803784,0.5202083318648136,-0.25420979390350407,-0.24148374372905776,-0.12676430813789538,-0.08770573205436792,-0.006857762150667,-0.077428930573821,-0.16174279286849974,-0.056013699664547854,0.11287448548562747,0.10781359006696754,0.060983772989904025,0.05602356439799129,0.050271014114043784,-0.029891440796781302,-0.023354965043271503,0.033672251242152985,-0.002437519847740536,-0.015641427628433575,-0.027811023564769288
Foundation_Slab,-0.023960684075163392,-0.018128937544168357,-0.16903243536385107,-0.050030826735093833,-0.12339564456666219,-0.03696475765075346,-0.1660170992999693,-0.3117135490696135,-0.014789383529594453,-0.04331582412120961,-0.03383889168368182,-0.05923971550276934,-0.07350944404077019,-0.07407740775292945,0.045141873667938315,-0.11974016023647908,-0.02790602477222562,0.0381316714655677,0.014234967200919362,-0.008819982211607728,0.008304659351284343,-0.02197501253790391,0.010630188991912827,-0.010736046894010056,0.05360032732336523,-0.024344667467716068,0.01417937779172673,-0.009798931639227683,-0.0033845486021890085,0.009981503470064794,0.0069396126977671665,-0.006776067273708072,-0.015523198025291606,-0.0017888477418093528,-0.012253659594288946,-0.004788115706539687,-0.013608328850165406,0.028863733753337683,-0.018077397493858047,-0.04374600342313353,-0.024595632333712446,0.0928976698333281,-0.0071103874031684606,0.01342795496120797,-0.014032003877931333,0.005818003154000062,0.049253767906896666,-0.01018159808466139,-0.029658665124169988,-0.021975012537903946,-0.030504413084646822,-0.03744413693271552,-0.01706367043796341,0.019241800548616423,0.0828871494189341,-0.03234329486802915,-0.01706367043796342,-0.02113345001625286,-0.011263945765943816,0.03926176331426768,-0.01115964111065614,-0.009595996617622898,-0.014844761037798136,0.051029087636624317,-0.017407664152601064,-0.004788115706539689,-0.0075784764678596345,-0.008304659351284396,0.01317164772109541,-0.003384548602189006,-0.004788115706539688,-0.0033845486021890077,-0.0033845486021890085,-0.004788115706539688,0.018324545856868546,0.26580337047618025,-0.022520483151108828,-0.03762342224292488,-0.012720619795679093,0.05457549976496077,-0.009595996617622869,-0.01126394576594381,-0.050494570445109584,0.013427954961207989,-0.027906024772225684,0.016214174386988356,-0.011263945765943814,-0.023091475569427283,-0.008973143513323178,-0.00478811570653969,-0.023321806460856537,-0.003384548602189006,-0.003384548602189003,-0.0033845486021890077,0.051029087636624205,-0.007578476467859624,-0.008304659351284402,-0.0033845486021890085,0.14085040370070875,0.09413271420850189,-0.0033845486021890077,-0.026995070198852635,0.005260782060941942,-0.0033845486021890077,-0.02433923809662826,0.04578602659647845,-0.004788115706539689,0.024457927627747532,-0.050343712215458615,-0.02145088867144895,0.023321806460856517,-0.005866232239732001,0.069007746542938,0.024457927627747553,-0.0033845486021890077,-0.026763321320156644,0.00922301544465281,-0.010736046894010047,-0.023116442935261584,-0.0033845486021890064,0.03028160237488012,0.08462632055776588,0.023321806460856475,-0.05987770741335155,0.012008455639466285,0.046530666263855,-0.03879265411973503,0.062227274464555685,-0.040075714434055124,0.09782762366676971,-0.08018307609389742,0.06779040644781177,0.13902379501228926,-0.025137607459333324,-0.003384548602189006,-0.034144363108201285,-0.1132616818243263,-0.11532813485112002,1.0,-0.00830465935128442,-0.005866232239732005,-0.020260725420763563,-0.11075582915121522,0.13732095763106153,-0.02790602477222566,-0.004788115706539692,0.037264256977956094,-0.041096897578891685,-0.0376234222429249,0.08893608239736164,-0.04342025214205796,-0.08188091408596435,-0.029871886166383553,-0.040927833869507234,0.18851442375223465,-0.01965954146785035,-0.012720619795679046,-0.02331753364133415,-0.025335683231356636,0.04630365853476318,-0.1645978819411297,0.03437093852989519,-0.008973143513323208,-0.0047881157065396895,0.405434691876865,0.15536526732372002,-0.013953202364530553,-0.0033845486021890072,0.04691199998497003,-0.1624496784739327,0.14218273556530978,-0.005866232239731995,-0.0033845486021890085,-0.11445670653061223,0.07880448940915087,-0.09486828057843714,0.085302610194265,-0.007578476467859642,0.05569023992255017,0.05147112650542889,0.14708339955223243,-0.0033845486021890064,-0.11422323554978403,-0.01965954146785036,0.017177509096773312,0.031106202220275256,-0.028156912734728607,-0.05236867773615684,-0.014844761037798151,-0.01010756081717142,0.12745852417094639,0.04440377384477434,-0.05866472442390655,0.11573519125064033,-0.023835906393700524,-0.01272061979567908,-0.005866232239731991,0.02857348675984806,0.014954344953420715,-0.010181598084661408,-0.008973143513323177,-0.0037084294809704814,0.01924510269175818,-0.09859847478225445,-0.004788115706539688,0.006776067273707794,-0.025335683231356584,0.020063296386016963,-0.011263945765943808,0.14085040370070867,-0.08462632055776592,-0.0033845486021890077,-0.006776067273708061,-0.0047881157065396895,0.05863846304314252,-0.007578476467859635,-0.007578476467859629,-0.039037343802115536,-0.005866232239732003,0.034552810305294196,-0.006776067273708064,0.16721601920586554,-0.015235690883400084,0.018344947569823116,-0.03955876953823,-0.03667273148086534,-0.0064600331918315155,-0.01671309192200555,-0.037980244933031926,-0.008973143513323208,0.00527467795133847,0.05152461704777292,-0.08897616276983963,0.05338816811106154,-0.01561736107334227,0.06900774654293793,-0.0033845486021890064,-0.106159489512066,-0.01317164772109541,-0.0033845486021890077,-0.031126755276278065,-0.004788115706539688,-0.05077782250208244,-0.017805347299248535,-0.007578476467859626,-0.01826219932092435,0.014837038049006665,0.016581532450156585,-0.02560489139100542,0.026668156587442968,-0.04863315180172538,-0.007578476467859628,-0.09831831469028722,-0.011768869386923057,-0.25260923221267606,0.2593829225623539,-0.004788115706539687,-0.024844413297953363,-0.015412893466435741,0.030677048119298892,-0.021027817349871688,0.026201884501920136,0.031618883670702626,-0.0390373438021155,-0.027453674015605892,0.012089810431260173,-0.007110387403168498,-0.026529883267904793,-0.028793163361734715,-0.006776067273708059,-0.011768869386923021,-0.006632431269844497,-0.052258588498258804,-0.026763321320156627,-0.01360832885016542,-0.02629471033026572,0.03110620222027523,0.26580337047618025,-0.03254263825504989,-0.027453674015605847,-0.010736046894010063,0.019245102691758147,-0.007578476467859633,0.1490227218248806,0.05737277593420308,0.005473598853701196,-0.044792657650094006,-0.021239699176192974,-0.02944421064696361,-0.015990435734153593,0.0361805590185877,0.008770110611480942,-0.007171421177862962,-0.019393642757104004,-0.031048224797703864,0.014926529571811053,0.0187188715206218,0.006939612697767161,-0.014443818526181625,0.05102908763662428,-0.0033845486021890064,-0.01815561723096682,-0.0662958396893213,0.06952167690768242,0.002044650467335568
Foundation_Stone,-0.004600289046100644,-0.009671040971372837,-0.020102784263393944,-0.12468079913220927,-0.02033259756353976,-0.03666396620172151,0.04100022150112215,-0.023792171284496406,-0.011435121167061366,0.04637217046462149,-0.0765317114521791,-0.0025988443288102237,-0.010293758622633854,0.020535270332315003,0.048335745178167744,-0.012102630775853216,-0.01386637676998004,-0.006761916703879313,-0.07155872013535453,0.06320833320357278,0.004126547455295804,0.1186917268313158,-0.010919283769821873,-0.005334692865344435,0.026633758829017216,0.04677411749791961,-0.010213854753520605,-0.013710841889710725,-0.0016817668047428935,-0.01685124524113907,-0.011715781675507282,-0.003366997005230338,-0.03157267231385322,0.0380436490868682,-0.006088787712773891,-0.002379192914327908,-0.00676191670387931,-0.013065721953341141,-0.008982576583964546,-0.02173719010848661,0.04609007297645195,-0.017419030024861854,-0.015364206241492255,0.05776429857910777,-0.006972438897956949,-0.011970931758420903,0.0022341386347995316,-0.005059189774064046,-0.01473725578842475,-0.010919283769821868,-0.01515750410283485,0.1015910774479211,-0.00847886022114715,-0.014843204354397696,-0.013182578316295861,-0.01607123609626489,-0.008478860221147135,-0.010501115180925518,-0.0055970034134941084,-0.015568751914343698,0.025593114944973457,-0.004768207068885242,-0.0073762942336129695,-0.005597003413494115,-0.008649789133186874,-0.0023791929143279094,-0.003765710483793423,-0.004126547455295742,0.006544931837226139,-0.0016817668047428935,-0.002379192914327908,-0.0016817668047428935,-0.0016817668047428935,-0.0023791929143279094,0.06480591371615582,-0.012345075955117758,-0.011190325636278583,-0.018694907370528882,-0.006320818112729167,-0.042474119907975824,-0.004768207068885237,-0.005597003413494105,0.05049965453524308,-0.01035837987444418,-0.01386637676998001,0.00805674949761788,-0.00559700341349411,-0.03170606824230183,0.1505346839987102,-0.002379192914327909,0.008649789133186826,-0.0016817668047428933,-0.0016817668047428929,-0.0016817668047428929,-0.005597003413494104,-0.0037657104837934227,-0.004126547455295742,-0.0016817668047428935,-0.002379192914327909,-0.012096754525324053,-0.0016817668047428929,0.040094584643007365,-0.02720254809461393,-0.0016817668047428935,0.002869776165040451,-0.01815586537767842,-0.0023791929143279085,0.07404871259801837,-0.047422138239582495,0.004718541851893147,0.07230336557484396,-0.0029149041155187177,-0.00445871419460215,-0.008478860221147154,-0.0016817668047428929,0.04063452745792402,-0.026109770781917924,-0.005334692865344436,0.0036491266068808194,-0.001681766804742894,-0.021085305073066263,-0.003765710483793419,0.07230336557484394,-0.04664227702118294,0.005966946983009895,0.056742867995176555,-0.042534409340409855,0.05275016743868685,-0.019913440205278427,-0.006320818112729151,-0.00012436240584658698,-0.015958317763748647,0.06908029134810853,0.014275157485967454,-0.0016817668047428933,-0.041507745012910297,-0.056279214492091535,-0.05730602560119304,-0.00830465935128442,1.0,-0.0029149041155187186,0.05992537082910393,-0.05503406769748247,0.04678242094971346,0.03804364908686827,-0.0023791929143279107,-0.061941899754094774,-0.020420861464774745,0.021209427075336875,-0.001664657102944139,-0.0215753257787024,-0.017001273496058306,-0.01484320435439766,-0.02033685447662115,0.07071777013838147,-0.009768736727761344,-0.006320818112729151,-0.011586376399236431,-0.012589185750329863,0.023008077299155983,-0.06350710741744164,0.08984625520409381,-0.004458714194602157,-0.002379192914327908,-0.00336699700523034,-0.011970931758420907,0.05795513301833142,-0.0016817668047428935,0.005670522811529351,-0.11327629058104428,-0.008817636853154013,0.23351620747655483,-0.001681766804742894,-0.01860822209733461,0.05575750079533528,0.01292562017078515,-0.021853236567415977,-0.0037657104837934274,-0.009461459930302164,0.0610706566476684,-0.006544931837226039,-0.0016817668047428935,-0.02496727636896867,-0.009768736727761334,0.03878232456492507,-0.007570545495625111,-0.03355705824778863,-0.020404997503682184,-0.007376294233612972,-0.016268881742998096,-0.005059189774064048,0.034192605727188,0.029894358349850148,0.003878944450604379,-0.01184395346190568,-0.006320818112729155,0.23351620747655497,-0.03660866040792397,-0.010067462299289455,-0.005059189774064047,0.1505346839987104,-0.04477373164328557,-0.009304349823366208,-0.058738361824969394,-0.0023791929143279085,0.003366997005230139,0.044139861149304696,-0.05723833484153718,-0.0055970034134941084,-0.002379192914327908,0.00376571048379343,-0.001681766804742893,-0.003366997005230342,-0.0023791929143279103,-0.005059189774064047,-0.0037657104837934257,-0.003765710483793423,-0.01939747856162341,-0.002914904115518718,0.02507169921872764,-0.0033669970052303388,-0.00584789766395465,-0.007570545495625118,0.0021403319747666325,-0.019656572638029557,0.05201780039171175,0.09634079350170678,-0.008304659351284433,-0.018872210942122766,-0.004458714194602152,-0.012096754525324065,-0.011727307130856693,-0.04959275266116817,0.09477077323053008,-0.007760195676860347,-0.004458714194602148,-0.0016817668047428935,-0.052750167438687025,-0.006544931837226027,-0.0016817668047428935,-0.015466743106937018,-0.002379192914327908,-0.0360025125231528,0.020961523019760456,-0.00376571048379342,0.007082461479964513,-0.0033484464764138096,-0.009768736727761343,0.06118492231111402,-0.05152620466304091,-0.024165591907075994,0.17949886639415294,-0.02663375882901716,-0.005847897663954651,-0.0874153564113165,0.08995367494371656,-0.002379192914327908,-0.012345075955117754,-0.017973680706106714,0.01524328566626873,0.035872208572872474,-0.02941034015210164,-0.0280644228656565,-0.019397478561623407,-0.013641605736675475,0.028381766811834318,-0.015364206241492255,0.04118624750797513,-0.014307191899677909,-0.003366997005230338,-0.005847897663954644,0.014658152666099536,-0.032599647661859264,0.14850072761895883,-0.006761916703879313,-0.01306572195334112,-0.007570545495625107,-0.012345075955117754,-0.016170288918499306,-0.013641605736675437,-0.005334692865344441,0.06616426541060418,-0.0037657104837934235,-0.00847886022114715,0.042327021788624006,-0.07281394667692095,-0.029340007814502488,0.06648963240270955,0.03481563373975148,0.07993729777429165,-0.006972438897956967,-0.017136864434427208,-0.003563446561813192,-0.03959712135845328,-0.009021443615526757,0.00741692464621408,0.08205094861248097,-0.011715781675507303,0.08984625520409387,-0.005597003413494105,-0.0016817668047428935,-0.034646555830836326,-0.006573971944836554,0.015507873413518196,0.04221951012939272
Foundation_Wood,0.06239960722649834,0.008896128966846304,0.01862133530433723,0.028653633518285912,0.026678966665070854,-0.025898634907369076,-0.05155982432625981,-0.020738066712677312,-0.012284971050618999,0.031143837480846332,0.01899576149836215,0.017413302227953713,0.009931058981390257,-0.02237556767788762,0.01736951912757479,0.0027114775829150052,-0.009794909461728516,-0.004776472109544655,0.02351107188658376,-0.019010708399293013,0.002914904115518708,-0.007713146533265638,0.08384127573151354,-0.0037683119742788432,-0.05966571190943662,-0.008544886477686154,-0.007214846691788243,-0.03466766267064683,-0.0011879637962715496,-0.011903356168114452,-0.008275775473908243,-0.0023783740605938914,-0.00544858396906267,0.06354133573890543,-0.004300988309175378,-0.0016806105570620117,-0.00477647210954466,-0.009229344168850193,-0.006345098350670451,-0.015354682235806112,-0.008632974199265057,-0.012304427092593563,0.056004853929954,-0.007316936119897293,-0.00492518044661647,0.075528833262826,-0.01936817193348188,-0.0035737025330180357,-0.010410079616072817,-0.007713146533265654,-0.010706933960893636,-0.013142750861940911,-0.005989283976805376,-0.010484919397835524,-0.009311888983126885,-0.011352374532457233,-0.00598928397680536,0.08758163735292981,-0.003953602487626557,-0.010997430544599894,0.01807842437054931,-0.0033681586263844226,-0.005210455144831118,-0.003953602487626561,-0.006110024473446526,-0.001680610557062013,-0.00266001666186455,-0.0029149041155187116,0.004623198679961131,-0.00118796379627155,-0.0016806105570620123,-0.0011879637962715493,-0.0011879637962715496,-0.0016806105570620128,-0.006683371217325968,-0.008720295379563243,-0.007904604661536698,-0.013205679329741388,-0.004464889578961373,-0.045128524249878836,-0.003368158626384418,-0.003953602487626555,0.002813238700277006,-0.007316936119897282,-0.009794909461728521,0.023992934632160866,-0.003953602487626567,-0.022396482727418263,-0.0031495395355476577,-0.0016806105570620117,0.006110024473446645,-0.00118796379627155,-0.0011879637962715502,-0.0011879637962715491,-0.003953602487626553,-0.0026600166618645517,-0.0029149041155187116,-0.0011879637962715496,-0.0016806105570620117,-0.008544886477686144,-0.0011879637962715491,-0.009475167841674596,-0.019215293233045678,-0.0011879637962715493,0.023167405529243273,-0.012824911692771442,-0.0016806105570620112,-0.005989283976805358,-0.0018429306957937033,0.02505759063025225,-0.006110024473446535,-0.0020590253946465293,-0.003149539535547664,-0.00598928397680538,-0.0011879637962715491,-0.00939382485917485,-0.01844337890984182,-0.0037683119742788437,0.023960561574384552,-0.0011879637962715502,-0.014894204707514678,-0.002660016661864549,-0.0061100244734465185,-0.0011331012692609851,0.02635084733171368,-0.007417761261689431,-0.030045389318958646,0.03726158049242892,-0.014066424641260313,-0.004464889578961358,-8.784692107507977e-05,0.004312627868379151,-0.0063450983506704375,-0.015125495013558045,-0.0011879637962715496,0.016908179122944463,-0.039754423211740636,-0.040479740431572736,-0.005866232239732005,-0.0029149041155187186,1.0,-0.007111438219707869,0.05296544917489477,-0.042719132905355416,-0.009794909461728498,-0.0016806105570620134,0.013079613676145827,-0.014424856074227157,-0.013205679329741406,-0.0011758778719659659,-0.015240344764553186,0.03818234465083501,0.058469955921263035,-0.01436551534977072,-0.03111821431468835,-0.006900424919293617,-0.004464889578961356,-0.00818436637793683,-0.008892729273614078,0.01625240953509793,0.006792689091230265,-0.005069725835203658,-0.003149539535547664,-0.0016806105570620112,-0.0023783740605938875,-0.008456007989059723,0.02056679932231292,-0.0011879637962715498,-0.029222198556533,0.011970886921750983,-0.006228588482466896,-0.0020590253946465263,-0.00118796379627155,0.013884978932219325,-0.007517373281234094,-0.03715557128369138,0.04506674432105075,-0.0026600166618645513,-0.006683371217325965,-0.007006651989529064,-0.004623198679960995,-0.0011879637962715504,0.01230442709259359,-0.006900424919293615,0.027394997563545808,-0.005347670046445105,-0.0237039821426627,0.0014565830432235656,0.12825032575786066,-0.011491987154223548,-0.0035737025330180357,-0.027251252828715718,0.004433599142569834,-0.012413042506026468,-0.008366313259239328,-0.004464889578961354,-0.002059025394646528,0.010029186102391863,-0.007111438219707872,-0.0035737025330180344,-0.003149539535547659,0.008806873079839175,-0.006572392026547603,0.013579040240346306,-0.0016806105570620119,0.002378374060593799,-0.008892729273614074,-0.04043192513899689,-0.003953602487626555,-0.0016806105570620123,0.002660016661864255,-0.0011879637962715493,-0.0023783740605938884,-0.0016806105570620123,-0.0035737025330180344,-0.00266001666186455,-0.002660016661864549,-0.013701960465134165,-0.00205902539464653,0.017710107548121908,-0.002378374060593888,-0.00413082877452867,-0.00534767004644512,0.021220376649337003,-0.01388497893221941,0.05201078841155669,-0.01849525632314536,0.1130879215103894,-0.013330922748394414,-0.0031495395355476664,0.07462534190512587,-0.02586315886827447,-0.05023506356850185,0.06694403006708326,-0.005481634843840587,-0.0031495395355476585,-0.0011879637962715498,-0.006421496864908478,-0.004623198679960994,-0.0011879637962715504,-0.010925373723310419,-0.0016806105570620115,-0.04064854645663654,-0.013268402256000034,-0.002660016661864552,-0.010214250135257319,0.01278075917693782,-0.006900424919293624,-0.02638953023070019,0.03986537038661658,-0.01707005288730728,-0.0026600166618645504,0.02827402203996721,-0.0041308287745286726,0.010029186102391879,-0.009794909461728514,-0.0016806105570620117,-0.008720295379563245,-0.012696220370376184,0.036371096907858474,-0.018287364257518774,0.019187293511474447,-0.01982410298124078,-0.01370196046513417,-0.009636136051964866,0.05165784795811331,-0.010852943893212667,-0.009311888983126862,-0.010106291761255994,-0.0023783740605938884,-0.004130828774528654,0.08644717032597594,0.014453275717874014,-0.009393824859174851,-0.004776472109544656,-0.009229344168850174,-0.005347670046445113,-0.008720295379563243,-0.01142234330957968,-0.009636136051964842,-0.0037683119742788485,-0.006572392026547604,-0.002660016661864548,-0.005989283976805378,-0.009146173673659766,0.00954341454828336,-0.02072514867558102,0.02519808358863426,-0.010334806903278934,-0.005612582642924792,-0.004925180446616472,-0.012105111405635898,0.016825105649461287,-0.02797055244386559,-0.024473579735584495,0.07313117184226346,-0.010559335684938357,-0.008275775473908254,-0.0050697258352036595,-0.003953602487626562,-0.0011879637962715498,-0.024473579735584537,-0.023269589730045157,0.010954427284725727,0.029822951308464008
BsmtQual_Fa,-0.04014155558927037,-0.034578453342675196,-0.13757202316105474,-0.2511373627967987,-0.13067657212957146,-0.07063724826957672,0.009646364585841822,-0.11592697167546054,-0.09029429321256283,-0.06551000881939024,-0.1712389757851415,-0.06706822573498462,-0.054769502538231325,-0.0803903305352262,0.005668877314897476,-0.1287254112936621,-0.03382954561212296,0.026512914247084237,-0.1051537480987753,0.13536245537676078,0.010067462299289471,0.02756778500917431,-0.02663957675970716,0.041275992352987456,0.0634290331237672,-0.029512230610887605,0.003955326111105904,-0.035915366710935946,-0.004102975692480471,-0.04111167458974259,-0.028582778122061673,0.07745006627130849,-0.01216579786873252,0.009591233810909608,0.032810939473982156,-0.0058044734071805775,-0.016496924420407965,0.03690102284185549,-0.02191462768554598,-0.053031824856111714,0.04334662845256325,0.06386675278390364,-0.03748377275928986,0.0032198762283586046,-0.0170105315641524,-0.029205263109383598,-0.04208985858770407,-0.012342812694417513,-0.03595421321389328,-0.026639576759707177,-0.03697948533483651,0.27298493573131416,-0.02068572009460302,-0.036212693991141416,-0.00942255859528348,-0.03920870055534867,-0.02068572009460301,-0.025619378507035107,-0.01365490678703658,0.0011388140821709971,-0.08081397574219178,-0.011632907514392644,-0.017995810034866742,-0.013654906787036613,0.012754398602258459,-0.005804473407180579,0.06745981944773574,0.12991820395749717,-0.11724744160157462,-0.004102975692480468,-0.005804473407180579,-0.004102975692480471,-0.004102975692480471,-0.005804473407180579,0.10116076516259455,-0.030118055858176427,-0.027300832640475076,-0.04560962334262543,0.030526858638965444,-0.021530262350031734,-0.011632907514392629,-0.01365490678703658,0.0032313742333776384,-0.025271149792269132,-0.03382954561212292,0.02868599247601014,0.03812733713263463,-0.04350607212423407,0.05394522345924235,-0.005804473407180581,0.02110273223282762,-0.004102975692480469,-0.004102975692480469,-0.0041029756924804706,-0.013654906787036588,-0.00918713494424416,-0.010067462299289478,-0.004102975692480471,-0.005804473407180579,-0.029512230610887587,-0.0041029756924804706,-0.03272522568328942,-0.028954857658276007,-0.004102975692480471,0.07167086402169269,-0.04429453245864889,-0.005804473407180579,0.08286108449323853,-0.07821040960663787,0.09083115412889203,-0.02110273223282766,-0.007111438219707877,-0.010877843413592068,-0.02068572009460303,-0.0041029756924804706,-0.03244428422615258,-0.012353048930558566,-0.013014952543734786,0.048993795558673434,-0.004102975692480469,-0.03632986506267424,-0.009187134944244167,0.08046866027243091,-0.0761195721573608,0.09537898490127572,0.002504149778883121,-0.08431554829565698,0.10130401418807383,-0.0485824555969945,0.07647450153885137,-0.10155388254362262,0.09486811179401435,0.07603034094985338,0.037314471903303725,-0.004102975692480469,-0.06477129486671157,-0.028896202600255657,-0.09473883180804657,-0.020260725420763563,0.05992537082910393,-0.007111438219707869,1.0,-0.13426560768370954,-0.1475428497607608,-0.033829545612122945,0.23632498872092358,-0.12307669935407821,-0.03431127895941843,0.03783655470277957,0.05027828924545036,-0.02296514593708056,-0.09926150859689546,0.0454406391780732,-0.03405399957167751,0.1421283522083177,-0.023832608199430838,-0.015420784260920658,-0.002633577991120179,-0.030713606057661307,0.042026828756210145,0.023460511435926274,-0.01750976076431385,-0.010877843413592093,-0.005804473407180582,-0.008214400968169076,-0.004342473523552714,0.12329983952399504,-0.00410297569248047,-0.012396943889091143,-0.10389074761832945,0.011723594740974477,0.1906542722712162,0.16704972462241907,-0.14408656790884147,0.0851181631207126,-0.11005755508495378,0.08400553642976266,0.14410677383971596,0.039038907270948615,0.06487091257453577,-0.015967550412665822,-0.00410297569248047,-0.0993212999567169,-0.02383260819943085,0.05413590323198883,-0.018469721283454716,-0.03822524749322312,-0.12965123790137062,0.02151378793641961,-0.039690893022213916,0.04486514455589862,0.149362182726057,-0.09004958151812022,0.14852605908861297,0.19710842886914198,0.030526858638965402,0.1906542722712164,-0.22034862602381564,0.15107769423558925,0.04486514455589858,0.1835913572049118,-0.20898417541134032,0.040426999219843315,-0.11613118637787086,-0.00580447340718058,0.008214400968169236,-0.006987751642748294,0.015621862768244623,-0.01365490678703661,-0.00580447340718058,0.00918713494424429,-0.004102975692480471,-0.008214400968169076,-0.0058044734071805775,-0.012342812694417537,-0.009187134944244198,-0.00918713494424416,-0.04732367341851503,-0.0071114382197078685,0.03472617519840607,-0.008214400968169059,0.035327831556498025,-0.01846972128345469,0.0032769012020677345,-0.04795578049457452,0.035010572300244576,0.16671639651767706,0.014954344953420762,-0.029485144781979018,-0.010877843413592077,0.019731034179850608,0.09802321289757743,-0.09248469329272162,0.011338250006177955,-0.018932407359483972,-0.010877843413592084,-0.004102975692480469,-0.07391441035203919,-0.01596755041266578,-0.00410297569248047,0.0016171684317086968,-0.0058044734071805775,-0.08633304767718658,-0.012580872508180303,-0.009187134944244162,0.0668325165363782,-0.06645874703992968,-0.023832608199430793,0.06340902402964092,-0.024865227384194697,-0.05895635227756426,-0.009187134944244165,-0.0634290331237673,-0.014267008897816512,-0.05035708362235144,0.05301201323394218,-0.00580447340718058,-0.005957417642276657,-0.009337344280707762,0.009396695867608544,0.0014153655637710882,0.034721259949624945,-0.01964595948693784,0.01740003917261557,-0.033281175836110434,0.01621568653559993,-0.01769125622093065,-0.009422558595283471,0.21831881475406584,-0.00821440096816908,0.03532783155649796,0.08331714387461336,-0.06843693621015952,0.10289472997436944,-0.016496924420407958,-0.03187620271019846,-0.018469721283454664,-0.030118055858176427,-0.03945035791280948,-0.03328117583611032,-0.013014952543734788,0.07199032481394557,0.06745981944773563,0.08286108449323853,-0.008471222022433148,-0.12348759313862447,-0.0004869406806842609,0.0655475117689058,0.10906572473020414,-0.01938467336145515,-0.017010531564152432,0.08404800442324897,-0.006784988736320419,-0.01640969791422449,-0.009506027419023603,-0.0064701247976660615,0.02438260752323679,-0.028582778122061614,-0.017509760764313854,-0.013654906787036588,-0.004102975692480469,-0.009506027419023583,-0.025228376498824298,-0.0010906741651643785,-0.01647719907336506
BsmtQual_Gd,-0.0379670847411816,0.02548662169618796,0.34756428280826457,0.5598581223007348,0.4226981310032607,0.04130847582394421,0.10991718594727584,0.14385620478954225,0.04875194952485391,0.14913984593679303,0.44358746872718013,0.20529207167779226,0.16083641323301348,0.11398476505621048,-0.017459303197556012,0.2348217284540196,0.19818879191200117,-0.050234265932366184,0.08754597709428881,-0.18389113587861314,0.01169548148479396,0.04736954364734217,0.10610731798316332,0.04651007937621905,-0.1799369281893857,0.03686038434039661,0.024686754325521067,0.041534484075009995,-0.022429032789825505,0.08026693496940425,0.0558053646722736,0.008137988045525655,-0.007101232260951393,-0.003452766409616793,0.007338045422194193,0.04323127498781534,-0.09018090441888815,-0.14586156531885944,0.011603077855937043,0.3082259034085315,-0.034638117037424886,-0.11705739922468944,0.23015527813922065,-0.12932483283717786,0.06208087822355454,-0.0441912031992858,-0.28504550389365946,0.05650595769181563,0.038800091244241205,0.1480628710801787,-0.022285457301832956,-0.2118239002676175,-0.07033591628504172,-0.13475946044845896,0.16209757436387612,0.209592894087281,0.05789355856552336,0.05150160384066931,0.05360643873555078,-0.10468392802845997,0.1316696536104363,0.011524694576473034,-0.012751332729819698,-0.010519247912465645,0.04187029129893736,0.04323127498781539,-0.0027630079801669086,-0.033364774591138076,0.05979211130000341,-0.022429032789825474,-0.031730318221460684,0.03055864985280425,-0.022429032789825505,-0.03173031822146067,-0.0877186150038452,-0.0599216932590442,0.0721437115384932,0.2156920906474693,-0.08429815376847033,-0.09511895429975618,-0.06359161828803878,-0.04258209123647396,0.23681892590440498,0.10883198816822032,0.009990004145157726,0.1644808650415973,-0.058613512898478035,-0.16437658694194596,-0.01932649996260428,0.04323127498781528,-0.03138835966374403,0.03055864985280436,-0.022429032789825484,-0.022429032789825495,0.02154359541154249,0.06842507997942672,-0.011695481484794037,-0.022429032789825505,-0.03173031822146067,-0.054611844221040845,-0.02242903278982549,0.03588497227100995,-0.0423513215960191,0.03055864985280426,-0.17485623551372198,0.0703658063203406,0.005750478383177316,-0.10239328499768303,0.3568718961488204,-0.21184072799081055,-0.07343095668819127,-0.03887487837302251,0.000742269557596483,-0.027592758001520078,-0.02242903278982549,0.03214247736398434,-0.018362649529623232,-0.003914214600968936,-0.16690857418742394,0.030558649852804345,0.018213856417265854,-0.050221733286562674,-0.09439481995857836,0.3518297228862202,-0.21256750619308581,-0.06168742359053766,0.1163570735150901,-0.12749646980637727,0.05303221229227271,-0.07007308390000423,0.5008640775042643,-0.42137772900822046,-0.09958154646765925,-0.0868732984315719,-0.022429032789825464,0.1285697032042585,-0.34223383709407845,0.4943156212704998,-0.11075582915121522,-0.05503406769748247,0.05296544917489477,-0.13426560768370954,1.0,-0.8065471655738208,0.0570397010868685,-0.03173031822146066,0.04900676571158905,0.05895998970460908,0.02968473545236875,-0.17657787277760634,-0.16372786914487228,0.3590132164503906,-0.09052068087171335,-0.18932308117667535,-0.028756488600864927,-0.04634024349412739,0.04372747504772236,-0.019611581858042133,-0.09444320613769856,0.08850017807256098,0.07143886583633186,-0.04546672187062472,-0.039395269482805174,0.005750478383177296,-0.04490425546548989,-0.11346731988248963,-0.07472911298978903,-0.022429032789825464,-0.213685233155034,0.17542868863743571,-0.08672846305567246,-0.0388748783730225,-0.022429032789825464,0.21756040281061256,-0.10753967327392093,0.44953958198563093,-0.3579904467394566,-0.050221733286562785,-0.06848612094984109,-0.08632792455912074,-0.00480220106503967,0.030558649852804334,0.10059267833181418,-0.027686602605948237,-0.1939965268799833,-0.04133367207852882,0.25169167284711613,0.2224079805947747,-0.0005194366815038632,0.11504462738170779,-0.014338781020121488,-0.2915096249862628,0.248843257332419,-0.3926844503376851,-0.10353742554543925,-0.013172804426140976,-0.038874878373022545,0.11041107199338948,-0.10707728768118313,0.003372403657862753,-0.059464039003005974,0.11439394125928574,-0.104544719123964,0.20085508303619423,0.005750478383177324,0.018383133709981923,-0.13117000162060938,0.1416594167897276,-0.0746449345604823,-0.03173031822146069,0.0027630079801670964,0.030558649852804293,-0.018383133709982107,0.043231274987815406,-0.032049965698105747,-0.026492370633364758,-0.0027630079801668813,0.08194997155503354,0.022352006658922275,-0.02580796287556582,-0.018383133709982083,0.014134292726365164,-0.029407355628992764,0.0032563160611243066,0.07971445737047714,0.09488127622289931,-0.21037961745574332,0.020072253826757532,-0.03640123146874886,-0.019326499962604344,0.07497381290766224,-0.0661769847503851,0.07991935830132592,-0.04775544582265443,-0.02199398549037027,-0.059464039003006,-0.02242903278982548,0.07944523103399075,0.008945276493701351,0.03055864985280431,-0.05398827561632254,0.005750478383177289,0.18092580263501964,-0.04980601742762805,-0.02649237063336464,-0.43831042915022317,0.4550800475190754,-0.055667063938217104,-0.3834040832736194,0.36125158255796336,0.039478361562965414,-0.02649237063336481,0.20295372066832604,-0.0012199240745970029,0.1301466455867232,-0.13115908667997456,-0.03173031822146068,0.04479781855823222,-0.004639879538343059,-0.0032081030037698047,0.0025962598105795016,-0.0076613420748376645,-0.019080154166541574,0.026845443704847673,0.002271001955524783,-0.015485429346821709,-0.021077351595885495,0.056501260526976516,-0.17121005773174375,-0.018383133709982156,-0.07799100807940751,-0.2090047540326061,0.29005716151180916,-0.09355756804159741,-0.06354981209454003,0.010286730843044482,0.04215054306822297,-0.059921693259044215,0.19426974012337025,0.090961572152768,0.09693437335340686,-0.08500114807134065,-0.05022173328656266,-0.08102170585592228,-0.12973936307050077,0.37019758278239184,-0.1638589385179916,-0.14673858512664467,-0.11189259057808915,-0.060450059640858776,0.07500333077650438,-0.03372584631813317,-0.09361567585139993,-0.028432831833706467,0.09203521714449776,0.06573027402933512,0.020430914574577182,-0.0462946759561969,-0.03290400159600095,-0.02655066957446988,-0.02242903278982548,0.005767825105257938,0.00792277658724018,-0.023240364434040494,-0.004589641680836904
BsmtQual_TA,-0.07345746892718198,-0.05089192665826415,-0.5619677879558302,-0.6536996651297914,-0.5364801705793073,-0.20326293833127085,-0.18675752428197612,-0.32958935292733665,-0.22905556237082825,-0.29878640583258587,-0.5483924809033455,-0.3871851695418142,-0.2335467158381575,-0.20585264191806976,0.03010761995017934,-0.4985446331135728,-0.20321752231877388,0.05908362928346676,-0.0934417085059175,0.18702434889070996,-0.025330682700158823,-0.0354236617331448,-0.10187858769574211,-0.0781821440748648,0.21184076571452257,-0.07918294836500794,-0.016947216744242308,-0.01355678514334934,0.027808705736221052,-0.08480749942824146,-0.07062467714485338,-0.04934474235107817,0.03273655032556616,0.0030535039236057404,-0.0015809517187007232,-0.03486806230556476,0.11181107350954307,0.1668623486638144,0.008443599878581993,-0.2688474980707283,0.030174286439900437,0.11417035801007427,-0.19483831092543288,0.15381593923002376,-0.03822042366564889,0.022682746380860985,0.3659614745310367,-0.03907779492704059,0.004407767689119233,-0.160026647913015,-0.22213953070879885,0.17412742913800042,0.09788741412045196,0.18287472803186436,-0.13047448112782173,-0.2355306533393512,-0.12426122517881173,-0.11080104594138246,-0.050285474776101534,0.1375339243726662,-0.13980667758387103,0.004482102907952489,0.0008791531493363323,0.029066874092368328,-0.043752696434482645,-0.03486806230556479,-0.05518805431156849,0.0038789444506043833,-0.012956947796067243,0.027808705736221,-0.034868062305564766,-0.024646992422542095,0.02780870573622104,0.03934093327187634,0.08029151447568746,0.10046275644292514,-0.04224230404286652,-0.23306167376594056,0.09043507355666286,0.05730903220428913,0.06025372431940672,0.06080781363975623,-0.2506955880983574,-0.07321777463465094,0.029669120212945065,-0.04355192470031702,0.06080781363975631,0.033261453036211586,0.014124822149075813,-0.03486806230556478,0.03337600104878678,-0.02464699242254209,0.027808705736220993,0.027808705736221045,-0.0026740654550196493,-0.055188054311568556,-0.01757279379895017,0.02780870573622104,0.03934093327187633,0.09437863166743135,0.027808705736221025,-0.10056091310576533,0.105831002305314,-0.024646992422542095,0.1827174245693017,-0.009150960103736326,0.002236435483155792,0.07673040085385535,-0.4422456488137635,0.23341025766609255,0.0703909528081734,0.04819913829263135,0.014124822149075908,0.05557338758725874,0.027808705736221025,-0.10502419480377223,0.07372097982576784,-0.011624750285183972,0.18023275617451356,-0.024646992422542095,0.04760892831248788,0.062267571482731925,0.08076764819386947,-0.4382069151590119,0.23473256244101529,0.0615876231490036,-0.12249921259281962,0.2330296973437102,-0.22875759108759566,0.06227056686026203,-0.5419686453320468,0.5721449137038732,0.09849952715501697,0.1207675160904111,0.02780870573622095,-0.16091425844980525,0.48759799628507944,-0.6381715801861698,0.13732095763106153,0.04678242094971346,-0.042719132905355416,-0.1475428497607608,-0.8065471655738208,1.0,-0.083447249016747,-0.034868062305564815,-0.0019355039539461299,-0.1566769175599809,-0.03869179732233555,0.27440035894135223,0.22034764206036223,-0.4626910422103562,0.1015418398032395,0.2504299835994691,-0.001253501280563988,0.07843144787335327,-0.050387459925342125,0.05017254210359924,0.13545123029416306,-0.14267541017929009,-0.10276978419363608,0.06892939285647225,0.05385938927364381,0.002236435483155799,0.05567468014538565,0.12936367965854093,0.09893386137803657,0.027808705736220955,0.3222780478981932,-0.1856339744354194,0.10505815687424029,-0.012413042506026518,-0.024646992422542105,-0.2171230736650528,0.10788241931686511,-0.4209102945099711,0.473888260701838,0.015285321165011637,0.07077181241831372,0.0912201204455694,0.026566403754526655,-0.024646992422542088,-0.10330407882528221,0.05996508536809674,0.14964513994763984,0.06614918862879805,-0.17745653018641833,-0.2385666992725472,0.01298824369679915,-0.17499724721138482,0.013522310106898524,0.336313076168122,-0.2157975254141741,0.4913026118531556,0.07270373849062652,0.00594155346745995,-0.01241304250602653,-0.07195841705572437,0.08572356327207903,-0.021544426582394218,0.014124822149075825,-0.07408646705159327,0.1151565347658608,-0.212938625482272,0.0022364354831558076,-0.0031649688971538306,0.16453768362987084,-0.19069182535800558,0.09254875318714423,0.03934093327187639,-0.015285321165012028,-0.024646992422542095,0.0031649688971537395,-0.03486806230556479,0.04858904679619119,0.015285321165011665,0.015285321165011644,-0.27931891270112336,-0.01241304250602647,0.17294738777109986,0.029419824521269632,-0.009703054488319082,0.054342609729281434,0.11839222265456648,-0.27336073811117717,-0.08167860622059751,0.2170021864720777,-0.024572290222095682,0.03296327686063552,-0.005742461413208058,-0.09427525967217677,0.021656907649364798,-0.029713277084687306,0.03467545147925884,0.04763571884516411,0.07372667283592763,0.027808705736221028,-0.13789206718167338,-0.01426196412085118,-0.024646992422542095,0.06881100837790553,-0.034868062305564766,-0.24965611342120161,0.030393138872974297,-0.008205803993848395,0.5373280441133591,-0.5218049918531019,-0.03236672715818595,0.4535355541849218,-0.2717028653278901,-0.2916917671489483,0.03877644632387181,-0.2203854066006968,0.005497009409691529,-0.1501081484477582,0.149439393514972,0.03934093327187637,-0.04022973465798065,0.006317593491611037,-0.0011647067518454491,0.016418876072737943,0.01495527203948109,0.03386213431226807,-0.026399292118799607,-0.031076992539291023,0.0067810121489777705,-0.0007229467757287505,-0.03290740736427898,0.13956374676336947,0.029419824521269608,0.0814973288997444,0.2316978343349368,-0.32472980049988287,0.08854609751264866,0.08544735139650507,0.026334528492397046,-0.01649686366781757,0.1004627564429251,-0.2369823136718998,-0.04458470587878622,-0.07818214407486475,0.086135497811058,0.015285321165011644,0.07673040085385535,0.1645035497391208,-0.46406663391744474,0.23457528848034834,0.18438879600726013,0.11516247486957575,0.08632351898219898,-0.0510131376848711,0.05192649055698146,0.1361408636469192,0.08330578535669494,-0.10374591505793847,-0.08978887909809807,-0.06987479141325767,-0.03952468358988858,-0.042999947496227334,0.013196404318674332,0.027808705736221028,-0.018344628342421697,0.020825776329472964,0.0006061520625059355,0.024396327134490633
BsmtCond_Gd,0.0044039060768270655,0.014788256889767275,0.09739038288176365,0.08068841031625215,0.09038702707066347,-0.009220197974124326,0.005754224161681391,0.03776408083193988,0.03121291253473498,0.05018877695522317,0.07510702315430941,0.06367812498737203,0.06660860257473214,0.04282321525053046,0.0010259101603418085,0.08882400808170195,0.017810862972153313,-0.022721969326411726,0.046803360220968905,-0.05316332981177646,0.013866376769980097,0.003510858063484394,0.043713624908089665,0.06260342212701972,-0.06328128345247197,-0.02238796866380911,0.008507030040305686,0.01792049993604527,-0.005651216278606719,0.051620491648621265,-0.02055402570742503,-0.011314070555035522,-0.043187479760232496,0.03391232423490477,0.014891052402392722,-0.007994766985218935,-0.022721969326411684,-0.009898904627383786,-0.005970465511611118,0.014458799969993563,0.013193658569266851,0.046646227217551246,0.036446333416579595,-0.034807111664568964,-0.0234293839613209,0.015092548365533686,-0.06454215214299724,-0.017000321047555875,0.011428011702929943,0.0035108580634843766,0.023355138932020077,-0.05009330262622714,-0.002892971846277411,-0.019598396829605926,-0.010568959616282536,0.030624773694186723,0.04830386325148047,0.006428758849303748,0.019596655378609076,-0.03780822044112994,0.037707765982937874,-0.01602253613964717,0.004515750566715359,-0.01880752831638322,0.021154369199259306,-0.007994766985218935,0.04419117819444368,-0.013866376769980017,0.021992838267822452,-0.005651216278606711,-0.007994766985218931,-0.005651216278606716,-0.005651216278606719,-0.007994766985218936,-0.03179320475747116,0.012273070209414825,-0.01796049619091284,0.023822513523908073,-0.021239752212987704,-0.015421960121082988,-0.01602253613964714,-0.01880752831638322,0.04464484794575849,0.007453497924013737,0.0178108629721533,-0.022485891720044494,-0.018807528316383194,0.0022351350033536018,-0.014982551782524082,-0.00799476698521894,-0.07137449770481807,-0.005651216278606711,-0.00565121627860671,-0.0056512162786067155,0.13480920646358577,-0.012653861597527913,-0.013866376769980024,-0.005651216278606719,-0.007994766985218936,0.014133186921845956,-0.0056512162786067155,-0.02847673365840958,0.0288224440604298,-0.005651216278606718,-0.06307332223883558,-0.010255055182081838,-0.00799476698521894,-0.002892971846277417,0.06305051840699195,-0.030252051458752025,0.02115436919925923,-0.009794909461728491,-0.014982551782524103,0.022705445702601575,-0.0056512162786067155,-0.027958019353433734,0.01698647394413246,0.022338666045324248,-0.061289095297177,-0.005651216278606712,0.018807038989839417,-0.012653861597527927,-0.029065759306299333,0.05980286859580548,-0.036650402865848176,0.027286509782600336,-0.00585546705210005,0.0012058204926789946,0.015281033280954374,-0.021239752212987725,0.05824787803733086,-0.07757740261115105,-0.030184020086478316,0.1715799991443138,-0.0056512162786067095,-0.1428611133434318,-0.06851432335348734,0.08152687256260434,-0.02790602477222566,0.03804364908686827,-0.009794909461728498,-0.033829545612122945,0.0570397010868685,-0.083447249016747,1.0,-0.00799476698521894,-0.7488684072980065,0.04640313809039628,-0.0009325539101885666,-0.05774767818575216,-0.039490236043849714,0.0542944780142269,0.025820110108845898,-0.03371428637458301,-0.034112289769222155,0.03420304634382761,0.012837212875981595,0.018099534171484362,0.010485422393942767,-0.07960660349039841,0.0323132365551483,-0.02411699519622993,-0.014982551782524115,-0.00799476698521894,-0.011314070555035515,-0.003346883110348489,-0.033361358556854806,-0.005651216278606713,-0.036876597792576786,0.0569462396529933,-0.02962977553300231,-0.009794909461728485,-0.005651216278606715,0.054182711169696654,-0.015164752952249137,0.04004630855551171,-0.057935197838940404,-0.012653861597527922,-0.03179320475747111,-0.011311449475183593,-0.021992838267822536,-0.005651216278606712,0.03223812614649294,-0.010482812861531085,0.025241404562602994,0.003130977571894858,-0.015657441303820997,0.025512603394254155,-0.024786453110637572,0.0430081082247059,-0.017000321047555868,-0.03934684511689198,0.01620704499987385,-0.05683163272740774,-0.021175142365054196,0.012837212875981632,-0.00979490946172849,0.016190989939839293,-0.01211915590060668,0.025427830626686083,-0.014982551782524089,0.006384553606289769,-0.00785640117296294,0.04041410985748403,-0.00799476698521894,0.01131407055503546,-0.00711080369244397,0.006200914432795568,0.019596655378609083,-0.007994766985218938,0.012653861597528092,-0.005651216278606716,-0.011314070555035517,-0.007994766985218935,-0.017000321047555896,-0.012653861597527948,-0.012653861597527929,0.09082607020041397,-0.009794909461728502,-0.05302020349764217,0.05221878717708698,0.05391319717840569,-0.025439192771645885,-0.07213860527275562,0.08824506072724053,0.006083873162647494,-0.030976285518172608,-0.027906024772225663,-0.014298040084663698,-0.01498255178252409,-0.02238796866380909,0.01591440488336774,-0.03868535947986287,0.0424959937322358,0.0018148460010337258,-0.014982551782524089,-0.005651216278606713,0.02587876288134134,0.010940027240916847,0.1212837955177901,0.06476594206935278,0.08179261607954748,0.05386832764206513,-0.013805874224558916,-0.012653861597527906,-0.06640861801923217,0.045280263452467044,0.05654597594650692,-0.04912074403371707,0.0088077561616748,0.05987577416290259,0.044191178194443695,0.021927755437279497,-0.01965060457904508,0.01619098993983921,-0.0304935208161015,-0.007994766985218935,0.030191752715160388,-0.009204140767907442,-0.0031187408369628216,-0.019944350511888,-0.028635530102800035,-0.012834335843360663,0.030823326991090694,0.05222030309060559,0.042163447259307124,-0.007590891511591074,0.006295172667621841,-0.03242600807353343,-0.011314070555035527,-0.01965060457904506,-0.037990619013917606,0.04681059384000074,0.038957895820358475,-0.022721969326411774,0.02410674421021693,-0.025439192771645885,0.012273070209414828,0.04386338106677376,-0.029496355550642145,-0.017926090036371346,-0.03126526997403615,-0.012653861597527944,-0.02849138939515639,-0.0435089063435865,0.009697160459036966,-0.04586458325519225,0.017906666907038477,0.0428603190603693,0.08233870341754906,0.007527087154994493,-0.030915843191613075,0.006428253186970142,-0.00667070373983556,0.002803717132608855,-0.03304535692109142,0.040030565252608716,0.0170746608541305,0.06616714066657943,-0.018807528316383187,-0.005651216278606713,0.01870052106895426,-0.02890614724858753,-0.047617012351259716,-0.048986154569636675
BsmtCond_Po,-0.013700563848188,-0.0037985192075153376,-0.08302896989293981,-0.06166322922380341,-0.06256920362795393,-0.021138893843653184,0.006687694116878004,-0.01988258758554346,-0.016496249505906207,-0.03701329789115707,-0.026161220705869348,-0.05267598785915805,-0.027858364365235488,-0.026091972234579815,-0.003247696722877732,-0.054528725636624344,-0.00799476698521896,-0.0038986354775828545,-0.026145769621045083,0.036443254346057295,0.0023791929143276587,-0.00629559767726798,-0.006295597677267972,-0.0030757585131014863,-0.010266516035504472,-0.006974477566247309,0.11352446430932334,-0.04868754631859156,-0.0009696356842476759,-0.009715716033719199,-0.006754824717308877,-0.0019412682161517067,-0.018203468897253505,-0.007994766985218928,0.19361965850089524,-0.0013717421124828572,-0.003898635477582846,-0.007533143245953531,-0.005178974140609909,-0.012532745410970608,-0.00704637622044457,0.06327138353044141,-0.008858352174556857,0.11185777036239443,-0.00402001368003524,-0.006901933474916708,-0.01580862203401314,-0.0029169150707927024,-0.008496879032243018,-0.006295597677267979,-0.008739176454660783,-0.010727330466560629,-0.004888552568041262,-0.008557964499010758,-0.007600517687601896,-0.00926599571650487,-0.004888552568041244,-0.006054499336712153,-0.0032269956924316835,-0.008976284567380793,0.014755908757214777,-0.002749146737130398,-0.004252859603513772,-0.003226995692431685,-0.004987102956903682,-0.0013717421124828544,-0.002171149562076113,-0.00237919291432791,0.0037735311711737407,-0.0009696356842476746,-0.001371742112482858,-0.0009696356842476764,-0.0009696356842476759,-0.0013717421124828553,-0.005455078045081895,-0.007117649210979703,-0.006451868965832093,-0.010778693722011557,-0.0036443166665298806,0.037240538772249254,-0.002749146737130395,-0.0032269956924316843,-0.024523543328686483,-0.0059722041896227915,-0.007994766985218947,0.019583429783113577,-0.003226995692431693,-0.018280379353561912,-0.002570706222025123,-0.0013717421124828594,0.0049871029569036164,-0.000969635684247672,-0.0009696356842476722,-0.0009696356842476764,-0.003226995692431692,-0.00217114956207611,-0.0023791929143279107,-0.0009696356842476759,-0.0013717421124828568,-0.006974477566247317,-0.0009696356842476761,-0.007733788590493045,-0.015683839912058243,-0.0009696356842476764,0.03616464688374222,-0.010467904883688798,-0.0013717421124828588,-0.004888552568041243,-0.0273416013033121,0.03818432733771533,-0.004987102956903691,-0.0016806105570620125,-0.0025707062220251308,-0.004888552568041254,-0.0009696356842476761,-0.00766739510380395,-0.015053790683866725,-0.0030757585131014845,0.03701008049227344,-0.0009696356842476746,-0.01215689604196891,-0.0021711495620761155,-0.004987102956903673,-0.02689196627425314,0.03957570467208828,-0.006054499336712135,-0.024523543328686424,0.030413517828002386,-0.011481248270994499,0.18638076665967074,-0.026242971837735253,-0.009200891776823757,0.2648675346197644,-0.012345679012345664,-0.0009696356842476727,-0.09939630665382605,-0.032448217255247463,-0.03304023315754674,-0.004788115706539692,-0.0023791929143279107,-0.0016806105570620134,0.23632498872092358,-0.03173031822146066,-0.034868062305564815,-0.00799476698521894,1.0,-0.12849084068339559,0.052367077123515224,-0.010778693722011555,-0.014179257665354533,0.048917183671364564,-0.02345797489958323,-0.008557964499010758,-0.011725371050416567,0.01430404671504328,-0.0056322408639206826,-0.003644316666529876,-0.006680215102439404,-0.007258392605155721,0.013265485269582954,0.005544305100482475,-0.004137994015132545,-0.0025707062220251316,-0.0013717421124828592,-0.001941268216151707,-0.0069019334749167,0.08329703972056832,-0.000969635684247673,-0.0238516414233455,-0.06531032317728554,-0.005083876860598747,-0.0016806105570620062,0.7068644138165525,-0.12103803435828292,0.10871386616772143,-0.030326991359794008,-0.00025368428650021185,0.31481668650103556,-0.005455078045081891,-0.0057189451542843,-0.003773531171174033,-0.0009696356842476748,-0.13658584381174652,-0.005632240863920686,0.02236024977432921,-0.004364856673991039,-0.01934758198560587,-0.01176465944074797,-0.004252859603513769,-0.009379949845798085,-0.0029169150707926963,0.019714011810074723,-0.0236153172645747,0.03934093327187664,-0.006828723154033368,-0.0036443166665298746,0.40726795832802676,-0.0796929954814657,-0.00580447340718059,-0.0029169150707927037,0.2655172283605953,-0.09182055659026375,-0.005364494995391864,-0.05634080509496822,-0.0013717421124828583,0.0019412682161517325,-0.007258392605155705,0.011283500418642792,-0.0032269956924316913,-0.001371742112482858,0.0021711495620762725,-0.0009696356842476765,-0.0019412682161517082,-0.0013717421124828553,-0.0029169150707926963,-0.0021711495620761077,-0.002171149562076109,-0.011183766586863222,-0.0016806105570620158,0.014455282479498954,-0.0019412682161517008,-0.0033716507168578044,-0.004364856673991038,-0.030938769309626194,-0.011333149284483417,-0.03231272988525941,-0.015096133885994144,-0.004788115706539694,-0.010880919470240814,-0.002570706222025131,0.09485289490096356,0.02193546600472456,-0.041002689130212724,-0.015307096172391189,-0.004474200955689977,-0.002570706222025129,-0.0009696356842476741,0.0073447611081230504,-0.003773531171174024,-0.0009696356842476748,-0.00891747059894586,-0.0013717421124828568,-0.033178015425096935,-0.010829889211059018,-0.0021711495620761094,0.0040834480523195965,-0.039017891671657486,-0.005632240863920699,0.021072588156659196,-0.042157153960024854,-0.013932859287022176,-0.002171149562076114,0.010266516035504507,-0.003371650716857807,0.00818598745126839,-0.007994766985218936,-0.0013717421124828557,-0.007117649210979697,0.06100403487972759,-0.012109421449406035,-0.014926448946153267,-0.01695675953224659,-0.01618076049046354,-0.01118376658686323,-0.00786517350408788,-0.009436534059849988,0.07299730715995588,-0.007600517687601891,0.16629349288181894,-0.0019412682161517067,-0.003371650716857796,-0.012251507698221593,-0.01879557949276594,-0.007667395103803948,-0.0038986354775828506,-0.007533143245953513,-0.004364856673991036,-0.007117649210979704,-0.009323105388781111,-0.00786517350408786,-0.0030757585131014897,-0.005364494995391864,0.3148166865010364,-0.004888552568041245,-0.007465258113202612,-0.04198144523351056,-0.01691620887795827,-0.01496894881854632,-0.00843544020001247,-0.00458108271350468,-0.004020013680035252,0.06447719723290518,-0.0178419947639962,0.018627484863254478,-0.01997574026025209,-0.014195243193683019,-0.008618704302437925,-0.006754824717308893,-0.0041379940151325565,-0.0032269956924316926,-0.0009696356842476741,0.02434733083392435,-0.018993023719131474,0.023575858934605905,-0.013667959912113586
BsmtCond_TA,0.03442275474076445,0.006609760828264034,0.022568055406802148,0.10706163374960224,-0.0016255598083816688,0.05710972829357396,-0.024704537827936062,0.022535349514414695,0.017402756088288337,-0.03265937801912536,0.0453863550778308,0.036819921943533444,-0.009728224110025005,-0.006568751694831926,0.0056603027802392975,0.02494549544195918,0.01230735570085739,-0.04381943026507579,0.039667895157351335,-0.030883029212109715,-0.01851643978414216,-0.02889426000646587,-0.013316113917307864,-0.038471094891561024,0.01046319497782572,0.02597683752916461,-0.020551249116165182,0.013346462661751156,0.007546340883836749,-0.018759874931555398,0.023409041955879232,-0.03412839557238511,0.03843479200239089,-0.00017093549584528499,-0.027471424355492817,0.010675796852032786,0.005621348859352897,-0.020433109458316567,0.0027761905339399773,0.029725880405396143,-0.029263106011477587,-0.0950503446527265,0.0006856750230304144,-0.05177361985935032,0.0312863832056375,0.010844867644579153,0.06600821616072054,0.022701346300473282,0.007085173475944146,0.01784017826100852,0.010441853002190768,-0.012823875219884201,-0.08098346363101336,0.043138106144319434,0.006874833572510322,0.006528598118370648,-0.021468770559899545,-0.0013728596198119168,-0.004647831278077022,-0.02008301844338408,0.012406838760192839,0.021395663087802073,0.010389956138094476,0.025114597081538875,-0.00010662886339847425,0.010675796852032807,-0.07121009197519733,-0.06194189975409491,0.021676450814968003,0.007546340883836775,0.010675796852032774,0.007546340883836892,0.0075463408838367845,0.010675796852032838,-0.02895548070670885,0.013734417234312147,0.019768113350728787,0.016740580384682378,-0.02445538869191221,0.04474657155911962,-0.04833127465369587,-0.0344102596376928,-0.021597929535753107,0.013728533515564252,0.012307355700857538,0.0219777755186119,0.02511459708153888,-0.006875431093832157,-0.01725086638319064,0.01067579685203299,0.03902616400384469,0.007546340883836825,0.007546340883836799,0.007546340883836916,-0.09393511635692474,0.016897309960216295,0.018516439784142184,0.007546340883836776,-0.05890752191568146,0.011825276785664675,0.0075463408838369415,0.04732692326682551,0.0073834114252458154,0.007546340883836884,0.027889471898941,0.03230167129865174,0.010675796852032873,-0.021468770559899413,-0.008042350886771618,-0.060601761046209186,-0.00010662886339850377,0.013079613676145737,-0.017250866383190747,-0.0016305395361948505,0.0075463408838369415,0.04670809379928777,0.013866582548454963,-0.007266762368406007,0.03213698747550335,0.007546340883836775,0.007757499506722326,0.01689730996021635,-0.01956639643362148,-0.0018241768123133076,-0.05188436655375846,-0.017537174498242682,0.05108446454023863,-0.06353062530770212,0.016554536130194197,-0.10368216566718996,0.02419969203461221,0.007962833065385394,-0.1285787504700722,-0.169859553485023,0.007546340883836821,0.20722706441254846,0.05003152602398055,0.02400226511275482,0.037264256977956094,-0.061941899754094774,0.013079613676145827,-0.12307669935407821,0.04900676571158905,-0.0019355039539461299,-0.7488684072980065,-0.12849084068339559,1.0,-0.015337038805259523,-0.012036398455548889,0.00012080162386388339,0.0371220674820696,0.0345351741268402,-0.08592262125466946,-0.00713079154656498,-0.03407429516177289,-0.008112097984632924,0.001953536966513642,-0.006942739338899772,0.0019427630606182868,0.03458385998620995,0.044738627336142464,-0.037763708099896355,-0.01725086638319059,-0.05890752191568127,0.015108222545878036,-0.060605975140102845,0.0033807702816978174,0.007546340883836811,-0.0179061465599038,0.11177756973320327,-0.017741925644926965,0.013079613676145796,-0.09082560278046446,0.08656396403743512,-0.09589927481974245,0.04175885147181941,-0.003173042427380362,-0.0712100919751974,0.04245499536051244,-0.0408151179905985,-0.04719872354872033,0.007546340883836746,0.05429454342130788,0.026518495750934273,-0.05187198104171783,-0.010312375333413407,0.037695436738877146,0.048354726600701683,0.010389956138094488,-0.013509910900203828,-0.010179571952196285,-0.04263823944929693,0.053211341239165454,-0.05865848479404925,-0.03345325876640224,0.001953536966513827,-0.04375442194044016,0.03399583148854028,-0.10625160749481265,-0.07594140845753529,-0.054508654725584756,0.13669381049672608,-0.012674112805659594,0.09177809898204167,0.010675796852032902,-0.015108222545878075,0.029216167565449775,-0.023193233371866743,-0.0046478312780770074,0.010675796852032753,-0.016897309960216555,0.007546340883836932,0.015108222545878075,0.010675796852032798,-0.04306049020486589,-0.027156391007490472,-0.07121009197519729,-0.03386281381572792,0.013079613676145777,0.04706950534256942,-0.0341283955723852,-0.030769989763299897,0.033970177568891015,0.03957971641197934,-0.03137471185636302,-0.03945547852169932,-0.05922816167640895,0.03726425697795621,0.008551676204191493,0.020006921959203474,-0.0023262839578357263,-0.033123791084071166,0.08110991444397038,-0.048558802068153925,-0.030024373145737557,-0.017250866383190632,-0.09082560278046448,0.032045658250931995,0.0038458219187846097,-0.0908256027804645,-0.054994575561569156,-0.05890752191568149,-0.005887825672115757,0.017406746991164155,0.016897309960216298,-0.0007093765870019358,0.020179230699386933,-0.04274269172020007,-0.033715221617993105,0.06338062307773037,-0.008708149642747574,-0.07121009197519712,0.03226761528126668,0.02624039736159591,0.009569692722167913,-0.00017093549584530477,0.01067579685203282,-0.00015218190841346938,-0.0185322497243719,0.02453958390090637,0.01966629749725628,0.0027757375890916287,0.041745790666106855,-0.0245626429784513,-0.02744821074945192,-0.044884067468048766,-0.022066268922977233,0.0068748335725105315,-0.044958904474976594,0.015108222545878038,-0.03076998976329986,-0.02549268643244336,0.018730488978296045,-0.12183175797076588,-0.01909904070286151,0.005920547616897429,0.03397017756889099,0.013734417234312141,-0.0035445254613184355,0.03588046765478298,0.023937570154749167,-0.030815489958858598,-0.11526379294290459,-0.10082169465471773,-0.034910685587337446,0.08809182313209227,0.0431193536096943,-0.03906951088655651,-0.05321047120263597,-0.04884922715055015,-0.01669483473578136,0.025226090118133843,-0.019115531462845406,0.027876668635827113,-0.010851449543206748,0.03346371954164185,-0.03785025989130307,-0.020333109821744973,-0.037763708099896424,0.025114597081538955,-0.09082560278046448,-0.010851449543206802,0.04006248825736035,0.011768575949362382,0.05883079762780188
BsmtExposure_Gd,0.13886717269197715,0.27806191250141393,0.19852080663403676,0.1476484786504725,0.10736011211738224,0.17239823892975475,-0.09227561971734179,0.2922416404870907,0.2859224456767058,0.14867547760555772,0.10328950735747817,0.1682549867207835,0.1843444733676936,0.07247820565818688,-0.020221906179858203,0.30729831458669377,-0.06861992067357409,-0.0334623958023451,0.09501722995021158,-0.05330593933945654,-0.09082711517168468,-0.05403577290064508,0.075201587112911,0.059891531859260085,-0.1472015318304234,0.17494195187356767,0.27070412250866194,-0.22197235114851221,-0.008322484427420755,0.08092820421010105,0.009224090396699466,-0.016662108006993106,-0.008212605045279263,0.2189377262363521,0.22240437107308708,-0.011773805930454746,-0.03346239580234511,-0.040365341157552005,0.19771044117842446,-0.013807475058299663,-0.021717499119164183,0.0077194726108837965,-0.023601141730982707,-0.036165321636450504,-0.012390005986606974,0.01979479074675837,0.0022952039202827064,-0.02503618693820714,-0.06204458580251754,0.04648217377656512,0.07358439425316511,-0.08319599215004303,-0.041958957659151946,-0.05182366992706568,-0.005000384375511829,-0.06945505745366845,0.0494739948518359,0.15663399785403656,0.13690977930086035,-0.014863732253610758,0.036955775608204754,0.04067705512367073,-0.01557029615509637,-0.00026307122017731884,-0.024867097508002964,-0.011773805930454758,0.021972852037828925,-0.020420861464774707,0.008862555649386698,-0.008322484427420757,0.05236707712351514,-0.008322484427420755,-0.008322484427420755,-0.011773805930454758,0.0025473423543277396,0.05411264430194341,-0.041345389909797164,0.022432199628821276,-0.03127955086483558,0.03969981861585629,-0.023596213794683376,-0.02769764132438487,-0.061032028605834704,0.09968725878177703,0.12691927922517524,-0.1189653475245242,-0.027697641324384882,0.07621582307295305,-0.022064640202343073,0.05236707712351514,-0.24419882908550766,0.08235533097581993,0.08235533097581993,-0.008322484427420753,0.19177891950927503,0.021972852037828953,0.12790977405050438,-0.008322484427420755,-0.011773805930454753,0.005360836114613889,-0.008322484427420755,0.02847173781644407,-0.035513871879353835,-0.008322484427420755,-0.05432313627812904,0.12769317304390382,-0.011773805930454755,-0.005385776654756804,0.01356841804180337,-0.019809286608508374,-0.006929369068435599,-0.01442485607422716,-0.022064640202343187,0.012900813847440731,-0.008322484427420755,0.02979460137991709,-0.027194383716400376,0.08865522808114164,-0.05796043166679549,0.08235533097582004,0.09581126682580211,-0.01863520362701952,-0.024867097508002943,0.013684397887134683,-0.021392448814199244,-0.02216634371507476,0.07296310186712572,-0.1307597413374955,0.11116160796241395,0.01740717009748838,0.03626424762607126,-0.10341663473685281,-0.009857088150793896,-0.0031631120410177092,-0.008322484427420753,0.009693969263256587,-0.020049736202903883,0.09368752499444671,-0.041096897578891685,-0.020420861464774745,-0.014424856074227157,-0.03431127895941843,0.05895998970460908,-0.1566769175599809,0.04640313809039628,0.052367077123515224,-0.015337038805259523,1.0,-0.0925146548406788,-0.4620947591920329,-0.04388764067755651,0.2342546557613633,0.013067031696875864,-0.05117273330662015,-0.16205551248965425,-0.03238112524852481,0.017407170097488482,-0.0030138194298846978,0.01312113082081871,-0.04307848122476048,0.03138456770696375,-0.014018253342264557,-0.02206464020234313,-0.011773805930454757,-0.01666210800699309,-0.04606754856560981,-0.013542092440951154,-0.008322484427420755,-0.027528409911965687,0.06462740498365234,-0.04363544647811293,-0.014424856074227126,-0.008322484427420758,0.08879483096840078,-0.037951313544180014,0.059124676584342284,-0.10656254464552811,-0.018635203627019495,0.002547342354327653,-0.0018962224556444626,0.01466350116534917,-0.008322484427420757,0.0016725523990247938,0.015501835112224253,-0.06544241930093929,0.0033549869607846566,0.04204019115353509,0.12802369717577325,0.06815947322405905,0.01917143186728865,0.005272961428113252,-0.1694135858937074,0.04327132196039483,-0.1614302277511033,-0.0586116445917574,0.01740717009748849,-0.014424856074227142,0.04774552932625059,-0.034311278959418386,0.005272961428113249,-0.0220646402023431,0.03633079353056028,-0.012599110295073088,0.06058048880773658,-0.011773805930454755,0.016662108006992887,-0.024589205790195703,0.037279512303226056,-0.0002630712201773179,-0.01177380593045475,0.018635203627019606,-0.008322484427420757,0.028723484698622397,0.0523670771235151,0.03558210979443365,0.021972852037828974,-0.018635203627019536,0.04974550153972591,0.03796392469286654,-0.03702658436935755,0.028723484698622414,0.023612108483045804,0.02376449097222454,-0.024441232735952344,0.05534432564609939,-0.10973165931282103,-0.06848630207188469,0.014874623377434717,0.06450445535906736,0.012279042841815668,0.05753964096352275,0.05041499473682971,-0.06577624805701579,0.0030288565415344747,-0.018477978557255234,-0.022064640202343107,-0.008322484427420757,0.188804503378464,0.20287195568323801,0.08235533097582012,0.05897546168420329,0.05236707712351516,0.039822079892081176,0.1712502321738633,0.10318896336752592,-0.08906021808376768,0.05469633425727208,0.07934578225988963,-0.13028763857573328,0.0017827176931878705,0.1755595530873468,0.021972852037828908,-0.015276585090305066,-0.0026635610179045624,0.02522987273183001,-0.034113003044383,-0.011773805930454748,-0.02269013665804103,-0.006662775834883813,0.0004730884397935061,0.022421109844015536,-0.03898912068344268,-0.041882262894087474,0.04117274041508,-0.020807248464727222,0.028075828466273774,-0.013114937553491907,0.031141007645514262,-0.05962139424752488,0.028723484698622452,-0.02893923051885488,-0.08924306506111356,-0.0026010976262200464,-0.05385947172523475,-0.033462395802345044,0.0932429397555323,0.04417399498366446,0.05411264430194341,0.04023710793046287,-0.06750760627948751,0.08865522808114168,0.004123345187478472,-0.018635203627019512,-0.023672367156954408,-0.051827168134999255,0.09395584985799646,-0.04475168424726584,-0.039708614639311975,0.00429250575703049,-0.03931991175990023,-0.012390005986606997,0.010452124050337434,0.022815114945455666,-0.05255665437842705,-0.0011122761385256646,-0.00825616796226679,0.011997974229821138,0.03610467318947623,0.028978910270563655,0.054606068988237735,-0.008322484427420757,0.03295604195058232,0.02978972502024899,-0.03386949642813053,-0.03697002029657511
BsmtExposure_Mn,0.028048467627034463,0.0054948234619118935,0.03264283572122533,-0.03614863123609072,0.0013982561579837089,-0.01510987897672101,-0.008879500510657045,0.028377839239176583,0.0198607147937423,0.049886395499669556,-0.04119719499073339,0.050849526419421025,0.02736557863544639,0.0275479758846841,0.07922943026885895,0.04349308394088889,0.011444979806859787,-0.00611340038665337,0.0132956506185287,-0.02880859290323451,0.018694907370528948,-0.003111639305166009,-0.0031116393051660034,-0.024168288393205478,-0.043583318439840694,0.029420626212997562,-0.04627283960300892,0.005348617623954901,-0.007619075019517858,0.038071695420644265,-0.024151201188755453,0.03358521045357704,-0.057701021101177245,0.011444979806859787,-0.027584639101397326,-0.010778693722011552,-0.030634182157295957,0.006159216627175269,-0.003467715213334202,0.019234913333119528,0.041959369396510626,0.03225830225720382,-0.047037757356119723,-0.014440971961888814,-0.007791037859757208,-0.011708757334910804,-0.025231207187086317,-0.02292014940351052,-0.00819929061133068,-0.018563997759391743,0.011280642918518257,0.0016881915834582458,0.0009434679020858575,0.014220747308655251,0.0050967327688635515,0.03561735187434909,0.040299557531951614,-0.015506655714445277,-0.02535665989579841,-0.0036205849643494367,-0.05482056848766989,0.012980077968788103,0.034158112932380906,-0.025356659895798432,-0.0005817233162107276,-0.010778693722011552,0.07033579616795695,0.0212094270753369,-0.020981225991227256,-0.0076190750195178555,-0.010778693722011557,-0.00761907501951786,-0.007619075019517858,-0.010778693722011552,0.08109507043229003,-0.055928122471217305,-0.0355972753124539,-0.008576418758635093,-0.028635829444245236,0.01180622734868107,0.01298007796878808,0.03368755612950566,0.012497061749294968,-0.04692759609803314,-0.06282022249543039,0.005610872560689878,0.00416544811685366,0.00429989446980136,-0.020199755307012603,-0.010778693722011559,0.01988436062683917,-0.007619075019517852,-0.00761907501951786,-0.007619075019517859,-0.025356659895798366,-0.017060171836483146,0.02120942707533684,-0.007619075019517858,-0.010778693722011554,-0.012691250523253872,-0.007619075019517859,0.003023621107477531,0.004733196119044144,-0.00761907501951786,0.027273260479512926,-0.02373000217090068,-0.010778693722011555,0.0009434679020858226,-0.02250508416119403,0.043376579228307476,-0.019884360626839185,-0.013205679329741406,-0.020199755307012627,-0.01873457691284707,-0.007619075019517859,0.00405175552536257,0.020762250698226938,-0.02416828839320546,0.030967837941573286,-0.0076190750195178555,-0.01798614663442876,-0.017060171836483156,-0.01988436062683919,-0.023375705038103226,0.03450475946164428,0.0005271384378848404,-0.04296102382508391,0.02036415235909147,0.027129048754688703,-0.028635829444245208,0.015671731397913648,0.006615744738119078,-0.022081186579025178,0.030634182157296068,-0.007619075019517852,-0.01639556494842593,-0.033498942527615344,0.02302704295186676,-0.0376234222429249,0.021209427075336875,-0.013205679329741406,0.03783655470277957,0.02968473545236875,-0.03869179732233555,-0.0009325539101885666,-0.010778693722011555,-0.012036398455548889,-0.0925146548406788,1.0,-0.4230388974727428,0.02912879627968429,0.024632364289419312,0.0025826917757871604,0.04094442430301324,-0.05180088364347386,-0.009905312451246347,-0.0024401458674294064,0.005965786177514848,0.051178691037706635,-0.04051777447246859,-0.008741722833628954,0.03688834216578305,-0.020199755307012648,-0.010778693722011559,-0.01525384060441351,-0.011708757334910808,0.015005844501776633,-0.007619075019517852,-0.030391321849234713,0.014674633432147586,-0.02099899858976518,-0.01320567932974136,-0.007619075019517852,0.04343243812554635,-0.0007157142059508935,0.048142161964780286,-0.03773408437752773,-0.017060171836483156,-0.0074472589358997796,-0.044937570750408044,-0.00433496404777424,-0.00761907501951786,0.048595124859564534,-0.02708079484889439,0.019917342357311227,0.00962739463979022,-0.01517627130475872,-0.0067293826806651205,0.011632889408769252,-0.020071847451916317,0.009695267876338762,0.016091985032919864,0.00027771711087020773,0.002228176665791884,0.060874973559699175,-0.028635829444245194,-0.013205679329741383,-0.044707311844300615,0.10459349713910361,-0.022920149403510497,0.01675719049278494,-0.08000411823817004,0.02982715041203878,-0.04303568481084378,-0.010778693722011555,0.015253840604413205,-0.0029276731296008717,-0.021224688596734844,0.004165448116853662,-0.010778693722011555,-0.02663781216573703,-0.007619075019517857,-0.01525384060441351,0.0582427660768344,-0.02292014940351053,0.02663781216573688,0.026637812165736824,0.022822583988132562,0.04316944295511954,-0.02962228979658574,-0.015253840604413475,0.0017817138984847463,-0.034297593404252535,-0.010261583322044276,0.020435118369861376,0.0346824572226361,0.04936513775755425,-0.01754659604604246,0.008896411223304647,-0.02019975530701264,0.0013460417221633158,-0.02939348977788825,0.011403179110392828,0.017128802618792096,0.029165152001862815,-0.02019975530701262,-0.0076190750195178555,0.04730244634111113,-0.029651154086775725,-0.00761907501951786,0.008451488266354258,-0.01077869372201155,0.011539837687610697,0.05705633312137022,-0.01706017183648315,-0.02441660779024946,0.030843857862899646,-0.009905312451246304,0.0011024275271135043,-0.012046218677175017,0.045449441914334004,-0.017060171836483156,0.001197543304342003,-0.026493311012251414,0.027979408971600082,-0.025687621344285344,-0.010778693722011552,-0.014604712143293591,0.007115848575643272,-8.28745390692706e-05,0.04470384600208808,-0.032069763564369934,-0.029721997075263677,-0.023302793396520756,0.03870579728170359,0.05389077720093375,-0.0019012961402572397,-0.03379471240121041,-0.004663944408143346,0.03358521045357711,-0.026493311012251344,0.023597925502500453,0.01045949233788256,0.04263151465816295,0.01840738138398926,-0.059192936539074065,-0.03429759340425253,-0.055928122471217305,0.01301475669362841,-0.03667499066576715,-0.024168288393205475,0.08381182760407602,-0.017060171836483173,-0.01873457691284711,-0.019119861270604294,-0.0005427799011408658,-0.05185843771955126,0.0440386811022364,0.051617959129915895,0.005913321299706948,0.01600585602150958,-0.04688540416050383,0.0034434219811936427,0.003491676808589761,0.0018999914464296918,0.0030451803867158713,0.02479213131495483,-0.009688217704102877,0.013753900773152708,0.0041654481168536175,-0.0076190750195178555,-0.022540427159626376,0.00794090960467106,-0.020528201491332745,0.0026378526740977316
BsmtExposure_No,-0.13505499384457315,-0.17400026415965544,-0.25189757900065546,-0.2624115855564651,-0.1977211948897423,-0.13252377723204653,0.04826271799948062,-0.2901014836651638,-0.2611775128112189,-0.10601283264978714,-0.19690487797158465,-0.2417480016705139,-0.21944863102190765,-0.07196049803989643,-0.014514725404020006,-0.3199897631727146,0.04181896391604246,0.030147006088861703,-0.12662131637483026,0.11535716058035636,0.07044954494157994,0.07254335948418733,-0.04287896954673519,-0.03179312793330807,0.16481752863902116,-0.1285519225796723,-0.1649151934962448,0.1314878974649805,0.01801034151950239,-0.1064046455921932,-0.007496223325686881,-0.04812828571504747,0.05209521744027438,-0.15020241728027567,-0.12216617783273545,0.02547920247146077,0.07241457544520437,0.07984292283098188,-0.12839809825158013,-0.1730270948094905,0.0350145280470071,0.012330167917641653,0.021897844577936074,0.03626487817657388,-0.0347169617696838,-0.05912621750433275,0.08644171436594913,0.05417976819729043,0.07706114067884416,-0.025121688157362577,-0.12642812930505512,0.14436138020108258,0.05688170381905106,0.04527931859043587,0.036891816472869314,0.010130126625640777,-0.10141128815663315,-0.1270724757681081,-0.058800707741284916,0.06420468931635108,-0.07357532798528087,-0.028417046900371883,0.0013385817752745036,0.026013591114945066,0.026086498704206117,0.02547920247146078,-0.034996504303231896,0.02126363884326783,-0.011905978764525416,0.018010341519502395,-0.05383771780216983,0.018010341519502374,0.018010341519502385,0.02547920247146074,-0.030949993579361096,0.013487272376338563,0.05910846979301387,-0.06221226337575139,0.052639214207072384,-0.02577220912276229,0.03119342504581046,0.026013591114945105,0.07949929644210983,-0.2157290399832255,-0.1928738353239019,0.05866484277608269,0.026013591114945087,-0.04482085597104377,0.026514387122689293,-0.014179257665354538,0.11809572185660719,-0.03805596683545177,-0.03805596683545178,0.018010341519502388,-0.09272642728377674,-0.009888447161846838,-0.07044954494158022,0.018010341519502385,0.025479202471460762,0.048890610865066596,0.0180103415195024,-0.05428362529231743,0.009451474937823903,0.01801034151950235,0.09705732157494326,-0.04655493409083414,-0.014179257665354572,0.045575061535073506,-0.12145684912105063,0.05972261532127878,0.0039046186179271924,-0.0011758778719658807,0.047749167813378526,0.03426841925109604,0.0180103415195024,-0.05708818135606398,-0.01053273126244667,-0.04957778953584809,0.10261969538201914,-0.038055966835451774,-0.026656793861074782,0.04032766712092321,0.07045025887676384,-0.1267980981002687,0.0742011866535063,0.011118368373393897,-0.06389408108010343,0.15586407071688987,-0.17054275244221942,0.02253609914936555,-0.17487155889408162,0.2086855847861993,0.05341618738307389,0.014179257665354564,0.018010341519502385,-0.041152133070376504,0.0818602260803933,-0.19241051001173917,0.08893608239736164,-0.001664657102944139,-0.0011758778719659659,0.05027828924545036,-0.17657787277760634,0.27440035894135223,-0.05774767818575216,-0.014179257665354533,0.00012080162386388339,-0.4620947591920329,-0.4230388974727428,1.0,0.041515959380537065,-0.31062143956940097,0.025218281221822826,0.08525262745815287,0.20760802014668175,0.025665420969556783,-0.0376701309660484,-0.0018749544906751308,-0.005078501509215823,0.04932762901266054,-0.05289070604393966,0.010397381337175667,0.04774916781337855,0.025479202471460766,0.036057773163509915,0.07933144061978634,0.045110321663903316,-0.03805596683545177,0.08857391107240355,-0.09822813294053682,0.06176741631180443,0.031216229544452807,0.01801034151950237,-0.14235395389849334,0.059386246753182236,-0.13991899706739977,0.19393620528021385,0.04032766712092329,0.04027471580615345,0.018692405632446892,0.026452195497753333,0.018010341519502395,-0.07620839267806903,0.005927988988754658,0.009014529531417915,-0.007260387386021878,0.009099456114110633,-0.15238834557788086,-0.07631689075058586,-0.03532482598757446,-0.0020408867906584376,0.20377740869013694,-0.09525953758293514,0.22443764851597903,0.052804515756223386,0.007484541620512061,0.03121622954445284,-0.054598915546984705,0.011920979096080008,-0.002040886790658392,0.026514387122689356,-0.02372570723763745,0.027265209233496766,-0.07769413602456927,0.025479202471460804,-0.007995753537323735,0.026010019259987773,-0.0359516742641352,-0.007912128427546919,0.0254792024714608,-0.015219609979538225,0.018010341519502395,-0.02006626608886164,-0.053837717802169824,0.016699331538657877,-0.009888447161846862,-0.009888447161846866,-0.15800747171424503,-0.033567985288384714,0.1039467865914247,0.007995753537324157,-0.05109797939351504,0.01797810209872081,0.09494004872686045,-0.15646546957061,0.16196033788409886,0.09575106812279802,0.008185659325130296,-0.014844774403021063,-0.03718995494937832,-0.1446830619837397,0.013642877935317693,0.024390455539488348,0.02253275880127022,0.009188922460814368,0.04774916781337847,0.018010341519502395,-0.2575501772039367,-0.10446375510129689,-0.03805596683545178,-0.04705972872821468,-0.0538377178021698,-0.059614559081170415,-0.11466772241632071,-0.03499650430323189,0.12632464554026274,-0.09780270044844212,-0.04341559096325086,0.16719204722260875,-0.018649242564927334,-0.23081348277028493,-0.009888447161846833,0.07263481067923726,-0.03485167061421808,-0.07548114136743463,0.07737847895239754,0.02547920247146074,0.021401829317437514,0.0002865142364909776,0.016356846360198178,-0.01890517928747313,0.020430751539264214,0.05265171545512786,-0.004291274104274559,-0.005503049736160884,-0.05769233866165672,-0.010520380005096449,-0.015249569829540373,0.10483006931677757,-0.020066266088861594,0.04637987328226709,0.1340932703985798,-0.014362352657760206,0.06852606166321873,0.04423619587430927,-0.18300808584465034,-0.15869132429447744,0.013487272376338559,-0.09946811241255167,0.11721545381416557,-0.12071643594600857,-0.03477199411336858,0.015219609979538185,0.05688170381905101,0.06293303632860561,-0.14271353971181697,0.07743792010397701,0.054265839589854016,-0.005902049960239662,0.03692921340190988,-0.13042976168502507,0.03627835195173689,0.027532357790236585,0.016864222640204724,-0.01163598417870003,0.026645415422173566,-0.05254303684965687,-0.015806387376941854,-0.02948049104183438,-0.007912128427546922,0.018010341519502395,-0.04323276700740813,0.009590578643436959,0.06807922257085591,0.005490406760140454
BsmtFinType1_BLQ,-0.01579341492648423,0.011909730078368562,-0.18170720897682166,-0.14541241347981476,-0.18496412709431836,-0.04367811583213993,-0.1484639357446604,-0.04175169153539466,-0.05022372073311992,-0.1171769712588328,-0.19761418267973593,-0.10982027502802591,-0.019926581900502435,-0.049431959846638396,0.0697508963098866,-0.13291383782570157,-0.05049324074309025,0.05183682024426195,0.04068593241521103,-0.032465309279571544,0.021575325778702484,-0.029617869987272366,-0.01588150080639008,-0.027892018144954782,-0.003613037673913852,-0.03829002767861464,0.019765276327462413,0.023270067653601824,-0.008792984229363452,0.032095899726128634,-0.022684440577990257,-0.017604076548431137,-0.023471328438799073,-0.006481221946128001,0.016479939821821377,-0.012439421277254198,0.05183682024426195,-0.010218314020506922,0.03576750896360773,-0.09122810360981788,0.03498017300051121,0.04369091291449196,-0.08033053262624172,0.018039468873792767,0.02700788069958082,-0.012186398471571769,0.19605165517758041,-0.02645157210336479,0.016660015557546284,-0.057090608349037085,-0.06909670773903583,-0.05481690137630038,0.008147327659854642,0.06723252558458169,-0.011303167653428257,-0.06475004729513359,-0.04433104756097374,-0.026397774555690475,-0.0030198194027713002,0.027649377090596453,-0.03779272713131361,0.005811429922050516,0.04152879260256189,-0.003019819402771286,-0.0280656624505944,0.04891718367136454,-0.019688718318712634,-0.02157532577870241,0.011714837371674924,-0.00879298422936345,-0.012439421277254205,-0.008792984229363454,-0.008792984229363452,-0.012439421277254208,0.04498311882925947,-0.052300438736349306,0.022027737152260904,-0.07237011199797434,-0.009761251051273585,0.08807712248111096,-0.024930192129376076,-0.029263488022092936,-0.07448943947575747,-0.010839505419779004,-0.039490236043849686,-0.014624812852194862,-0.0030198194027712608,0.017200754255699415,-0.023312033205679386,-0.012439421277254212,0.02806566245059447,-0.008792984229363449,-0.008792984229363449,-0.008792984229363454,-0.003019819402771254,-0.0196887183187126,-0.021575325778702435,-0.008792984229363452,-0.012439421277254205,0.0490590979632251,-0.008792984229363452,-0.03610726300801812,0.07897424428655693,-0.008792984229363454,0.06152382032129619,0.02646349396685505,-0.012439421277254208,-0.009345464080421492,-0.1529555819763875,0.02684348006181998,0.02341155762210388,-0.015240344764553193,-0.02331203320567942,-0.026838255820697644,-0.008792984229363452,-0.035235066503121845,0.05865828889992593,-0.00037691916412100886,0.07254889084272809,-0.00879298422936345,0.10419984045793292,-0.01968871831871262,0.006252484264537761,-0.1579475984716393,0.020127162581674393,-0.012144538294112026,0.019179511161482393,0.03056416397507726,-0.08004344975174743,-0.009761251051273576,-0.17062975819654927,0.19248633441100882,0.01922106945572832,0.031770954343257385,-0.00879298422936345,-0.034375321544915564,0.25058659396168304,-0.23566335621227644,-0.04342025214205796,-0.0215753257787024,-0.015240344764553186,-0.02296514593708056,-0.16372786914487228,0.22034764206036223,-0.039490236043849714,0.048917183671364564,0.0371220674820696,-0.04388764067755651,0.02912879627968429,0.041515959380537065,1.0,-0.21272484779154663,-0.07760651561997689,-0.10632962916349606,-0.2303285407970984,-0.035806924809631595,0.08338532760793804,0.10830800289513899,0.11454532440599538,-0.13706133956645997,-0.011720123965282716,0.024171334337089484,0.009540832122787722,-0.012439421277254212,-0.017604076548431144,-0.012186398471571748,-0.0026293687341217794,0.0779486169521949,0.1775458096342349,-0.0034030462871647315,0.004430252423995221,-0.015240344764553188,-0.008792984229363454,-0.04322014130255077,0.014729779191392834,-0.13149546958178415,0.17017444583877153,-0.019688718318712658,0.04498311882925941,0.02337470043319652,-0.01171483737167491,-0.008792984229363456,-0.03470658434334294,0.13214261153461018,-0.002388839354432094,-0.0005348918395448797,-0.03167833675228529,0.017130805829343593,0.0014812118893912701,-0.06598985446588307,0.03153535773284028,0.003958340888686062,-0.038937916225110926,0.12486117234119225,-0.023744955552627196,-0.00976125105127356,-0.015240344764553177,0.0311567435979474,-0.022965145937080527,0.002541892814737772,-0.023312033205679393,0.028786914944637712,0.03133571523039198,0.017883243302724644,0.04891718367136457,-0.025811382506821485,0.042398571328880065,-0.03606269379772462,0.04946751783587208,-0.012439421277254205,-0.05800189991188351,0.0779486169521949,0.025811382506821308,-0.012439421277254208,0.0025418928147377387,-0.019688718318712647,-0.019688718318712658,-0.09321754882589156,0.03487430243420279,0.08418395099097531,-0.017604076548431134,-0.0054401942043959955,-0.039581996126322086,0.08610030928344634,-0.09466210897113969,-0.07771434999169166,-0.0005514296041730906,0.04581618947872565,0.010414340888244476,0.00954083212278773,-0.0008546881178262288,-0.0173569300384551,0.06158356616743572,-0.048806280709261046,-0.021513911997211817,-0.023312033205679396,-0.00879298422936345,0.05735059221204883,-0.034219656533050306,-0.008792984229363452,0.048765861385016325,-0.012439421277254201,-0.07255895542777269,0.0871302800108531,0.019156590796585268,0.20141365213571347,-0.19475699944246705,-0.03580692480963157,0.20153717764134935,-0.10768670489805955,-0.09880302249347406,0.019156590796585254,-0.034065783782616044,-0.030575268693061004,0.04192588319382886,-0.03949023604384963,-0.012439421277254198,0.008923615589396347,0.02846534107523418,-0.04066655506233921,0.02828029959895782,-0.03385527238177844,0.026472202837747722,-0.02761252530899503,-0.026650900835442932,-0.02866315537240799,0.07013462855359864,0.011745190969484117,0.021447920282977886,-0.017604076548431137,-0.005440194204395983,0.003065281472265582,-0.09171627221608813,0.010492219803151896,-0.03535414468272251,-0.033456224409821725,-0.0005348918395448953,-0.0523004387363493,-0.07495856950424182,0.006853963016233324,-0.00037691916412101845,0.04733226915919349,-0.019688718318712658,0.00814732765985464,0.061181320889898215,-0.1382593343500755,0.11082316705343132,0.05368892118178105,-0.024091464192946548,-0.004286972708512316,-0.015300601941393452,0.019747171800841533,0.07036391074722227,0.04190994696268028,-0.02363107414107885,-0.06761018651025015,-0.03703671422448597,-0.02268444057799028,-0.037524728831005966,-0.0030198194027712525,-0.00879298422936345,-0.01276792293012955,0.012204073896474552,-0.0067952957457553375,0.0157923069439555
BsmtFinType1_GLQ,0.0761619346331433,0.013541722259142446,0.4334481274856086,0.4794247050962878,0.4016790541111335,0.22076454025768344,-0.15973476645891369,0.31739606633836354,0.24640508955532453,0.1935214865805982,0.396856442174657,0.3108154531386922,0.1723134854224395,0.1528650541335098,-0.008335823156176356,0.43459734688277624,0.10572075839470868,-0.037561705716192405,0.08334152104238907,-0.13355522510628204,0.01700127349605819,-0.025115259125079677,0.039086328733428134,0.020888251436897466,-0.11581645797337285,0.04736543536308755,0.036084578616877576,0.018314176835213324,0.041335012438132555,0.04375675862233674,0.03900618326709543,0.05376702121566389,0.02975199412422385,0.010214809116671055,-0.011644280772065849,-0.023457974899583192,-0.06667003392513114,-0.11330750324650792,0.021914220767955,0.20488655532175817,-0.06273098913624459,-0.08776266323267723,0.01595501410117831,-0.0924887286268956,0.0018768177551643473,0.008171328752669736,-0.17801407493988,-0.04988176705534088,-0.054923510274937574,0.20417612608387697,0.18950937841090892,-0.16076532223999357,-0.07191868476311937,-0.07036389978419459,0.10086244146005977,0.11183818499842817,0.12663768407121004,0.06776456798674306,-0.00261639890029524,-0.07407168920093256,0.09809821165946477,0.014564965268908171,-0.019248722895017497,0.014906272633792197,-0.005085009350430287,0.017509301838923297,-0.01119185436578234,-0.04068625374820066,0.004425546437013101,-0.016581607676717288,0.05847657857742988,0.04133501243813257,-0.01658160767671729,-0.023457974899583213,-0.061754282506321666,-0.015433137078494042,0.006175282463412825,0.1940572317323472,-0.046772670495804185,0.01256205176458504,-0.026486867342300147,-0.05518441350255746,0.06779511489976459,0.11961593819417274,0.039601255048374945,-0.028124207859952677,-0.05518441350255746,0.04244562849943517,-0.04396129672021091,0.05847657857742987,-0.029285887184885777,-0.016581607676717288,-0.016581607676717302,-0.016581607676717288,0.032428944167879614,-0.011191854365782301,0.030368687008226335,-0.01658160767671729,-0.023457974899583213,-0.08594258512868667,-0.016581607676717288,0.10250265625223273,-0.03189722353051349,0.041335012438132576,-0.0931238342225211,-0.04006555043677682,-0.023457974899583192,-0.06023889836110004,0.2713036828626567,-0.16965589087834348,-0.0165419748622023,-0.028739892072117138,-0.043961296720210895,-0.04855911195908058,-0.016581607676717288,0.10550171477315129,-0.01417983996594904,0.03925984607416867,-0.08683332077423461,0.041335012438132576,-0.0800527673522485,-0.037128532737277904,-0.06236983690929029,0.2731418762339254,-0.17918108322600346,-0.027403063083519467,0.16983724660456467,-0.25535948892626126,0.18941102230713464,-0.06232096260051135,0.3767298481277801,-0.4196388897626446,-0.07751701572753149,-0.0545482095751073,-0.016581607676717295,0.08781178925819937,-0.31338911575289374,0.4537622996551576,-0.08188091408596435,-0.017001273496058306,0.03818234465083501,-0.09926150859689546,0.3590132164503906,-0.4626910422103562,0.0542944780142269,-0.02345797489958323,0.0345351741268402,0.2342546557613633,0.024632364289419312,-0.31062143956940097,-0.21272484779154663,1.0,-0.14634858446239304,-0.20051397218615993,-0.4343482713746135,-0.07592737260718341,-0.06232096260051139,-0.027495886685267167,-0.05186713405158189,0.10752124419178961,0.09481240584452202,-0.07076327165162996,-0.0439612967202109,-0.023457974899583196,-0.03319736317303921,-0.11802902363341457,-0.0938690559846254,-0.0165816076767173,-0.23812213214746153,0.160946416240796,-0.08693868526981441,-0.02873989207211708,-0.016581607676717295,0.172144808024907,-0.1049275532638943,0.31600476748372003,-0.38315411716641484,-0.037128532737277856,-0.07226503704808296,-0.08775201190697,-0.06453064223272618,-0.01658160767671729,0.15374901021380047,-0.014760940379950915,-0.08336259603561406,-0.061607111424951094,0.0641975416352207,0.23442860778890517,0.020860414250642216,0.030594910580693253,-0.030523080213023607,-0.26365073444959486,0.14099087023927254,-0.34732395868153637,-0.10827953035605763,-0.0001277941816825498,-0.02873989207211711,0.1040351468317888,-0.08935571211354158,-0.030523080213023662,-0.043961296720210964,0.10672413114018314,-0.09173749774516364,0.16746911649330765,-0.023457974899583192,-0.02477889308609613,-0.07595301691268558,0.07338285740814043,-0.03766174196847001,-0.023457974899583203,0.01119185436578257,-0.016581607676717288,-0.004209235043471494,0.0584765785774299,-0.030523080213023673,-0.01119185436578233,0.01474482400571319,0.13180176249932346,0.00472122628935895,-0.07043271668690936,-0.004209235043471445,0.009471751760736842,-0.035535696155261656,-0.051289550340781226,0.13112085679121913,-0.054005162113485744,-0.16712026748283634,0.037283893096559544,-0.02919576602723616,0.02184542906055592,0.15567820201265414,0.01234173522135112,-0.03712126995757332,-0.04284831384517472,-0.0383347981039469,-0.0220257214599553,-0.01658160767671729,0.42836979598492486,0.1007583712054848,0.04133501243813258,-0.006019596682000543,0.017509301838923255,0.1033674995369648,0.02854868740257332,0.04068150237720871,-0.2960278128153552,0.2765117054570122,0.02601668110487082,-0.28815287750977925,0.14083916965117643,0.23071838889516774,-0.011191854365782329,0.06550080875897829,-0.00731072101920947,0.07527329976221633,-0.0779445286784407,-0.0234579748995832,0.017269881984787957,0.021325826694401563,0.013499056219634199,-0.036735287476808154,-0.00574170375708869,-0.045410259832818226,0.02229198942340025,0.022095103331246653,0.009621123971684856,0.009257394610746938,-0.014556487789355447,-0.1410636970398729,-0.0042092350434714855,-0.05765813935904859,-0.17393842780215957,0.16669475000071707,-0.11585322097983317,-0.037561705716192446,0.018576394267013244,0.04267854965380667,-0.015433137078494035,0.23741800171790187,-0.0301036844739638,0.07600303534871125,-0.05969521384374282,-0.011191854365782326,-0.0485591119590806,-0.09637099109401512,0.31748194572999255,-0.1730044349735554,-0.1643912580392918,-0.025288426370542454,-0.028589671702809776,0.08662384628732807,-0.04119692593444104,-0.037717817556444974,-0.034237476887995784,0.0029261328426428974,0.03836635946803848,0.024211946760596084,0.03900618326709546,0.052818518553369755,-0.002616398900295255,-0.01658160767671729,-0.04784649474956493,0.025989494251469014,0.02238070035561331,0.04150654292286121
BsmtFinType1_LwQ,-0.05711185607202865,-0.021709905865716927,-0.09338960344961876,-0.14818135942928293,-0.11681057209107183,-0.06281775347472353,-0.09346522399096747,-0.016780208184814255,-0.024210270692680606,0.0018348989660833049,-0.13393357761899066,-0.09235405831363769,-0.04346461246336646,-0.04171580321926136,-0.005466083024615274,-0.084577068527557,-0.049877401455240396,0.005669803649237925,-0.040808067128127436,0.07841923585733623,-0.03396553068483792,0.036325120663823034,0.017424665863687044,0.018670288131801466,0.020196037307080077,0.007996811872190873,0.02366538441692801,-0.05619447673976903,-0.006049320559056111,0.002997586271565416,-0.024451396998005973,-0.012111098963648573,0.011686515499271044,0.010680607796028661,0.044576839193521296,0.07586519880204126,0.005669803649237917,0.032937630505313266,0.05875744388088766,-0.03705160212662152,0.0070588599356499835,0.023877133033138348,-0.04146300436418022,0.022344588738809686,0.0040271357388543165,-0.04305947970494287,0.022450033692089255,0.021695420223023676,-0.024355925757952847,-0.02037624373658501,-0.05452159058834207,0.0732959780857035,0.06577781844886704,0.0035490035490035538,-0.015704558964434654,-0.05780828748218922,-0.030498487250727846,0.001450723626324312,0.05208712137165857,-0.001438793951076749,-0.01691886241138943,-0.017151256030442243,0.0010190312300220538,-0.020132439124658143,-0.007503419989007483,-0.00855796449901075,0.03990364095383689,-0.014843204354397692,-0.007423197514025628,-0.006049320559056105,-0.00855796449901075,-0.00604932055905611,-0.00604932055905611,0.07586519880204129,-0.01237290317453353,0.02298734743406699,-0.021782941201978132,-0.009055363757080883,0.009305082270296828,-0.023714250672991738,0.06744615547106343,-0.020132439124658126,-0.03767995301628585,0.0024766840136805058,-0.019598396829605867,0.0012732083212654143,-0.020132439124658084,-0.011768960195784628,-0.016038009174812785,-0.00855796449901076,-0.03971637821767752,0.1133021391196185,-0.006049320559056098,-0.006049320559056109,0.05208712137165845,-0.013545272617357423,-0.014843204354397664,-0.00604932055905611,-0.008557964499010756,0.05950568834306747,-0.006049320559056108,-0.0326435801113282,-0.01958382520952363,-0.00604932055905611,0.01614150801741094,0.030136527834501978,-0.008557964499010758,0.04170874202396834,-0.09215933935346703,0.07676993326798015,0.01610647911433503,-0.010484919397835517,-0.016038009174812767,0.017639665599069643,-0.006049320559056108,-0.03210547842732546,-0.01335364086878495,-0.019188907246573697,0.02784017315687672,-0.0060493205590561065,0.018997066046140577,-0.013545272617357445,0.06332627732102002,-0.08896040758886678,0.10067179086754388,-0.018160910581392787,-0.044463273781239716,0.06877686690814695,-0.06058796535070706,0.07338725262234086,-0.10414976374906797,0.10346837886247062,-0.009543406490207856,0.03747000672539837,-0.006049320559056101,-0.028420914405216182,0.11254910969772315,-0.13070080681847857,-0.029871886166383553,-0.01484320435439766,0.058469955921263035,0.0454406391780732,-0.09052068087171335,0.1015418398032395,0.025820110108845898,-0.008557964499010758,-0.08592262125466946,0.013067031696875864,0.0025826917757871604,0.025218281221822826,-0.07760651561997689,-0.14634858446239304,1.0,-0.07315173039746393,-0.15845941955955803,0.04889415478394223,0.2015515933264294,-0.04167623285178279,0.08707637498380046,-0.1926578153161298,-0.008063108611193559,0.0024808106172268056,-0.016038009174812767,0.07586519880204132,-0.012111098963648568,0.008953901736769692,0.00660201897987179,-0.006049320559056106,0.0707000261428722,-0.002341198088314479,0.014636204495452429,-0.010484919397835519,-0.006049320559056106,-0.08553364349737914,0.019816355282216935,-0.08090985433370254,0.09209453978942335,-0.013545272617357437,0.09592708864092779,0.026433167728563352,0.06935387391675304,0.1133021391196185,-0.11041057260713649,0.006877988813044273,0.019528086842768314,0.026495295846634803,-0.02179378568112984,-0.0668443531302065,-0.026532553877981733,-0.05851921950369136,0.06158876219483043,0.10176720235438723,-0.06467280810739577,0.10154183980323954,0.027442304443930886,0.009305082270296814,-0.010484919397835505,-0.02301820752595775,0.004613972593465904,-0.01819792174878305,-0.016038009174812757,0.011457378567362116,-0.011457436822674865,0.03504063893681315,-0.008557964499010758,0.01211109896364871,0.004351552315692283,-0.01920979710685403,0.052087121371658496,-0.008557964499010758,0.013545272617357782,-0.006049320559056109,0.04762607835705055,-0.008557964499010754,-0.018197921748783045,-0.013545272617357466,0.039903640953836875,-0.06977279223597095,-0.010484919397835512,0.025649297928470427,-0.012111098963648568,-0.021034906543553316,0.026495295846634844,0.04296008938355097,-0.07070475445493818,0.02532518571066659,0.057688369854299135,-0.029871886166383605,0.03602944824864017,-0.016038009174812767,-0.026342439108393484,0.035236594065846547,-0.04237632354092195,0.0018054927989228317,0.0245365320325785,0.07436930123146766,0.11330213911961846,-0.043310413525977524,-0.023542140687338172,-0.0060493205590561065,0.05413030469719925,-0.008557964499010754,-0.04991847697702918,0.013576523417433185,0.039903640953836875,0.06945553606976294,-0.055818728451414404,-0.03513817715785359,0.09554148602912603,-0.0425982190620132,-0.07744867618184949,0.039903640953836896,-0.026676524003417842,0.013549511872649255,-0.008200490159159494,0.010680607796028613,-0.00855796449901075,-0.027557121321562277,0.019583336953104474,0.009021704816885247,0.005946612719915354,0.009707598119179518,0.001189267439399486,-0.013354827756286866,0.012398790950837017,0.006382443898479951,-5.672093620271064e-05,-0.015704558964434668,0.022113171690524847,0.04762607835705049,0.013549511872649215,0.10159661828625094,-0.047623053184278945,0.03081264036984925,0.005669803649237907,-0.015023413913992607,-0.0003679902200921233,0.022987347434066982,-0.01859315117825088,-0.01833505419045676,0.01867028813180147,-0.011457436822674853,-0.013545272617357471,0.017639665599069643,0.01790965052807566,-0.07938320996055044,0.04319238137469824,0.07738183233868907,-0.02378471907721882,-0.02858025781409031,0.004027135738854366,-0.011490127381519572,0.032436328960985486,-0.0026237788267271106,-0.005047196212544946,-0.013810803947636882,0.0028096033011361377,-0.02445139699800603,-0.02581593548551637,0.01597734112350021,0.11330213911961846,0.032320483657209916,-0.026210010071707066,-0.0009735291839425143,0.010864653521380267
BsmtFinType1_Rec,0.03168352416182763,0.03537757253014671,-0.17081148038773095,-0.2090498385226454,-0.23887714673847693,-0.003986487751588325,-0.10231254140243784,-0.030998141857727948,-0.04061119192491624,-0.0618066088887069,-0.23030732187503866,-0.10590614804396642,-0.1083160298284366,-0.061017279385618156,-0.017825633888907802,-0.1356666273433355,-0.05679651760876396,0.058130371396762484,0.030003116394173725,-0.03245195443303158,-0.016870924390379866,0.003819148602317387,-0.02499716643325558,-0.02629095476431488,0.04809919685572015,0.018915882815619317,0.011059823922824006,-0.0898500633871022,-0.008288247534334289,-0.0345557075198325,-0.05773886029321845,-0.01659356371407129,0.06454186804971614,0.04707352294505079,0.020670193292693737,-0.011725371050416567,-0.010460961231960483,0.008731370136159423,0.007798158045546436,-0.08360765704865286,0.08237694656272176,0.03666212211267629,-0.06519779731128895,-0.005612193948147183,-0.012173448083363896,-0.032562490130485934,0.1879160518237556,-0.02493319350361786,-0.018020874304905524,-0.053813481468828514,-0.0747006931357463,0.02410586545006178,0.04995510730733411,0.07877078223453786,-0.05287989215674123,-0.06909388705107972,-0.041786347621857914,-0.03680231975481876,-0.027583699244584075,0.0480534735006803,-0.04002035109270957,-0.023499144096809112,-0.03635257416298777,-5.656260952410843e-05,0.011366019308535112,-0.01172537105041657,-0.01855854244732174,-0.020336854476621202,0.03225537274804739,-0.008288247534334287,-0.011725371050416567,-0.008288247534334289,-0.008288247534334289,-0.011725371050416577,0.01941833780714958,0.003378056765258999,-0.04107023664469851,-0.08326217005044338,-0.031150873587264174,0.056483345505015055,-0.023499144096809078,0.08252484729565569,-0.09068813518983844,-0.051049180071778784,-0.033714286374582986,-0.045740024217390866,-5.656260952411927e-05,0.05365761097939232,0.012485690433583871,-0.011725371050416574,0.024630484358409116,-0.008288247534334285,-0.00828824753433429,0.08269552239144061,-0.027583699244584092,-0.01855854244732176,-0.020336854476621213,-0.008288247534334289,-0.011725371050416569,0.03200459793922323,-0.00828824753433429,-0.042313920516143355,0.00514890599747248,-0.008288247534334289,0.10618727014159113,-0.025814174486913023,-0.011725371050416569,0.1049999802648491,-0.16396750220203862,0.08365394465266578,0.04736252297547922,-0.014365515349770725,-0.02197387106553234,0.03160681632149555,-0.00828824753433429,-0.053548421198951424,0.035096201446719086,-0.026290954764314863,0.0976242598443302,-0.008288247534334287,-0.031615675284704714,0.022186528188903435,0.1013572784758954,-0.1697872105829125,0.11185180805751889,0.00804858745890025,-0.023464514572649108,0.017299322717047184,-0.05605657651442619,-0.031150873587264084,-0.18395143710014442,0.2083173468244783,0.025153814671305275,0.021423046355272365,-0.008288247534334282,-0.03481074241339625,0.23649440748077089,-0.2488789054511382,-0.040927833869507234,-0.02033685447662115,-0.01436551534977072,-0.03405399957167751,-0.18932308117667535,0.2504299835994691,-0.03371428637458301,-0.011725371050416567,-0.00713079154656498,-0.05117273330662015,0.04094442430301324,0.08525262745815287,-0.10632962916349606,-0.20051397218615993,-0.07315173039746393,1.0,-0.21710717437355861,0.1280200022956538,-0.031150873587264157,0.05191179929340619,-0.06204325561676192,-0.05907325466655687,-0.01763822191854789,0.029342632846932035,-0.021973871065532325,0.05263192869999019,-0.016593563714071283,0.03352207421551009,0.03876515015917381,-0.008288247534334285,0.1255565417177839,-0.041941331732319787,0.02721593106453711,-0.014365515349770795,-0.008288247534334285,-0.07327419779026373,0.0213652939654471,-0.1766753288545061,0.20016507583527693,-0.018558542447321736,0.035930145144620826,0.030031134441584336,-0.03225537274804745,-0.008288247534334289,-0.04608583659938541,-0.03212840259823245,0.056635454910871234,0.0036468325475801752,-0.037776323404239316,-0.05310864559273751,0.0056535661440657555,-0.07017620782001094,0.005478220460694645,0.08491872304024868,-0.028578035841178406,0.11211888415513539,-0.018323079597691395,-0.00672537657469398,-0.014365515349770755,0.013493080913583406,0.028191808722093006,0.03588963442500718,-0.02197387106553233,-0.040367189699409715,0.021260907617397705,-0.043926582424904485,-0.011725371050416572,0.016593563714071263,0.1145320917525797,-0.12554986008056285,0.08252484729565585,0.05263192869999017,-0.022186528188903466,-0.008288247534334292,0.02894516377191385,-0.011725371050416565,-0.02493319350361785,0.02218652818890344,-0.018558542447321767,-0.09559654965674985,-0.014365515349770723,0.0603098384824856,-0.01659356371407133,0.023908470797941592,0.024125199930145697,0.04259781897992603,-0.09687344240661142,-0.031144087672569466,0.05483583532717057,-0.003487584841010642,0.06542140610542378,-0.021973871065532308,-0.046527692802400065,-0.025519932394873966,-0.005939049805926834,0.05122552226664812,0.021730794282040767,0.04694525193270014,-0.008288247534334287,-0.03185947519603778,-0.032255372748047434,-0.008288247534334289,0.007450536054506877,-0.011725371050416565,-0.08722839221056188,0.04881272212007644,-0.018558542447321733,0.18098497172834463,-0.1762013349630571,-9.872161945511479e-05,0.14452176618802157,-0.053109579191949856,-0.1046492518365883,-0.018558542447321733,-0.05303938872412351,0.02390847079794167,-0.009098545386682403,0.01245017609377924,-0.011725371050416572,-0.022309249887231413,-0.03353937943130139,0.049604549028804165,0.009724770233959169,-0.00029721718267735015,-0.03449524173176921,-0.02678305896336654,0.014771480612665908,0.03872600020423493,-0.0020682842741615655,0.007559001336950769,0.07531987842741025,0.02894516377191388,-0.02882018081081182,0.08687578833986348,-0.09577752578645289,0.006406099468586218,0.03526659385385484,-0.027830198885234695,-0.037309902217550914,0.00337805676525899,-0.07969199824865983,-0.04380093029035509,-0.026290954764314894,0.021260907617397736,-0.018558542447321764,0.0316068163214956,0.009923988671209368,-0.12374176170088683,0.10735571611158666,0.05704201885228641,-0.01713759970663417,-8.029697508716671e-05,-0.012173448083363882,-0.0175509947785011,0.042302423364290444,0.02333756226309713,-0.016923839142239282,-0.035863290635748626,-0.008973450627164758,-0.0037963000448748615,-0.013799606787026474,0.02747057402553594,-0.008288247534334287,0.022956639537420765,-0.0040635304805179155,-0.027033953812018185,-0.0215591333152581
BsmtFinType1_Unf,-0.031982884585574974,-0.06686581519425207,-0.024833713879791507,-0.13336595764220582,0.0002627781799459557,-0.11964127329549772,0.5192402138561939,-0.24353740808090976,-0.14890389355774905,0.028062476069128917,0.012475811177548174,-0.07609061473742523,-0.09304787516780166,-0.015483252007157023,-0.02248930150191685,-0.13300083026731052,0.04420699167376688,-0.001661696841721576,-0.1803352307859529,0.17004496374136413,-0.001855201617680895,0.06120395567233226,-0.018794052637072595,0.014268187114859773,0.08572174540467535,-0.008019372357395005,-0.061692523052924816,0.012901489283046854,-0.017953791199750997,-0.04826687803389738,-0.025237864588910107,-0.007850845222003912,-0.01471287537800974,-0.06971196315239898,-0.04936920297787072,-0.025399200821008352,-0.001661696841721542,0.12366404220415281,-0.053065830928979256,-0.019246944345307916,-0.010501430530245139,0.017520647729248568,0.14754501669436762,0.09497882411051461,-0.033368547083709656,-0.054412426199848915,-0.15036087647789176,-0.054009650200788475,-0.05626089104713713,-0.06323739058674195,-0.004135480660676177,0.180552946736686,0.022677587484365446,-0.07143008385609086,-0.03633077570842684,0.07167447715027127,-0.033919468459520964,-0.029097070920573984,-0.04276909198662966,0.01341433343526555,-0.0428260225954146,-0.011118054345201904,-0.013960046574353444,-0.008805059187891935,0.029796833725347173,-0.02539920082100836,0.01007178166754396,0.09367195964528188,-0.06119302879463092,0.03817583439261825,-0.025399200821008352,-0.017953791199750997,0.03817583439261827,0.0143040467150433,0.02123107216541282,0.06629686011842235,-0.015235522785727705,-0.06822061662642454,0.0681387702298107,-0.14749758100420615,0.04855973736066141,0.05912300640958349,0.11695278949329307,-0.10123778846467409,-0.06259202847576374,0.07120314603345325,0.059123006409583526,-0.08687924157588232,0.05869456745460117,-0.02539920082100837,0.025720493021726402,-0.017953791199750973,-0.017953791199750983,-0.01795379119975099,-0.025787075587260764,0.035208194034405824,-0.021098987889219194,0.03817583439261827,0.054007294251094864,-0.024168729104700883,-0.01795379119975099,-0.033111650104032365,-0.13908630374954234,-0.017953791199750997,0.002586619693654494,-0.08721999043507193,-0.02539920082100837,0.01135817629558819,0.08688293804014802,0.08904079067945758,-0.014617027672311727,0.0013104744072566785,-0.005081717698252501,3.876510681087201e-05,-0.01795379119975099,-0.023610936278654106,-0.127184281008194,-0.021341305513679132,-0.00602319582922489,-0.017953791199750976,-0.09624526955415529,0.03520819403440579,-0.014617027672311714,0.08892068027555151,0.06871500868545519,0.053911073216712506,-0.13825666053597652,0.14994516075115197,-0.02047060241945408,0.06813877022981027,0.03083985341490283,-0.029644540837456927,0.08612563825731494,-0.06706041672870094,0.038175834392618256,0.017663572424796912,-0.2512151989553796,0.07700293297460815,0.18851442375223465,0.07071777013838147,-0.03111821431468835,0.1421283522083177,-0.028756488600864927,-0.001253501280563988,-0.034112289769222155,0.01430404671504328,-0.03407429516177289,-0.16205551248965425,-0.05180088364347386,0.20760802014668175,-0.2303285407970984,-0.4343482713746135,-0.15845941955955803,-0.21710717437355861,1.0,-0.10428666982898326,-0.06747823080316578,-0.12369097906259152,-0.13439652376231662,0.2456239560513436,-0.07787313877379308,0.016534281809537286,0.07995332917221913,-0.025399200821008376,0.07643028730833235,0.07604782998700003,0.05107836990391195,-0.017953791199750976,-0.08033065295432582,-0.17035514939580887,0.08026215572067702,0.06616785185114678,0.03817583439261825,-0.12080229799544083,0.09585762934782222,0.004674295141566298,-0.014976797739964128,0.0603446064012676,-0.03988762391379068,0.030424468154370596,0.03206774043598012,-0.017953791199750976,-0.023334317203044654,-0.09440680882383652,0.11863970003611216,-0.0050187860843932675,-0.07556151710514819,-0.1793151376979236,-0.03987443690945333,0.12866198783133495,0.0022744963325099948,0.13379228456348782,-0.0517727491487343,0.09290016403768746,0.1370902994093161,0.007864547548487668,0.0661678518511468,-0.13414083279252392,0.10372772408448794,0.0022744963325100425,0.10121209088983706,-0.11813871448335254,0.0869927083759947,-0.2385457412358082,-0.02539920082100836,0.0359445560654493,-0.0643683564914451,0.06143509091789553,-0.05975110838599851,0.01430404671504327,0.015064630699317872,-0.017953791199750994,-0.03594455606544931,-0.02539920082100836,0.03979726068804247,0.010071781667543963,0.010071781667543958,0.1113138596615124,0.0013104744072566844,-0.09653917519843042,0.02024286562144156,0.018893737597475604,0.04551519793777313,-0.10790126854046564,0.1103055650644278,0.2079970994405806,0.12380662604029212,-0.05401042654331393,-0.06572400338746374,-0.026340479415870376,-0.08876615609392413,0.0016692940164527762,-0.024118740333312044,0.07017633541345111,0.05282205825158295,-0.0050817176982524675,-0.017953791199750976,-0.5182250443291914,-0.06987076881929753,-0.017953791199750976,-0.11994778764049503,0.014304046715043268,0.02094633753053446,-0.14056078521686302,-0.04020104306617966,-0.08246987964920557,0.07159778361274173,0.05379110625336371,-0.0034785668802308914,-0.06979658938977797,0.04057096899973303,0.010071781667543972,0.023995408825684707,-0.013635574775536641,-0.1341408327925238,0.12964620779339125,0.05400729425109488,-0.0367085757892116,-0.033420480465174374,-0.010443564597198895,-0.0010675908691867824,0.008049192487119551,0.012617124427548245,0.042328779782471515,-0.0010939330195143483,-0.027422091982852243,-0.0017472260692706768,0.02332667688181992,0.07563626419369679,-0.00785084522200391,0.06768770615699393,0.12282938541778173,0.04134119975932512,0.11694000199814072,0.06886380864994929,-0.0492616901692731,-0.06818626611210117,0.06629686011842235,-0.09198348949208567,0.020586730444163166,-0.05695079814221792,0.01453423408074889,0.06034460640126754,0.03399699867314275,0.05889141950257751,0.018921963206086048,-0.060640555343638367,-0.03200566748629489,0.02014165847468476,0.011608108873035736,-0.06074594452243746,0.029324429864958472,-0.11253039265000027,-0.06767267707463374,0.06946865068342029,0.08870065009112511,0.03332926585420172,0.032998978061498895,0.016534281809537265,-0.008805059187891923,-0.017953791199750976,0.016747874096564242,-0.03341171620481619,0.013530115012637702,-0.036060840101118825
BsmtFinType2_BLQ,0.018183321444079324,0.057244349020903,-0.07758774829532593,-0.05247888260287812,-0.05237554978991314,-0.02394690865766857,-0.07231738151138817,0.010033029830993436,-0.0019994793292881104,-0.03829460702332444,-0.04455407554516222,-0.009752851780837122,0.01044255694495027,-0.04820093247952925,0.0010672482964276518,-0.057102002531656856,-0.032825742464210377,-0.016007421402721964,0.05622979716434061,-0.03785092668777882,-0.06226336237593352,-0.02584911710301965,0.0020442391204901315,-0.012628767920295691,0.02001218461727503,-0.003297540103322527,-0.024179161670536544,0.020821625374344982,-0.003981230636748935,-0.0023405243030096504,-0.02773465905525604,-0.00797066013745838,0.02281780884804143,-0.032825742464210425,0.03464046929850996,-0.005632240863920685,-0.01600742140272195,-0.03093035989602445,0.04593471813500284,-0.021103077995363574,-0.028931741418591877,0.013495387052942164,-0.03637153999320954,-0.024521294621179853,0.02645045267612324,-0.02833867343120867,0.08824957629606689,-0.011976572060304164,0.007400350389211256,-0.025849117103019684,-0.0358822159770715,-0.026800476755126323,0.015449300262610877,0.06990223776939103,0.015595482306464925,-0.03804528507545188,0.015449300262610764,0.004083726679085844,-0.013249733197818516,-0.016725041414619512,-0.006425823805437597,-0.011287731456865633,0.02319889258422334,0.04004120473280146,0.01436700639619257,-0.005632240863920681,-0.008914530780917047,-0.00976873672776136,0.01549375518193873,-0.003981230636748929,-0.005632240863920686,-0.003981230636748935,-0.003981230636748935,-0.0056322408639206826,0.009567875580357621,-0.02922438144628576,-0.026490751947717495,0.007270169946401706,-0.014963212883466368,0.02387460679732596,-0.01128773145686561,-0.013249733197818515,-0.060647912092564545,-0.024521294621179895,0.03420304634382764,0.02464857662069151,-0.013249733197818525,-0.02861377366051743,0.056156637972510456,-0.005632240863920691,0.020476563933444023,-0.003981230636748925,-0.003981230636748929,-0.003981230636748935,-0.013249733197818532,-0.008914530780917041,-0.009768736727761344,-0.003981230636748935,-0.005632240863920685,-0.0032975401033224737,-0.0039812306367489345,-0.008723331970220736,0.012605015535316018,-0.003981230636748935,0.026115633883105897,0.027447517944258763,-0.00563224086392069,-0.020071925538037664,-0.054397022452968236,0.01778884160569575,0.04921057672582913,-0.006900424919293623,-0.010555071905329477,-0.020071925538037678,-0.0039812306367489345,-0.0082678910314025,0.004243685374762382,-0.012628767920295674,0.02818235371079651,-0.00398123063674893,0.043396048994335905,-0.008914530780917035,-0.020476563933443916,-0.06195288842507988,0.04784561773838561,0.004083726679085803,-0.020604519597304236,0.030916273223271833,-0.03084693263015827,-0.014963212883466318,-0.04913836118675423,0.05243905492943273,-0.021264368515402098,0.04147377363432512,-0.003981230636748925,-0.027840264467105944,0.13638773124669987,-0.1078303621588136,-0.01965954146785035,-0.009768736727761344,-0.006900424919293617,-0.023832608199430838,-0.04634024349412739,0.07843144787335327,0.03420304634382761,-0.0056322408639206826,-0.008112097984632924,-0.03238112524852481,-0.009905312451246347,0.025665420969556783,-0.035806924809631595,-0.07592737260718341,0.04889415478394223,0.1280200022956538,-0.10428666982898326,1.0,-0.014963212883466349,-0.027428319169729952,-0.029802260253673368,-0.42457857737290006,0.022764382215007168,-0.016990204481296085,-0.01055507190532948,-0.005632240863920691,-0.00797066013745838,-0.02833867343120868,-0.0055518004874483195,-0.003981230636748928,0.04379367909524558,0.040118109585082086,-0.020873908252024263,-0.006900424919293621,-0.003981230636748929,-0.019346371742413947,-0.025193020956579697,-0.058711896222218354,0.06808297427830164,-0.008914530780917038,0.07349967579693471,0.007073730707955575,-0.015493755181938792,-0.003981230636748932,-0.06822667898987432,-0.02312543798177993,-0.0019260635625986426,0.06136817932110482,-0.0008383081024125324,-0.004788728235604829,-0.01746183151297486,-0.03851316974398926,-0.011976572060304157,0.023520122182927594,0.03518936085842772,0.01379917910495542,-0.028038078911883493,-0.01496321288346633,-0.006900424919293618,0.033610875262205846,-0.023832608199430828,-0.011976572060304167,-0.01055507190532948,0.029514529844645816,-0.02202609925903384,0.045507524044239175,-0.00563224086392069,0.007970660137458528,0.09228331766541512,-0.08591011375046542,0.04004120473280144,-0.005632240863920689,0.008914530780917253,-0.003981230636748936,-0.007970660137458384,-0.0056322408639206826,-0.011976572060304135,-0.008914530780917057,-0.008914530780917045,-0.04591946737646676,-0.006900424919293622,0.04574642007602632,-0.007970660137458379,-0.013843672781892021,-0.017921680686694322,0.03508914934900072,-0.03006302081255589,-0.030347273598882323,0.003937165771730176,0.01658153245015668,0.023481746264914238,-0.010555071905329467,-0.0032975401033224936,-0.05454077310416825,0.0725139113250607,-0.0236859044695454,-0.018370637765445938,-0.010555071905329479,-0.003981230636748928,0.06304242558184234,0.03020499747590083,-0.003981230636748933,0.0038833321486200145,-0.005632240863920688,-0.015686599515693407,-0.010252482441423832,0.06996555976537909,0.07703581057706908,-0.07714354375293209,0.007878363169183125,0.04940898770130802,-0.005805420981152043,-0.043223687767090825,-0.008914530780917036,-0.048703958307508836,-0.013843672781892073,0.03361087526220579,-0.03282574246421043,-0.0056322408639206826,-0.004359814481497165,0.010728459444438308,0.059486759367330874,0.005170939729147284,-0.03309773289307743,-0.003630699711243164,-0.012614736939486351,-0.009615086923166647,-0.019484883257997805,0.024735995553494698,-0.007805755275692134,-0.03386927994785337,-0.007970660137458388,-0.013843672781892047,0.04242770745576192,-0.05433462053352318,-0.008267891031402528,-0.016007421402721933,0.03985071447418845,-0.017921680686694315,-0.029224381446285766,0.000653329440024125,-0.009615086923166675,-0.012628767920295684,0.01045683500176352,-0.008914530780917052,0.015449300262610875,0.016930911036211367,-0.051616732851636024,0.02809656923487104,-0.008403766613134758,0.05049494989246691,0.01901675099940672,-0.016505788599894492,-0.003561259070210047,0.009242958606225544,0.050691664920106363,-0.0048121729152504865,-0.03070527617205328,-0.035387568934788956,-0.02773465905525602,-0.016990204481296112,0.04004120473280144,-0.003981230636748928,-0.026871113123306162,-0.009887863125080634,0.02578644885634438,0.02900713196884311
BsmtFinType2_GLQ,-0.040486683911981965,0.0002299187013792342,-0.001984730400019017,0.019379373368844526,0.016305208038554196,-0.04950767652565954,-0.07421670879695663,0.014759835893520378,0.007751620616965307,-0.016436765707651697,0.008333474412172238,-0.014262460406853429,-0.02969738063476417,0.019499215550378066,-0.0029596379890876024,7.551406179755978e-05,-0.021239752212987698,-0.010357531578558614,-0.03504902154190439,0.05737825008257014,-0.1035410205132777,-0.016725557473414098,0.11090151871744593,-0.008171388710395792,-0.027275123476135758,-0.01852914232472503,0.029675871572202354,-0.013262439209868743,-0.0025760377642485358,0.06009679621053572,0.021872891269411592,-0.005157380567343915,-0.04836128051128007,0.012837212875981505,0.06549026500425979,0.18638076665967043,-0.010357531578558586,0.015971247431400784,0.037486298897709575,-0.010147300748611646,0.019559154558802232,0.0011434933199183101,-0.0235340449009742,0.0288535614369858,0.12035190888801077,-0.0183364139403672,-0.041998874445247115,-0.007749388249152303,0.009674450026171753,-0.0167255574734141,-0.02321742994958454,-0.028499372331655483,-0.012987451093612745,-0.022736002905725205,0.08688087490535865,-0.024617034291185055,-0.01298745109361276,-0.016085029860559864,0.07270503323539379,0.006855589314957338,-0.022121198470513286,-0.007303676967915321,-0.011298601240319216,-0.00857318156068196,0.03989340814036614,-0.003644316666529876,0.1145381428582654,-0.006320818112729144,0.010025166110770216,-0.002576037764248533,-0.0036443166665298724,-0.0025760377642485353,-0.0025760377642485358,-0.0036443166665298746,-0.014492543209109702,0.01901340580638165,0.06600033112258653,0.04995122128620203,-0.009681881051175666,0.01459602829763727,-0.007303676967915303,-0.008573181560681943,-0.01934686216027654,0.07357351865354557,-0.021239752212987698,-0.03301516847913727,-0.008573181560681946,0.022269345207541463,-0.006829612829135399,-0.003644316666529876,-0.039893408140366265,0.266067900507384,-0.0025760377642485323,-0.002576037764248535,-0.00857318156068195,-0.005768107913725578,-0.006320818112729159,-0.0025760377642485358,-0.0036443166665298746,0.020117354523987167,-0.002576037764248535,0.04970594994177265,-0.0220938923422999,-0.0025760377642485353,-0.002153027789361642,0.025897286831289425,0.18638076665967068,-0.012987451093612754,-0.028511413744715303,0.0004978195615989177,-0.013249270586763928,-0.004464889578961357,-0.006829612829135404,0.04118877346831475,-0.002576037764248535,0.05044005223070119,-0.019844950204599417,-0.00817138871039579,-0.0010344262197256226,-0.0025760377642485336,0.015141394354640321,0.11453814285826518,-0.01324927058676392,-0.027095285433342223,0.002282611820168675,-0.016085029860559843,-0.049883531083523884,0.06646941853035385,-0.030502310926956867,0.06243825330962258,0.01967504896179786,-0.02444407220867899,-0.01375901607481469,0.014056649999472374,-0.002576037764248533,-0.006297114512011424,0.013053183755064009,0.011260574561688379,-0.012720619795679046,-0.006320818112729151,-0.004464889578961356,-0.015420784260920658,0.04372747504772236,-0.050387459925342125,0.012837212875981595,-0.003644316666529876,0.001953536966513642,0.017407170097488482,-0.0024401458674294064,-0.0376701309660484,0.08338532760793804,-0.06232096260051139,0.2015515933264294,-0.031150873587264157,-0.06747823080316578,-0.014963212883466349,1.0,-0.017747373221458067,-0.01928342135338267,-0.2747217001466284,0.014729593338388514,-0.010993437044849,-0.006829612829135409,-0.003644316666529876,-0.005157380567343913,-0.018336413940367235,-0.024818949480131428,-0.002576037764248533,-0.017047281787556205,-0.0025372721916826417,-0.01350637047960221,-0.0044648895789613586,-0.002576037764248535,0.03010885533502956,-0.016301033348987238,-0.008878012288751477,-0.0006739647816571764,-0.0057681079137255785,0.034261173577296335,-0.015193560765591071,0.05967360780220369,-0.0025760377642485336,-0.056793501555942566,0.03232313086082122,-0.05178865069723085,-0.01159614462462492,0.051353933596017434,0.02773979319098267,-0.011298601240319209,-0.024919777007052838,0.08204511051086669,-0.027245132619048568,-0.03173054463717313,0.005941553467460035,0.021273555768693005,-0.009681881051175659,-0.004464889578961353,-0.01160490191068385,0.03052685863896542,-0.007749388249152307,-0.006829612829135412,-0.018479545957828282,-0.01425189060051331,0.029445443178629085,-0.003644316666529875,0.005157380567343818,-0.019283421353382662,-0.045656142478970464,-0.00857318156068196,-0.003644316666529875,0.005768107913725717,-0.002576037764248535,-0.005157380567343914,-0.0036443166665298746,-0.007749388249152317,-0.005768107913725592,-0.005768107913725579,-0.02971198929900531,-0.004464889578961357,0.01765251013760775,-0.005157380567343918,-0.0089574875549473,-0.011596144624624941,0.027699494917281603,-0.030108855335029522,-0.02909455283795416,0.0202182731384741,-0.012720619795679068,-0.0029192215391179457,-0.006829612829135407,0.058763851372699454,0.05827610279050618,-0.052414391383678954,-0.02075599032846512,-0.011886640326811951,-0.006829612829135394,-0.0025760377642485327,0.09116479021115298,-0.010025166110770213,-0.0025760377642485345,0.007191942657286875,-0.0036443166665298746,0.024990350877204037,-0.0026806062904361876,-0.005768107913725575,0.024990350877203957,-0.01920469934383719,-0.014963212883466385,-0.041051751592644264,0.015572704257578807,0.0056385129300394864,-0.005768107913725579,-0.016484964738323796,-0.008957487554947303,0.021747768934982467,-0.02123975221298774,-0.0036443166665298724,-0.018909507413997072,-0.027531094162935744,0.03921168494863068,0.021160547450888127,-0.026480041732744097,0.01448664258354631,-0.029711989299005363,-0.020895460323964384,-0.025070104676120725,0.007532596650040559,0.05118980080242579,-0.021914968549730404,-0.005157380567343917,-0.008957487554947316,-0.00897671498980658,-0.015101978141286658,-0.020370021093167788,-0.010357531578558623,-0.02001335326280471,-0.01159614462462491,0.019013405806381643,0.03461118721569483,0.01369339690164554,0.16226043296357387,-0.014251890600513304,-0.005768107913725585,-0.01298745109361277,-0.019833002365618996,0.0018048568923288355,0.010853197170168433,0.020923290725323423,-0.02241049176129726,-0.012170593824927634,0.12035190888801123,-0.026249305087598627,0.006525325543859352,0.01801906485403831,-0.03624777075488113,0.004350345740356995,0.008940878105329777,-0.017945589096350176,-0.01099343704484901,-0.008573181560681951,-0.0025760377642485327,-0.0026039403021624707,0.036089492499591626,-0.037343098663053534,0.02860477634888239
BsmtFinType2_LwQ,0.005914702753543904,-0.002190844731744447,-0.04699017671278887,-0.02172912213737349,-0.08071075920240418,-0.02922010275245245,-0.17038960109756604,0.010006852507017796,0.026097383249672066,-0.02230577041723213,-0.07446948394173551,-0.01680598668438779,0.07009057006235281,-0.02524114533391513,0.0069533429800654155,-0.03760394773113718,-0.03893353034009951,0.01867632220001226,0.06465612635962553,-0.053561749475971934,0.011586376399236582,-0.030658785131592,-0.03065878513159205,-0.014978565055123565,-0.025583579460523573,-0.012404552656509192,-0.0033942685938460576,0.021948335728184377,-0.004722006332554305,0.000612766663115976,0.011533087186471997,-0.009453737067202761,-0.0012688032689810798,0.07513259868306839,-0.017095886335854186,-0.006680215102439392,-0.018985874501669865,-0.03668547959745399,-0.025220966065279862,-0.048118712860489174,0.02975135454282295,-0.03338539917824151,-0.04313908382683789,-0.029083898685707633,0.016973384406400758,0.0534743011785188,0.118491560043866,-0.014205017059054562,0.10254734725062829,-0.03065878513159203,-0.042558712752239415,-0.03756753129545889,-0.02380664878399749,0.011949472169018772,0.002809432009819821,-0.04512425765838565,0.006417444454816695,0.04439567544955661,-0.015715071487504916,0.024801429873704543,-0.007967026849971606,-0.013388005941554135,-0.020710902357969463,-0.0157150714875049,0.0053609166704415385,-0.006680215102439399,-0.010573230902697671,-0.011586376399236478,0.01837663194109863,-0.004722006332554308,-0.006680215102439393,-0.004722006332554306,-0.004722006332554305,-0.006680215102439396,-0.026565558066729698,-0.013505457250585657,-0.0314198070557889,0.005965786177514865,-0.017747373221458057,0.055883086224155255,-0.013388005941554117,-0.01571507148750491,-0.05128285887584893,0.045761857038968984,-0.0009114873323769087,0.028947324419439136,0.029628810670117897,-0.02974657702619366,-0.012519022615135907,-0.006680215102439393,-0.005360916670441621,-0.004722006332554309,-0.0047220063325543035,-0.004722006332554305,-0.01571507148750488,0.05654380004486149,-0.011586376399236473,-0.004722006332554305,-0.006680215102439393,0.009155741246471094,-0.004722006332554305,-0.018066235393690188,0.09833752311714962,-0.004722006332554306,-0.021170119268284052,0.09883542401892008,0.09933189413192478,0.03664153769363082,-0.10032636588254513,-0.02805032358236836,-0.024286577037303445,-0.008184366377936842,-0.012519022615135919,-0.023806648783997447,-0.004722006332554305,-0.017587337133569823,0.10653909356137763,-0.014978565055123558,-0.008231135551971577,-0.004722006332554309,0.08635674226568688,-0.010573230902697666,0.03500841037818649,-0.106219048708319,-0.002373933417717726,-0.029484665914067253,-0.00017502682210189058,0.01220013567589897,-0.028184035603395396,-0.01774737322145802,-0.08623997707857839,0.10063911776287632,-0.025220966065279883,0.005227994427996051,-0.004722006332554308,0.0072887882154605114,0.15840893714054233,-0.1214359820249866,-0.02331753364133415,-0.011586376399236431,-0.00818436637793683,-0.002633577991120179,-0.019611581858042133,0.05017254210359924,0.018099534171484362,-0.006680215102439404,-0.006942739338899772,-0.0030138194298846978,0.005965786177514848,-0.0018749544906751308,0.10830800289513899,-0.027495886685267167,-0.04167623285178279,0.05191179929340619,-0.12369097906259152,-0.027428319169729952,-0.017747373221458067,1.0,-0.035347477823388394,-0.5035786453856147,0.00022010937093427192,0.015381354264131909,-0.012519022615135917,-0.006680215102439393,-0.009453737067202761,0.009931367703539766,0.03598253746615092,-0.004722006332554312,0.11641414506035438,0.03168554927341139,-0.024757854026690077,-0.008184366377936847,-0.0047220063325543096,0.04117731571826781,-0.029880611134422107,-0.03570038755521318,0.06150199353300721,-0.01057323090269768,0.027832358872155804,0.05014525089872275,-0.018376631941098686,-0.004722006332554307,-0.028707190376194958,0.051712680806170745,-0.03289814978504149,0.012476532303140074,0.010876108241968087,0.016760547221718828,0.013886257187379986,-0.04567920022999781,-0.014205017059054543,0.007167807385654522,0.0060902425873246725,0.018747440657329403,-0.033255040527540455,-0.017747373221458015,-0.008184366377936849,0.039864750453249546,0.02299991445578283,0.03588997063712809,-0.012519022615135924,-0.02788435617584937,-0.026124429773694245,0.053974973148313114,0.2053440033662893,-0.2155863083368631,0.006204307701689777,-0.02943985439260047,0.02962881067011793,-0.006680215102439394,-0.05654380004486143,0.14515036857025643,0.06555961140081923,-0.006680215102439397,-0.014205017059054543,-0.010573230902697706,-0.01057323090269767,-0.054463565546220526,-0.008184366377936826,0.04724217851529029,-0.009453737067202766,-0.0164195236363611,0.04620937890051865,0.012821616832565686,-0.055191040881128216,-0.07029273666918094,0.005009681818283428,-0.023317533641334147,0.019503350870679594,0.15777078811248937,-0.012404552656509195,-0.02988946975115859,0.028917250936711054,-0.007897155770058627,0.044073840380969447,-0.012519022615135919,-0.004722006332554308,0.06774689343905861,-0.018376631941098683,-0.004722006332554307,0.05994811821077106,-0.006680215102439393,-0.019561662522862247,0.02003929204231509,-0.010573230902697664,0.04355441987134521,-0.04081220358580319,-0.0010479858444297466,0.057508742227005805,0.008211139246276304,-0.05595328885705697,-0.010573230902697666,-0.031380294632406824,-0.016419523636361108,0.021257801712282743,-0.019922508836238216,-0.006680215102439393,0.0499643954935831,0.05530960591362079,-0.032422445146264,-0.03876178577780162,-0.010061406939248332,0.01739360695043766,-0.011956363640937882,0.019587369016063148,-0.02956639804046636,0.026187346979087676,-0.017102076409291313,-0.04017123572710618,-0.009453737067202773,-0.01641952363636109,-0.020212034986833004,-0.05266725956771901,-0.017587337133569813,0.01867632220001223,0.003465045299309792,0.04620937890051866,-0.013505457250585657,-0.012275204761276123,0.0002907706601574793,-0.014978565055123573,-0.026124429773694235,-0.0105732309026977,-0.023806648783997474,0.024375244845716848,-0.0700825627373195,0.10438192594893465,-0.01646558591798216,0.013246667971894012,-0.022309308469714635,-0.019576971394993235,-0.0008842527858960382,0.05350671824848877,-0.005843953935217895,-0.012817174054025438,-0.045662806857417644,0.011314198909299448,0.011533087186471978,-0.020151521092881684,0.029628810670117932,-0.004722006332554308,0.00595220821164871,0.03304479791435364,-0.04321986783352317,-0.01827334547026941
BsmtFinType2_Rec,0.020716910669449997,0.10851176370047913,-0.07970453299456103,-0.06268056581831996,-0.07592220836952464,-0.02364949833919826,-0.10496101474237207,0.029905536794524158,0.04923841603153455,-0.014349855789917007,-0.088995373281965,-0.016877043445531942,0.04697533916620035,0.004402443721638279,0.058186727858456924,-0.03949393653165606,-0.042303255865217465,-0.020629115825179355,0.06600292136189688,-0.0413735281698875,0.012589185750330018,-0.033312325407147916,0.01062262951104172,0.027727728055651657,-0.009131370591384507,-0.016948746591932393,-0.007757996446833194,0.018114297153927133,0.13358821119140488,0.022524541850448037,-0.015181308675917885,-0.010271964924394963,0.00881892342638471,-0.007110803692443973,0.05869026356612823,-0.007258392605155712,-0.020629115825179314,-0.039860634686675694,-0.000942460763512709,-0.042409088879114945,-0.017518791805622484,-0.010037860996757847,-0.046872803081980274,-0.00850921355681402,0.012558914969619885,-0.036520671370901196,0.15759103744896968,0.030932459693154786,0.07160314704799556,-0.01134484794805307,-0.046242200466418706,-0.016018453588761306,-0.02586713164733363,0.020896516849313856,-0.04021713766532367,-0.04902979516051278,0.0021076922083012295,0.03634559971142743,0.024894179484863964,0.04762713359125011,-0.038027338755980813,0.03461587171593562,0.009519001568378668,-0.017075222418024477,-0.026388598041960552,-0.007258392605155714,-0.01148835177009793,-0.012589185750329874,-0.052013174650782486,-0.005130699434093795,-0.007258392605155714,0.13358821119140502,-0.0051306994340937955,0.0908643222423197,-0.0036900076946786947,0.0015021921328344278,-0.034139214335460334,-0.01645426417142772,-0.019283421353382693,0.030107866794675715,-0.014546747647163575,-0.01707522241802447,-0.05092243070547182,0.014582704273945205,0.0632741006531031,-0.08081233211107172,-0.017075222418024474,0.058723373057133293,0.03893640883315102,0.09086432224231969,-0.05593480610603615,-0.005130699434093795,-0.005130699434093791,-0.005130699434093792,0.0668635813877522,-0.011488351770097925,0.04413986114930471,-0.0051306994340937955,-0.007258392605155711,0.06287438251845895,0.13358821119140504,-0.022784317102676612,0.03829621226194049,-0.005130699434093795,-0.03182392591494677,0.05554149944484443,-0.0072583926051557075,-0.025867131647333612,-0.08391223880515727,0.056095697969792975,0.0010525366740382859,0.07125162097006854,0.03893640883315109,0.0580573399195711,0.13358821119140504,-0.022289012050864122,0.04519350132619391,0.027727728055651723,-0.0401732319273644,-0.005130699434093796,0.045904437616220185,-0.011488351770097936,0.0010525366740382956,-0.08886136247241234,0.05007146977565224,-0.009242523637957488,-0.019386163969527446,0.027733816833665006,-0.04791916145592534,0.017957048456060012,-0.09270061868378252,0.1008949696735857,-0.027403859123677238,0.019355713613748535,-0.005130699434093792,-0.004619128299800277,0.1504717472458657,-0.11638189190201849,-0.025335683231356636,-0.012589185750329863,-0.008892729273614078,-0.030713606057661307,-0.09444320613769856,0.13545123029416306,0.010485422393942767,-0.007258392605155721,0.0019427630606182868,0.01312113082081871,0.051178691037706635,-0.005078501509215823,0.11454532440599538,-0.05186713405158189,0.08707637498380046,-0.06204325561676192,-0.13439652376231662,-0.029802260253673368,-0.01928342135338267,-0.035347477823388394,1.0,-0.5471637454378557,-0.020237069457567786,0.043881405518199953,-0.013602553178309709,-0.007258392605155707,-0.010271964924394951,-0.036520671370901175,0.020395294683657382,-0.005130699434093798,0.08108054989819964,0.022272789116834283,3.690077421044457e-05,-0.008892729273614073,-0.005130699434093797,0.008084556727191468,-0.009958951910439688,-0.04200935616944534,0.07124329171181805,0.050633846690431555,0.0718344488599599,-0.0061972509595954435,0.016023015887681825,0.1335882111914048,-0.06180173241141102,0.019031970913962054,-0.04573099727020389,0.0705713061847734,0.03027281687688612,-0.0241722645992732,0.041541449240804565,-0.01913451846400776,0.07729939106071737,0.0138657435910308,0.019148281019316538,0.026377030285258334,-0.03613328860639679,0.055197518265502836,-0.008892729273614067,-0.008351599189060595,-0.006987751642748359,-0.015434471674407828,-0.0136025531783097,-0.0007708208790732229,-0.02838551827680645,0.0322193990300596,-0.0072583926051557135,0.010271964924395019,0.019282440335071913,-0.018403739658344187,0.024894179484863974,-0.007258392605155717,-0.05063384669043184,-0.005130699434093792,-0.010271964924394954,-0.0072583926051557135,-0.015434471674407828,-0.011488351770097957,0.05063384669043157,-0.05917742697637719,-0.008892729273614081,0.02291270673609509,-0.010271964924394965,-0.01784064541556788,-0.0230960638422895,0.03490269740721483,-0.05996786583356307,-0.05376134890383843,0.04471869907370531,0.003206058680511164,0.04978064122392533,-0.013602553178309714,-0.036904528869530225,-0.010469750745544817,0.03110284382463862,-0.009027665449692142,-0.023674644698324542,0.03893640883315107,-0.005130699434093797,0.04626357457194725,0.01602301588768176,-0.005130699434093798,0.11228430047569962,-0.0072583926051557135,-0.007602472536075775,0.06394898150678545,-0.011488351770097936,0.06542127682359922,-0.05382485140433991,-0.029802260253673336,0.05304592084893311,0.011149440622481745,-0.06271131682035501,-0.011488351770097932,-0.013464902397465403,0.06255238639532437,-0.008351599189060603,0.010485422393942847,-0.0072583926051557135,0.0015021921328344167,0.0011112356971743546,-0.027215638096299014,-0.026642578965803236,0.08286804384955425,-0.006477615839366877,-0.006718991405332455,-0.0058964282765491885,0.010742794491076846,0.0012525784227252282,-0.040217137665323546,-0.009441856403727333,-0.010271964924394956,-0.01784064541556785,-0.02831189576028154,-0.027509169194975484,-0.04057101069932576,-0.020629115825179373,0.0344644312680453,0.039348849509085765,0.0015021921328344278,-0.0493319834648306,0.011964122104699363,-0.016274970815273817,-0.002803507977956208,-0.011488351770097946,0.002107692208301254,0.03544605203060052,-0.09046110537441193,0.044939121666297266,0.07748901188340016,-0.01111283422357418,-0.024240195433764215,-0.02127137258692079,0.0060085980977008496,-0.010871289174311889,0.06606607214699954,-0.010149864281580783,-0.042532372194997316,-0.012724284909522236,-0.015181308675917887,-0.02189564998136053,0.024894179484864,-0.005130699434093797,0.01590899008730777,-0.002179439154333615,-0.004313867108095762,0.028240100486508962
BsmtFinType2_Unf,-0.019565428459265906,-0.09645789231597969,0.10844404277688775,0.07213837603828485,0.10723360108260917,0.056528980587224185,0.24337870883107185,-0.04722452611366683,-0.051677472443816666,0.038691965732536866,0.12000042633292951,0.01895557244901744,-0.08523058754431631,0.027383844614320262,-0.03441594309053398,0.055904710882168245,0.07731370401992779,0.016977213471994813,-0.10106366535759982,0.059246297448885314,0.044445322011622504,0.06088182136499288,-0.043599470663087676,0.0035836436050652766,0.03211276802802945,0.03185446579897448,-0.012617129420938903,-0.028090158861034234,-0.07309462598183233,-0.03791004157372371,0.016426983123605316,0.018773109530813466,-0.001870635629892048,-0.027299834320289606,-0.08089188362832397,-0.045070684891836084,0.03770190550302527,0.05075558855380776,-0.04430792369751851,0.06434710248069835,0.00938505416881755,0.020243493493648138,0.08566503806729987,0.030297098705690077,-0.061688652075613894,0.006843579576552592,-0.18775124264385282,0.0006419523217604583,-0.10592922397064414,0.034761498357972764,0.07485925758970322,0.04721847412794973,0.03064327247974229,-0.054948843954341874,-0.014153877507453054,0.08960717074059389,-0.0026200567547735388,-0.03631082090420248,-0.04364848511029546,-0.026301177967706434,0.039284817790584826,-0.0026425575082045056,-0.015986761542945576,0.0062550295811934975,-0.01702952502723491,0.013265485269582924,-0.015936864070108536,0.023008077299155917,0.006301845047078766,0.009376899469075843,0.013265485269582938,-0.07309462598183233,0.009376899469075831,-0.04507068489183606,0.022819546878426984,0.022263386841907026,0.036869414449098685,-0.0003084550530801912,0.03524250558295216,-0.058062055018767926,0.026585730082542034,0.031206786926938058,0.09185094925953674,-0.03834623479882194,-0.07960660349039807,0.035141266852151125,0.006255029581193482,-0.00805784685809114,-0.037611084940920025,-0.045070684891835966,0.04965827376708132,-0.07309462598183228,0.009376899469075887,0.009376899469075925,-0.04364848511029548,-0.015936864070108532,-0.010718622356233349,0.00937689946907583,0.013265485269582924,-0.051194677176923185,-0.07309462598183233,0.020872631246953495,-0.08267585748347084,0.009376899469075913,0.030239020253230157,-0.12135437172292893,-0.10340685505325495,-0.00262005675477347,0.14700330989279395,-0.03457277218053997,-0.0007151506573117309,-0.031395216812779514,-0.006375485388165076,-0.019251721372031357,-0.07309462598183233,0.019802535996624383,-0.0894686522340427,0.0035836436050652107,0.02642437787461363,0.00937689946907585,-0.11544906345432765,-0.0159368640701085,-0.0007151506573116715,0.1556802822579351,-0.06063593588908794,0.017895517050946445,0.030916625004171118,-0.056552252414434526,0.07288424499060335,-0.009038095235559178,0.13028781766073394,-0.13779099312827917,0.050083470171708645,-0.046029635634215534,0.009376899469075835,0.018211483618185722,-0.2608153099961759,0.19790041393618166,0.04630365853476318,0.023008077299155983,0.01625240953509793,0.042026828756210145,0.08850017807256098,-0.14267541017929009,-0.07960660349039841,0.013265485269582954,0.03458385998620995,-0.04307848122476048,-0.04051777447246859,0.04932762901266054,-0.13706133956645997,0.10752124419178961,-0.1926578153161298,-0.05907325466655687,0.2456239560513436,-0.42457857737290006,-0.2747217001466284,-0.5035786453856147,-0.5471637454378557,1.0,-0.009407097326450481,-0.018642286169168697,0.02486011416458997,0.013265485269583068,0.01877310953081344,0.030804313825393816,-0.009291146231965699,0.009376899469075857,-0.1343147167865727,-0.059497667178733706,0.033148837335787336,0.01625240953509781,0.00937689946907587,-0.03248316171524853,0.032573685490535,0.07318994525388423,-0.10543122542040859,-0.01593686407010855,-0.11188343873816356,-0.030533532058864214,-0.006301845047078686,-0.07309462598183232,0.10788728902395135,-0.04714888328186727,0.0714773427591153,-0.06916421842156227,-0.04948514923120172,-0.013006429591898168,-0.015986761542945496,0.06351132092568527,-0.05449042354707874,-0.004881811412182954,-0.028649296614928668,-0.025950674390073477,0.05393719969238002,-0.03117839564481485,0.01625240953509788,-0.027967902275694387,-0.00028984019831864913,-0.026924235612659088,0.0248601141645899,0.011235526559332357,0.05187755678894909,-0.0836155036563433,-0.10340685505325496,0.1050615587597929,-0.06699772462599873,0.09985123204918726,-0.06860024245603996,0.013265485269582943,0.052869914137344015,-0.07309462598183233,-0.06378333599625755,0.013265485269582938,0.02820814025617999,0.020996185997127107,-0.0528699141373443,0.10815304827811963,0.016252409535097927,-0.06971629078903886,0.018773109530813327,0.03260567894770023,0.005085604295702992,-0.06066461786450169,0.10188620967270638,0.10341668337051133,-0.03920291932548398,0.012366238122737946,-0.05433895778895796,-0.0688466844936749,0.008126139234432235,0.028607981991852265,-0.05025699879807121,0.02578074563417635,0.0070251435780758955,-0.0063754853881650385,0.009376899469075823,-0.15021541386212656,-0.006301845047078686,0.009376899469075866,-0.13182273532846714,0.013265485269582903,0.02563225977566797,-0.0634749130184155,-0.01593686407010854,-0.11763482560619754,0.10941355171983515,0.010917223501368646,-0.07469718554721945,-0.018765121187743084,0.08890769684392391,0.02099618599712721,0.052969198074886994,-0.015189794208567116,-0.03820690361032666,0.0354682886838409,0.01326548526958293,-0.0243047289019099,-0.024512568238003487,-0.014379163684552339,0.0074338774101217935,-0.01273646419031694,-0.00232032135701942,0.03018373636519507,0.001730961056273005,0.02812924744109181,-0.028781466960845152,0.029673611699082347,0.04926695975161417,0.018773109530813393,0.03260567894770014,0.017169099222170785,0.06413756372341131,0.05240971932941202,0.01697721347199476,-0.0707612200589161,-0.03203930706292936,0.022263386841907026,0.03547195724216,0.0017309610562730108,-0.022576954711910915,0.02145939096089055,0.020996185997127114,0.014011607862484364,-0.02806236566420041,0.13633261544795872,-0.0990480609415545,-0.07261286047774591,-0.018073231741361388,0.008879716807205652,-0.0013500419614582487,0.008912816299160574,-0.02611748434746645,-0.07870111535673317,0.03825039564100154,0.0727107219133667,0.005154826168976714,0.01642698312360526,0.020463658955811637,-0.04364848511029541,0.009376899469075823,0.002101048179281904,-0.028884494276767224,0.027777149784165782,-0.03389725280901981
Heating_GasA,-0.0003039426901831973,-0.07968183609225861,0.11226383452205005,0.2165381954575894,0.16811905088730272,0.06783216031838937,0.038620454999990894,0.09574302985323913,0.04643510333384933,-0.0034656381054981116,0.15036068153434648,0.08700998549023005,0.0886283803618788,-0.0017566353108769803,0.0022793230112006973,0.09252891316304215,0.03231323655514834,0.01575749870663389,0.08277111167664693,-0.10791898427814474,-0.009616218157846131,-0.031186298070244024,0.02544553673393054,-0.0442875603694452,-0.06530172257105545,0.028189432395389756,-0.006363636711352348,-0.019559979439964306,0.003919071974872501,0.039268965697268565,0.02730163985798602,0.007846214805444058,0.01102478811844153,0.009631830127015044,-0.03560864632008709,0.005544305100482177,0.015757498706634142,-0.08930813497103228,-0.013176179009130762,0.05065483057841164,-0.022476888206931514,-0.07052875937396118,0.03580367380743987,-0.005626867350842349,0.016248084933316368,0.027896223801796335,0.012069105333786708,0.011789582719304234,0.03434267223259514,0.025445536733930227,0.03532198957127019,-0.16671614006177202,0.01975854403704895,0.03458956737555541,0.03071976036764319,0.03745128683049577,0.019758544037049127,-0.00491031255390855,0.013042866085375427,-0.045462392293468726,0.049203337156690334,0.011111496933675318,0.017189201218528235,0.013042866085375438,-0.015214556636205976,0.00554430510048249,0.008775348865786953,0.009616218157846251,-0.015251852318874735,0.003919071974872491,0.005544305100482345,0.003919071974872479,0.003919071974872556,0.005544305100482501,-0.10775230196221844,-0.046955630182814304,0.026077153780867043,0.043565307236445076,-0.08127579181360806,0.045960510901430114,0.011111496933675412,-0.14925188804514639,0.048306697846385104,0.024138445447092847,0.03231323655514811,9.304734583244325e-05,0.013042866085375297,0.01495150204062538,-0.05733206052980308,0.005544305100482214,0.015214556636205733,0.00391907197487274,0.003919071974872804,0.003919071974872485,-0.04105538529146543,0.008775348865787028,0.00961621815784616,0.003919071974872557,-0.12093515500427164,-0.10042485290857668,0.003919071974872453,0.007878657751094422,0.05036294324379048,0.003919071974872502,-0.015405193971979527,0.042309161401302045,0.005544305100482284,-0.12447882743340918,0.09092872006108205,-0.04683015889285751,-0.015214556636205762,0.006792689091230237,-0.057332060529803205,-0.052360141698180186,0.003919071974872453,0.0074247031693884195,0.04743363774202546,0.012431595893177553,-0.004094806972290135,0.003919071974872446,0.049135723193279655,-0.07129970953451922,-0.22744308551066889,0.08901306450685663,-0.05041797270456516,-0.004910312553908411,0.06863170616215536,-0.0943106797357001,0.04640489110126009,-0.03327309923760985,0.06640167834128295,-0.06885618366974106,-0.04728472750794504,-0.012474686476085394,0.003919071974872753,0.03000513978357378,0.05564530316199641,0.13354196211483788,-0.1645978819411297,-0.06350710741744164,0.006792689091230265,0.023460511435926274,0.07143886583633186,-0.10276978419363608,0.0323132365551483,0.005544305100482475,0.044738627336142464,0.03138456770696375,-0.008741722833628954,-0.05289070604393966,-0.011720123965282716,0.09481240584452202,-0.008063108611193559,-0.01763822191854789,-0.07787313877379308,0.022764382215007168,0.014729593338388514,0.00022010937093427192,-0.020237069457567786,-0.009407097326450481,1.0,-0.7463503433049754,-0.46366608176044755,-0.24741461510902588,-0.35013733569294453,-0.36172577955237484,0.041358744091303586,0.003919071974872667,-0.03719306618253141,0.45363547928631376,-0.187785938730142,0.006792689091230548,0.003919071974872675,0.17154461167012158,-0.20729992407511091,0.10348851711468308,-0.04575583087556487,-0.07129970953451904,-0.010401831130016026,-0.007903230086451732,-0.07753024928761182,0.0039190719748725365,0.0705287593739611,0.022764382215007022,-0.04808446564151532,-0.02260364696356615,0.04400256709639762,0.11626713859464748,0.017189201218528058,0.037911866450026456,0.011789582719304345,-0.14327311395086748,0.0851288470885773,-0.14026200931175425,-0.10357308499963336,0.014729593338388455,-0.0965127908378962,0.10010981419829366,-0.09886929819426074,0.011789582719304366,-0.12505439740157714,0.12101149161149945,-0.07724286381652141,0.17662157779232665,0.005544305100482257,-0.007846214805444136,-0.04502408406163518,0.004735262416204063,0.01304286608537515,0.0055443051004823475,-0.008775348865786663,0.0039190719748724585,-0.08164967281915306,0.0055443051004824264,-0.047977051899391145,0.0087753488657872,-0.071299709534519,0.04520253010087946,0.00679268909123009,-0.016990269883159166,0.00784621480544424,0.013627532534292873,-0.02260364696356616,-0.04562391433238155,0.04580630485183486,-0.04882034607731565,-0.08620643700484298,0.01935259848909826,-0.025211802813898277,0.01039027634197065,0.0024665753345965566,-0.05603732342696132,0.08108447279385038,-0.017645506918680703,-0.09978392622866353,0.010390276341970898,0.003919071974872476,0.0656960512207121,-0.031139198484368632,0.003919071974872574,-0.005068493235228387,0.005544305100482187,0.058797188193503554,-0.008326239227763257,0.008775348865786953,-0.025917181637925935,0.017171702628794052,0.022764382215006936,-0.03134935462233266,0.05717601162686377,0.027923559803114912,-0.07129970953451933,0.045884102417543926,0.01362753253429268,0.0779104933098505,-0.0810937955855166,0.005544305100482517,0.028768103322607923,0.023856447043930314,0.001431867673036447,-0.03412028861191427,-0.005621019486222118,-0.011109508731707145,-0.005511374059431129,0.03178944582809702,-0.0009642278537414819,-0.005551835495457692,0.006964013473173389,-0.0548426758678748,0.007846214805444162,-0.0381854817887997,-0.1073752385770859,0.07596794346398447,-0.08683674576371819,-0.0741094861046383,0.03044744645595784,0.017641870800831884,-0.046955630182814304,0.03768211261356872,0.03178944582809707,0.012431595893177412,-0.1102178875510593,-0.07129970953451899,-0.08841948456579468,-0.13888875140901244,0.08481443503994941,0.006477695486397499,-0.03375539536389434,0.03409434885766674,0.018515812865323056,0.016248084933316108,-0.07276734221524635,0.012292115832200268,0.029438277769273127,0.035951685727168156,-0.04061456942824459,-0.007547597507010591,-0.02570420348331679,0.016724937665097417,0.013042866085375112,0.003919071974872476,0.0023620134820751286,0.007638719375264744,-0.03983536598179777,0.040840463292771835
Heating_GasW,0.018939169907442977,0.12791780282007373,-0.039453233615094355,-0.16956673889643015,-0.08739317083764826,-0.05208666514935669,-0.010107994025809915,-0.0015813475318386845,0.005825756697318315,0.06615413194417938,-0.15694050166885765,-0.004897554837135815,-0.05679120487074891,0.046680358682205325,0.0045955759588441145,-0.020102599035433287,-0.024116995196229923,-0.011760614569324094,-0.07887126685721799,0.09251877480920492,0.007177067723403879,0.018579549899128283,-0.018991285076948347,0.06597920613476864,0.046322571814690246,-0.021039192545871728,0.022260294283861483,0.017161602680334932,-0.0029250007138830717,-0.02930840602938764,-0.020376588280796776,-0.005856025113687817,-0.013415486270860361,-0.02411699519622987,0.05548372949730644,-0.004137994015132544,-0.011760614569324087,0.040834378283570824,0.02963387774603177,-0.03780625019225283,0.012549887109015306,0.04342415428642861,-0.026722084237762192,0.021478221043170164,-0.012126763768029122,-0.020820356211383173,-0.030496931444408185,-0.008799159109975196,-0.02563166521080786,-0.01899128507694838,-0.02636257904273212,0.15346359061156006,-0.014746796125258109,-0.02581593548551642,-0.022927703696636974,-0.027951780783153756,-0.014746796125258125,0.020720548234806273,-0.009734547580500665,0.027152126438920274,-0.04574910169730349,-0.008293069551080747,-0.0128291662305869,-0.009734547580500663,0.031888312674071925,-0.0041379940151325435,-0.006549484638601034,-0.007177067723403956,0.011383225214228807,-0.002925000713883069,-0.004137994015132544,-0.0029250007138830725,-0.0029250007138830717,-0.004137994015132542,0.1127132152620769,-0.021471083791061392,-0.019462692676766764,-0.03251498201210768,-0.010993437044849019,-0.0490444680775122,-0.008293069551080745,0.1338254470410243,-0.020041389313308313,-0.018015737046286426,-0.02411699519622987,-0.031050041785145085,-0.009734547580500665,0.007412592855497538,0.08210226146053877,-0.004137994015132548,-0.031888312674071904,-0.0029250007138830678,-0.0029250007138830673,-0.0029250007138830725,0.062045449730261694,-0.006549484638601029,-0.007177067723403954,-0.0029250007138830717,0.1636806521541317,0.08135154451070406,-0.0029250007138830725,0.007691586226077273,-0.030025728749950357,-0.0029250007138830725,0.022341729201212503,-0.031577457136807395,-0.004137994015132547,0.1287886861605875,-0.08247860988423217,0.02603670000539048,-0.015044082995429068,-0.005069725835203659,0.08210226146053885,0.03309836463669036,-0.0029250007138830725,0.008138138390632151,-0.027617242574465184,-0.009278325862701825,0.006346716976500079,-0.00292500071388307,-0.03667246387384248,-0.006549484638601034,0.2665502910215767,-0.08112224191804596,0.028545637241138754,-0.018263988392535412,-0.04700952608513321,0.06643389378774957,-0.03463430640445548,-0.010993437044848994,-0.026532359886210485,0.0362011568301827,-0.015622881154811691,0.02482796409079526,-0.0029250007138830686,-0.015280389521891391,-0.022746782991664695,-0.09966908927002946,0.03437093852989519,0.08984625520409381,-0.005069725835203658,-0.01750976076431385,-0.04546672187062472,0.06892939285647225,-0.02411699519622993,-0.004137994015132545,-0.037763708099896355,-0.014018253342264557,0.03688834216578305,0.010397381337175667,0.024171334337089484,-0.07076327165162996,0.0024808106172268056,0.029342632846932035,0.016534281809537286,-0.016990204481296085,-0.010993437044849,0.015381354264131909,0.043881405518199953,-0.018642286169168697,-0.7463503433049754,1.0,-0.007754786314863498,-0.004137994015132547,-0.005856025113687822,0.08257324946419313,-0.016238539797073435,-0.0029250007138830686,0.07804009967442943,-0.27251151543985747,0.07680627693534661,-0.005069725835203664,-0.00292500071388307,-0.05454813749004468,0.13547085591238076,-0.06615874790078204,0.024063283070669357,0.09969771060981583,0.026600554726947407,0.023904394542550438,0.050170511129378544,-0.0029250007138830704,-0.06799751291363237,-0.016990204481296126,0.02536651770801574,-0.013167016328743087,-0.01299046735986303,-0.10061530727993162,-0.012829166230586896,-0.028295534540309652,-0.008799159109975205,0.11572132599488423,-0.057545526243220936,0.0938025796015166,0.08382856205843402,-0.010993437044848998,-0.0050697258352036655,-0.06367134701760939,0.06364659071472815,-0.008799159109975191,-0.007754786314863492,-0.04468684024001627,0.027570224245943853,-0.12475935960970838,-0.004137994015132547,0.005856025113687804,0.04388140551819989,-0.010491932402250066,-0.009734547580500665,-0.004137994015132547,0.006549484638601037,-0.002925000713883073,0.1128911508027597,-0.0041379940151325435,0.07050190447375179,-0.0065494846386010405,-0.006549484638601036,-0.03373692385904487,-0.005069725835203662,0.006953827610113878,-0.0058560251136878195,-0.010170913585369248,0.04023254989338161,0.03607334860928631,-0.0341875513516994,0.06541210373285306,0.06101053216692207,-0.014443818526181635,0.03603023556820711,-0.007754786314863481,-0.021039192545871714,-0.020396633845395695,-0.023862535480711735,0.02415955982988082,0.14289536997411945,-0.0077547863148634925,-0.00292500071388307,-0.02846671544871737,0.050170511129378516,-0.0029250007138830704,0.027647654646442404,-0.004137994015132545,-0.03763869922257125,0.03645717683567267,-0.006549484638601024,-0.00017108499646626885,0.006607074156488274,-0.016990204481296116,0.02071960704778401,-0.027025588663320884,-0.004360369145483696,0.09969771060981573,-0.007676311900720117,-0.010170913585369241,-0.034216287877650554,0.03607242871230971,-0.004137994015132543,-0.021471083791061395,-0.03126059376853133,-0.03652925213009835,0.026584622130903658,-0.001954413572284514,0.01886610964044551,0.03355256908385882,-0.023726063807275224,0.02341977922906767,0.028150268768050584,-0.02292770369663697,0.0043676668094282355,-0.00585602511368782,-0.010170913585369219,0.10876335881483762,-0.056698700684517836,0.10194089141949675,0.04785916762238822,-0.02272446211516416,-0.013167016328743062,-0.021471083791061385,-0.02812405768559384,-0.023726063807275207,-0.00927832586270184,0.11507571859176606,0.09969771060981579,0.03309836463669049,0.07361696556211747,-0.07659483058930916,-0.018179784721717857,0.07990896490399146,-0.025446328974679234,-0.01381928328860463,-0.012126763768029136,0.020040816850715217,-0.022072505468152218,-0.04107775429627399,-0.000834383520955195,0.05004727868498322,0.0021184503212080957,0.0499539528302276,-0.012482662968099877,-0.009734547580500661,-0.00292500071388307,0.028877810152084158,-0.02672059216420828,0.012256314981490631,-0.04123073557392487
Heating_Grav,0.004938174962483881,-0.016125536154667178,-0.09105118317708166,-0.10012431950284355,-0.11725749294261179,-0.039615234843413116,0.0045415915339170835,-0.06513857251550136,-0.07852270039420509,-0.08279486855248085,-0.022776743452080833,-0.12242382021251831,-0.052207823874073155,-0.030034467596726535,-0.006086329271936486,-0.09233803351104583,-0.014982551782524119,-0.007306217683650357,-0.036860987390675726,0.05438549640238911,0.004458714194602283,-0.01179823231571305,-0.011798232315713073,-0.005764109357818926,0.03220747066251998,-0.013070483665821492,-0.011036019739136451,-0.009355343707961499,-0.001817140746726359,-0.018207687459637887,-0.012658844378587289,-0.0036380236754911047,-0.0009686350844810975,0.03309332866249829,-0.00657890512516073,-0.002570706222025129,-0.007306217683650355,0.08741690829897188,-0.009705629743243396,-0.023486926816531382,0.04079933652400459,0.05969001569823389,-0.016600949146924813,-0.011192178420242022,-0.0075336858771417855,-0.012934532786091465,-0.029626066484846652,-0.005466429625050517,-0.015923532271270826,-0.011798232315713057,-0.016377608504494132,0.0541091628353227,-0.009161366694949817,-0.01603800917481277,-0.014243710922284925,-0.017364891421582675,-0.009161366694949803,-0.011346403215660878,-0.00604753461273218,0.0264938448794326,-0.030023511856667393,-0.005152024245730459,-0.007970049577586916,-0.00604753461273219,-0.009346054542269095,-0.002570706222025131,-0.004068831624680437,-0.00445871419460215,0.007071766604281606,-0.0018171407467263592,-0.002570706222025129,-0.0018171407467263583,-0.001817140746726359,-0.0025707062220251308,0.05855882315021456,-0.01333879374727329,-0.012091091717039263,-0.020199755307012613,0.1966649735083688,-0.029366860630464217,-0.00515202424573045,-0.006047534612732178,-0.045958219732023416,-0.011192178420242,-0.014982551782524113,0.036700225453398856,-0.006047534612732191,-0.03425825052503705,-0.004817618719889875,-0.002570706222025129,0.009346054542269104,-0.0018171407467263594,-0.0018171407467263586,-0.0018171407467263581,-0.006047534612732171,-0.004068831624680432,-0.004458714194602149,-0.001817140746726359,-0.002570706222025129,-0.013070483665821498,-0.0018171407467263581,-0.014493466569617974,-0.029392219193589912,-0.0018171407467263588,-0.0015187489015808205,-0.01961732308951209,-0.002570706222025129,-0.009161366694949805,-0.030487790437828982,0.08580073722241331,-0.0093460545422691,-0.0031495395355476625,-0.004817618719889883,-0.009161366694949824,-0.0018171407467263581,-0.014369042198753776,-0.028211478691162365,-0.005764109357818929,-0.0007296857442980493,-0.0018171407467263594,-0.022782568247493865,-0.004068831624680435,-0.009346054542269095,-0.029540952403653016,0.08867794242663639,-0.011346403215660867,-0.04595821973202348,0.05699629602579173,-0.021516374031441483,0.09491768033961676,-0.049180505850030455,0.03384195846920797,0.13488844602344352,-0.023136355998226072,-0.0018171407467263581,-0.03474718389841385,-0.04080451438311453,-0.061918878324388985,-0.008973143513323208,-0.004458714194602157,-0.003149539535547664,-0.010877843413592093,-0.039395269482805174,0.05385938927364381,-0.014982551782524115,-0.0025707062220251316,-0.01725086638319059,-0.02206464020234313,-0.020199755307012648,0.04774916781337855,0.009540832122787722,-0.0439612967202109,-0.016038009174812767,-0.021973871065532325,0.07995332917221913,-0.01055507190532948,-0.006829612829135409,-0.012519022615135917,-0.013602553178309709,0.02486011416458997,-0.46366608176044755,-0.007754786314863498,1.0,-0.0025707062220251286,-0.0036380236754910986,0.3724617502280623,-0.03086191574933414,-0.0018171407467263588,-0.04469904543611717,-0.2630999320380332,0.1376685999241371,-0.0031495395355476533,-0.0018171407467263592,-0.15595369376793508,0.2344822926011492,-0.0568341415448809,-0.010391229462742981,-0.004068831624680435,-0.010223060839578897,-0.010717559632931981,-0.007071766604281516,-0.0018171407467263599,-0.020434419788584526,-0.010555071905329462,0.019493853657475916,0.07712512131480398,-0.0362582361064314,-0.011643701941844047,-0.007970049577586909,-0.01757844656910916,-0.005466429625050503,0.025712202468381375,-0.044256163366784555,0.0737266728359278,0.042810127081056346,-0.006829612829135411,0.2158184472215752,-0.07876718057364916,-0.010877843413592093,-0.005466429625050511,0.28227312948579264,-0.09255566911033097,0.059841096089828405,-0.12363605952718054,-0.00257070622202513,0.003638023675491173,0.038936408833151116,-0.01442201051664109,-0.006047534612732178,-0.0025707062220251303,0.004068831624680303,-0.0018171407467263583,-0.003638023675491101,-0.0025707062220251308,-0.005466429625050511,-0.004068831624680437,0.1656595732905605,-0.020958880017533422,-0.0031495395355476633,-0.002185635363056244,-0.0036380236754910977,-0.006318624614238604,-0.00817993710914587,0.006619279511238748,-0.02123882989057484,-0.000507256886853978,0.02844627588093977,-0.008973143513323201,0.01627288479161016,-0.004817618719889888,0.04145210534017673,0.09872877289314567,-0.076840877820697,-0.02868618453382566,-0.008384853195594188,-0.00481761871988988,-0.0018171407467263588,-0.03677895098262953,-0.007071766604281511,-0.00181714074672636,-0.01671173972485502,-0.002570706222025129,-0.022274429496334795,-0.020295697948881176,-0.004068831624680436,0.07748221794123834,-0.0731212783932709,-0.01055507190532948,0.0280828184006989,-0.07900439667318412,-0.026110802995556605,-0.004068831624680437,-0.05278642347095718,-0.006318624614238614,0.015340907509434043,-0.01498255178252409,-0.00257070622202513,-0.013338793747273285,0.01879231797401917,0.010875453090635225,0.02922651902751781,-0.0055803914705003475,-0.003295224525918094,-0.02095888001753342,-0.014739687788449807,-0.01768448792324411,-0.01660094914692481,-0.01424371092228491,0.12472699761167112,-0.0036380236754910973,0.10350508891895621,0.04355087350206467,-0.035223758685344886,-0.014369042198753767,-0.0073062176836503675,-0.014117448197845075,-0.008179937109145871,-0.013338793747273292,-0.0174719175079894,-0.014739687788449777,-0.005764109357818932,0.059841096089828336,-0.004068831624680435,0.06727060687434586,0.08839440058941746,-0.03870098099598592,0.020775059170547137,-0.028052481231594185,-0.015808393145008145,-0.008585154401874087,-0.007533685877141796,0.10092609334830076,0.042642646210601765,-0.020586427009915684,-0.03743543287713253,-0.026602522200846097,-0.016151838289756408,-0.0126588443785873,-0.007754786314863498,-0.006047534612732176,-0.0018171407467263588,-0.01370302645046582,-0.011173234829000988,0.03242820131493161,0.004913777042569031
Heating_OthW,-0.021986737509478032,-0.011476640347235131,0.024128860863915136,-0.09417062575292749,-0.02936956921826231,-0.02113889384365317,-0.01230391223019573,-0.02938348513192605,-0.01213562852869774,0.04882823800946785,-0.003706557430990093,-0.04765064750942186,-0.027858364365235495,-0.010993834346506068,-0.0032476967228777334,-0.02573027910672787,-0.007994766985218955,-0.0038986354775828506,-0.07148166468841544,0.08840336308164665,0.0023791929143279537,0.105796751210674,-0.0062955976772679735,-0.0030757585131014832,0.028167108097409695,-0.006974477566247309,-0.005888877111146442,0.012486134942289357,-0.0009696356842476742,-0.009715716033719209,-0.006754824717308874,-0.0019412682161517039,0.02306526493813485,-0.007994766985218928,-0.003510537741299343,-0.0013717421124828562,-0.0038986354775828462,-0.00753314324595353,-0.00517897414060991,-0.012532745410970604,-0.007046376220444556,-0.010043076750863725,-0.008858352174556848,-0.005972204189622777,-0.004020013680035244,-0.006901933474916697,-0.01580862203401313,-0.002916915070792699,-0.008496879032243016,-0.006295597677267978,-0.008739176454660779,0.12787357644652325,-0.004888552568041254,-0.008557964499010766,-0.007600517687601898,-0.009265995716504863,-0.004888552568041239,-0.006054499336712148,-0.003226995692431689,-0.008976284567380786,0.01475590875721474,-0.0027491467371303963,-0.004252859603513772,-0.0032269956924316904,-0.004987102956903683,-0.001371742112482858,-0.002171149562076112,-0.0023791929143279085,0.0037735311711741474,-0.0009696356842476752,-0.001371742112482857,-0.0009696356842476738,-0.0009696356842476742,-0.0013717421124828577,-0.005455078045081899,-0.007117649210979691,-0.006451868965832091,-0.01077869372201155,-0.003644316666529889,-0.03683464734148906,-0.002749146737130394,0.21092817298712568,0.015706089547585702,-0.005972204189622775,-0.007994766985218936,0.019583429783113702,-0.003226995692431691,-0.018280379353561912,-0.0025707062220251247,-0.0013717421124828557,0.004987102956903741,-0.000969635684247675,-0.0009696356842476745,-0.0009696356842476735,-0.003226995692431685,-0.0021711495620761094,-0.0023791929143279107,-0.0009696356842476742,-0.001371742112482857,-0.006974477566247314,-0.0009696356842476733,-0.00773378859049304,-0.01568383991205823,-0.0009696356842476741,0.03616464688374226,-0.010467904883688801,-0.0013717421124828557,-0.0048885525680412425,-0.027341601303312098,-0.015011395861773582,-0.004987102956903684,-0.0016806105570620123,-0.002570706222025129,-0.0048885525680412495,-0.0009696356842476733,-0.007667395103803951,-0.015053790683866725,-0.0030757585131014837,0.03701008049227346,-0.0009696356842476753,-0.012156896041968889,-0.0021711495620761125,-0.004987102956903671,-0.0268919662742531,-0.014627418049533582,-0.006054499336712141,-0.02452354332868645,0.03041351782800223,-0.011481248270994495,-0.003644316666529876,-0.02624297183773524,0.02896189797932045,-0.005178974140609901,0.04938271604938268,-0.000969635684247675,-0.042797785704299485,-0.03244821725524748,-0.03304023315754674,-0.0047881157065396895,-0.002379192914327908,-0.0016806105570620112,-0.005804473407180582,0.005750478383177296,0.002236435483155799,-0.00799476698521894,-0.0013717421124828592,-0.05890752191568127,-0.011773805930454757,-0.010778693722011559,0.025479202471460766,-0.012439421277254212,-0.023457974899583196,0.07586519880204132,0.05263192869999019,-0.025399200821008376,-0.005632240863920691,-0.003644316666529876,-0.006680215102439393,-0.007258392605155707,0.013265485269583068,-0.24741461510902588,-0.004137994015132547,-0.0025707062220251286,1.0,-0.0019412682161517045,0.19874751292056028,-0.016468077582163246,-0.0009696356842476757,-0.023851641423345497,-0.14039148210550348,-0.005083876860598746,-0.0016806105570620082,-0.0009696356842476756,0.011333149284483368,-0.006135804313373565,-0.030326991359793973,0.03678422154252948,-0.0021711495620761155,-0.005455078045081891,-0.005718945154284302,-0.0037735311711740304,-0.0009696356842476752,0.010043076750863788,-0.0056322408639206895,0.022360249774329113,-0.0043648566739910395,-0.019347581985605863,-0.011764659440747924,-0.004252859603513766,-0.00937994984579809,-0.0029169150707926954,0.019714011810074667,-0.02361531726457465,0.03934093327187638,0.0970247748135573,-0.0036443166665298737,-0.0016806105570620106,-0.07969299548146569,0.11526025765687163,-0.002916915070792701,-0.0025707062220251277,-0.0918205565902636,0.12517154989247672,-0.05634080509496802,-0.001371742112482856,0.0019412682161517227,-0.007258392605155704,0.01128350041864273,-0.0032269956924316874,-0.0013717421124828568,0.0021711495620758024,-0.0009696356842476735,-0.0019412682161517054,-0.0013717421124828577,-0.002916915070792695,-0.0021711495620761125,-0.0021711495620761133,-0.011183766586863217,-0.001680610557062011,0.014455282479498836,-0.0019412682161517039,-0.0033716507168578052,-0.004364856673991041,0.017320422134876137,-0.011333149284483427,0.042452065094896976,0.09086711358300321,-0.0047881157065396964,-0.010880919470240825,-0.0025707062220251264,-0.006974477566247325,-0.021109937714224154,-0.0037738793478056766,0.03715384376115606,-0.004474200955689977,-0.002570706222025127,-0.0009696356842476752,-0.030413517828002404,-0.003773531171174022,-0.0009696356842476752,-0.008917470598945862,-0.001371742112482856,0.004083448052319629,-0.010829889211059027,-0.0021711495620761116,0.00408344805231964,-0.0019305727650038614,-0.005632240863920693,-0.021539570719687654,-0.00480918989349805,-0.013932859287022177,-0.002171149562076112,0.010266516035504453,-0.0033716507168578044,0.008185987451268322,-0.007994766985218928,-0.0013717421124828568,-0.007117649210979694,-0.01036286489944089,0.05058474633829892,-0.014926448946153246,-0.01695675953224657,-0.016180760490463526,-0.011183766586863222,-0.007865173504087868,-0.00943653405984999,-0.008858352174556838,0.08643978590476044,-0.008248922364374908,-0.0019412682161517052,-0.003371650716857799,-0.012251507698221595,-0.018795579492765935,0.08561924532581065,0.1739766081871348,-0.007533143245953512,-0.004364856673991034,-0.007117649210979693,-0.009323105388781098,-0.007865173504087854,-0.003075758513101487,-0.005364494995391863,-0.0021711495620761125,-0.004888552568041246,-0.007465258113202612,0.032674961637287836,-0.01691620887795825,-0.01496894881854631,-0.008435440200012466,-0.00458108271350468,-0.004020013680035249,-0.009880391993036015,-0.0178419947639962,-0.022830027179964338,-0.0199757402602521,0.09663392826501842,-0.00861870430243792,-0.00675482471730889,-0.004137994015132555,-0.0032269956924316856,-0.0009696356842476752,-0.019975740260252128,0.0722234717740657,-0.020328164081369386,-0.01366795991211358
Heating_Wall,-0.02525205839181759,-0.01231096040804861,-0.09854530066026823,-0.039958884376429124,-0.08854696900208463,-0.005255980933137406,-0.06730909150097429,-0.1263794867208831,-0.015004102463871885,-0.03524350723263908,-0.043908078102472166,-0.026480393164424208,-0.02980327879470945,-0.03692495545246708,-0.004596090158966654,-0.058622156149098124,-0.011314070555035527,-0.0055172886143258805,0.027157568652235238,-0.0219592122797275,0.003366997005230347,-0.008909432437295353,-0.008909432437295346,-0.004352765864448559,0.03986165562230937,-0.009870172753618223,-0.008333847784260355,0.017670185004508638,-0.0013722134196707807,-0.013749531024659218,-0.009559323439923566,-0.0027472527472527522,0.003440169271501123,-0.011314070555035522,-0.004968058701974549,-0.0019412682161517047,-0.005517288614325886,-0.010660787780742738,-0.007329204082857996,-0.017736147418702542,-0.0099719226167354,0.037663938144954286,-0.01253620295495626,-0.008451770976614712,-0.005689061168664086,-0.009767509477855103,0.0865055203675191,-0.004127973082268795,-0.012024651756097028,-0.008909432437295367,-0.01236754731985845,-0.015181152119910711,-0.006918203966304096,-0.012111098963648573,-0.010756135048252242,-0.013113093789102089,-0.006918203966304082,-0.008568233795634655,-0.0045667943809331625,-0.012703099052816417,0.020882333793024514,-0.0038905499319174,-0.006018581117345408,-0.004566794380933164,-0.007057670952005767,-0.0019412682161517054,-0.003072577271642757,-0.003366997005230329,0.005340242935313001,-0.0013722134196707811,-0.0019412682161517052,-0.00137221341967078,-0.0013722134196707807,-0.0019412682161517054,-0.007719942057021892,0.2020368633361712,-0.009130585147287982,-0.015253840604413494,-0.005157380567343932,0.026494719990129617,-0.003890549931917396,-0.004566794380933158,-0.03470533912910918,-0.008451770976614714,-0.01131407055503553,0.02771416686507265,-0.004566794380933174,-0.025870110055915503,-0.00363802367549109,-0.0019412682161517047,0.0070576709520057766,-0.0013722134196707796,-0.0013722134196707788,-0.0013722134196707798,-0.004566794380933161,-0.003072577271642758,-0.00336699700523033,-0.0013722134196707807,-0.0019412682161517054,0.13423434944920798,-0.0013722134196707798,-0.010944737968266215,-0.022195527607869307,-0.0013722134196707803,-0.022077495555348985,-0.014814017048454668,-0.0019412682161517045,0.09408757394173572,-0.038693411178243764,-0.021243895190901994,0.09202117125884475,-0.0023783740605938853,-0.0036380236754910995,0.09408757394173575,-0.0013722134196707798,-0.010850778933039281,-0.021303891687262246,-0.00435276586444856,-0.021721868172691495,-0.0013722134196707814,-0.017204251206240927,0.2212255635582781,0.09202117125884464,-0.038057094641164566,-0.020700495731320035,0.0737319066098032,-0.006239162090626379,0.016323273813246494,-0.01624808493331641,-0.005157380567343916,-0.03713864775482459,0.04098642996745199,-0.007329204082857974,-0.01747141394536526,-0.00137221341967078,0.01953058701580013,-0.04592021507190142,-0.046758026818097445,0.405434691876865,-0.00336699700523034,-0.0023783740605938875,-0.008214400968169076,-0.04490425546548989,0.05567468014538565,-0.011314070555035515,-0.001941268216151707,0.015108222545878036,-0.01666210800699309,-0.01525384060441351,0.036057773163509915,-0.017604076548431144,-0.03319736317303921,-0.012111098963648568,-0.016593563714071283,0.07643028730833235,-0.00797066013745838,-0.005157380567343913,-0.009453737067202761,-0.010271964924394951,0.01877310953081344,-0.35013733569294453,-0.005856025113687822,-0.0036380236754910986,-0.0019412682161517045,1.0,0.20850642681298828,-0.023305368626111458,-0.0013722134196707805,-0.004968532380090154,-0.1986798535597564,0.18732668851915757,-0.0023783740605938797,-0.001372213419670781,-0.17129115371395945,-0.008683295340783293,-0.042918289000922656,0.05205646125943212,-0.0030725772716427573,-0.007719942057021885,-0.008093362707828693,0.12460566849063569,-0.0013722134196707811,-0.037663938144954376,-0.007970660137458382,0.03164387955805424,-0.006177077638842512,-0.027380398710705457,-0.07164414026463065,-0.006018581117345407,-0.013274359909959014,-0.004127973082268793,0.08727576950472192,-0.033420031653821715,0.055674680145385715,-0.009663903364335818,-0.005157380567343918,-0.0023783740605938836,0.011584682800326693,-0.008214400968169071,-0.0041279730822687925,-0.003638023675491092,0.010172792692354297,-0.007591750326458865,-0.03202376354061164,-0.0019412682161517047,0.0027472527472526937,-0.010271964924394944,0.015968235231911574,-0.004566794380933163,-0.0019412682161517054,0.0030725772716426463,-0.00137221341967078,-0.0027472527472527483,-0.0019412682161517054,-0.004127973082268796,-0.0030725772716427542,-0.003072577271642756,-0.015827093456102042,-0.002378374060593888,0.020456892135617414,-0.0027472527472527496,-0.004771507933626237,-0.006177077638842524,0.02451159345097796,-0.016038497538760257,-0.019276980138758264,0.016125571998556548,-0.006776067273708064,-0.015398508901831748,-0.003638023675491103,-0.009870172753618229,0.06150132684506975,-0.058026371328033205,0.015458589604570468,-0.006331819974700299,-0.0036380236754910925,-0.001372213419670781,-0.043040739920129925,-0.005340242935312961,-0.0013722134196707814,-0.01261986643456444,-0.0019412682161517045,-0.0469530141515842,-0.015326291668497471,-0.003072577271642758,-0.04695301415158423,0.04975328324984388,-0.007970660137458388,-0.0003304332493895047,0.019621239341963363,-0.019717566915733408,-0.003072577271642758,-0.039861655622309346,-0.004771507933626239,-0.17496278288140496,0.17928450264133183,-0.0019412682161517043,-0.010072787050317243,-0.014665366087760258,0.027224842276558702,0.016671139315897303,0.04524324970101025,-0.022898761922855733,-0.015827093456102042,-0.011130671865405124,-0.013354437014303392,-0.012536202954956279,-0.010756135048252208,-0.011673747315725208,-0.0027472527472527483,-0.004771507933626219,0.0266092351321227,-0.026599213322551725,-0.010850778933039283,-0.005517288614325893,-0.010660787780742701,-0.006177077638842505,0.2020368633361712,-0.013193914513796503,-0.011130671865405097,-0.004352765864448568,-0.007591750326458868,-0.003072577271642755,0.09408757394173582,0.12473780830527294,-0.032998343814351974,-0.02393955710313885,-0.021183824792000542,-0.011937704471209232,-0.006483077384853407,-0.005689061168664096,-0.013982577894677207,-0.025249714966758246,0.05569634324247027,-0.028269358583109007,-0.020088888561249157,0.04716195370931404,-0.009559323439923563,-0.00585602511368783,-0.004566794380933167,-0.001372213419670781,-0.028269358583109083,-0.026878633337158078,0.06443033791483474,-0.019342685418468807
HeatingQC_Fa,-0.033368721454157105,-0.013660815718893625,-0.14817822915994683,-0.1825339544854261,-0.20812296370549413,-0.0577559177494537,-0.028875552250150954,-0.11678486992766657,-0.08126409994240695,-0.0777469383353236,-0.14292851576316928,-0.12872111940648362,-0.06908288263116034,-0.03412766774051493,0.020313552202308172,-0.1337575333426305,-0.04022574606211265,-0.019616021455026396,-0.043102652592735644,0.08199074716346336,0.011970931758420948,-0.00865620775924914,-0.03167635954158744,-0.0154757081882623,0.023327677130758267,0.006731963499031923,0.043941001158250136,-0.05024379654257786,-0.0048787311599478396,-0.03338934464296135,-0.03398696475768626,-0.0097675094778551,0.005874636701037663,0.08885027426906218,-0.017663304006740013,-0.006901933474916699,-0.019616021455026385,0.03998361693511836,0.001671362295388757,-0.06305862763666362,0.0681129318557773,0.06991956098967382,-0.04457088314910149,0.0425462227695078,0.015224686819221171,-0.013610263382461431,0.01525893021980569,0.033912333630020115,0.04449711239832715,-0.031676359541587484,-0.043971249381892064,0.07411402915186373,0.004718569547118011,-0.025721685891038737,-0.038242076974517106,-0.046621945504336876,-0.02459679870306202,-0.030463270949871675,-0.01623665949330155,0.02129058516659239,-0.014242821516746744,0.03768611804358929,-0.021398303510915605,-0.016236659493301553,-0.025092655921168886,-0.006901933474916699,-0.010924159654485446,-0.011970931758420917,-0.05644303281270162,-0.004878731159947837,-0.006901933474916699,-0.00487873115994784,0.14048754421808962,0.09592278972282173,0.02531509882256204,0.04626955049971821,0.012525926118774478,-0.05423309989453701,0.059713627904927714,-0.002782039999159412,0.0376861180435893,0.07172446429230248,-0.02424801839104154,-0.030049202135223052,-0.021786314586230624,0.00649918582714506,-0.01623665949330157,-0.005736312739574229,-0.012934532786091442,-0.006901933474916703,-0.003663448980641554,-0.004878731159947834,-0.004878731159947832,-0.004878731159947838,0.02774390239950039,-0.010924159654485439,-0.011970931758420924,-0.0048787311599478396,0.09592278972282171,0.09038019080615194,-0.004878731159947836,-0.019905457502928155,-0.03654767941032434,-0.00487873115994784,0.0171841586299805,0.005454045893756765,-0.006901933474916701,0.06334930604747827,-0.1057325528870948,0.055566241175301886,-0.02509265592116889,-0.008456007989059728,0.09717869093223819,0.03403393779729808,-0.004878731159947836,-0.019420505295217123,-0.03213283847770211,-0.015475708188262306,0.019546700732581242,-0.004878731159947838,-0.009828299431531403,0.05417491420489715,0.08993176368607317,-0.11130955407689692,0.07111245001548744,0.017309420335641337,-0.057295492697618605,0.07548258181771739,-0.04432073709851934,0.09873864882757521,-0.13204176219414948,0.12220984785359883,0.11258904189846258,-0.024086339269607262,-0.0048787311599478335,-0.02354954979712536,0.005539166394456146,-0.13561881327572695,0.15536526732372002,-0.011970931758420907,-0.008456007989059723,-0.004342473523552714,-0.11346731988248963,0.12936367965854093,-0.003346883110348489,-0.0069019334749167,-0.060605975140102845,-0.04606754856560981,-0.011708757334910808,0.07933144061978634,-0.012186398471571748,-0.11802902363341457,0.008953901736769692,0.03352207421551009,0.07604782998700003,-0.02833867343120868,-0.018336413940367235,0.009931367703539766,-0.036520671370901175,0.030804313825393816,-0.36172577955237484,0.08257324946419313,0.3724617502280623,0.19874751292056028,0.20850642681298828,1.0,-0.0828592888543242,-0.004878731159947837,-0.12000976048882178,-0.3208998879559428,0.14379085209456138,-0.008456007989059728,-0.004878731159947839,-0.13327054265957572,0.157818975664265,-0.11379723951975394,0.08619707956353799,-0.010924159654485458,0.02531509882256203,-0.0035580041655350423,0.01872823743213213,-0.004878731159947838,-0.02475028707599064,-0.0027514976677178644,0.05233786729923177,0.01075680873568368,-0.05101272739619633,-0.06318435656110863,0.0121586493633452,-0.047195306788806214,-0.01467648589876238,0.08626633679226274,-0.07687316153107979,0.12174361299584963,0.09361016034324796,-0.01833641394036721,0.07552883326282596,-0.08514467999113798,0.09510868481977097,-0.014676485898762394,0.09717869093223813,-0.10616451727114398,0.18747162726390465,-0.17962856711449246,0.09592278972282178,-0.0629904692857593,-0.016369431687788608,0.015847115723786245,0.02774390239950044,0.0959227897228217,-0.05417491420489752,-0.004878731159947836,-0.009767509477855103,-0.006901933474916699,-0.01467648589876236,-0.010924159654485458,0.054174914204897125,-0.05627122786353244,-0.008456007989059725,0.016589054588955068,0.06299046928575931,-0.01696449262338925,0.01075680873568365,0.027682583582630538,-0.05702284832622432,0.006315234994613841,0.06549296758903306,-0.024091449679943956,-0.026622440362627748,0.04212207907307337,0.02764402032581184,0.026387203624488282,-0.03045670430533781,0.009172475349573182,-0.022511984627844484,-0.012934532786091458,-0.004878731159947837,-0.05221958516970147,-0.018986557948437385,-0.004878731159947838,0.02197632884729634,-0.006901933474916703,-0.04449866229917756,0.0019823587487597604,-0.01092415965448543,0.10089508236268196,-0.08968735129700621,-0.02833867343120871,0.0403932084842404,-0.05104271838424482,-0.047022732489368065,-0.010924159654485439,-0.04700675611864274,-0.01696449262338923,-0.06709717232751089,0.07041084279318015,-0.006901933474916698,-0.03581251964558989,-0.022827936123790842,-0.022302591425201183,0.045560422448286515,0.03525728882382065,-0.0399470779605624,-0.015042057899954003,0.03529199318719481,-0.03158438691342957,-0.010949860468818259,-0.018929232843491548,0.08395430030739871,-0.009767509477855109,0.025158227155774485,0.01488671427303961,-0.08514604293271773,0.13384402298055034,0.05344365029073517,-0.018431407139537528,-0.0219618178353541,0.04626955049971821,-0.046909293363120254,-0.00214085102152616,-0.015475708188262313,0.026624276154031547,0.05417491420489727,0.0926646742976583,0.11951636334688785,-0.06557587754334708,-0.004604486224989738,0.02320600134227254,-0.04244299753015846,-0.02304976120800938,-0.02022673703414872,0.02663996212348078,-0.00223181266647871,0.004326996042555371,0.017824746291122993,-0.01452166129192101,-0.026137055813847333,-0.03398696475768626,0.013644179013808926,-0.016236659493301556,-0.004878731159947837,-0.027687897264385253,-0.0018989540469874385,-0.021133122949820886,0.03661075176737709
HeatingQC_Gd,-0.04114292438504178,-0.013071534748127268,-0.1280247929001404,-0.18592006209392672,-0.07666962176831073,-0.07637681730714391,-0.059791078393057515,-0.12359755296967542,-0.10749829782079953,-0.07395246310686497,-0.12887490515466843,-0.11747728048640359,-0.013943458855089777,-0.07287384336753322,-0.020649484464561146,-0.1347224933066348,-0.04230673660883046,0.0063602959607022705,-0.04513960785070649,0.07255187848627835,-0.000276541193680015,0.036095783836675575,0.002593021979367054,0.007814043073835203,0.0394841350217763,0.02786374198983067,0.024478415889796382,-0.014656354985490625,0.058879713154733705,-0.03395074371422405,-0.018377883099592207,-0.023305368626111517,0.01376521096265935,0.020310909754999724,-0.002865255056495722,-0.01646807758216324,-0.011361139349651377,0.05125502626164362,0.018538179271006424,-0.12007543428033722,-0.004205234817672471,0.0036020743114435765,0.09753227472810114,0.01047685008445535,0.003333637978581918,-0.052126484621794825,0.0606020595638228,-0.03501823210738217,0.033437970994705024,-0.042077327163711084,-0.0884069910312439,0.1266749332116592,-0.0302451174649702,-0.0018089301567886077,0.011814037388094868,-0.064223805036419,0.012419492678852435,-0.003158865258621907,-0.017404872735602133,0.05343126707769813,-0.03212186763380702,-0.033004134917072575,0.014060343201696711,-0.03874082084137801,-0.018020633935268364,-0.016468077582163242,-0.02606514672501609,0.02911583710600575,-0.009586752336509175,0.05887971315473359,-0.01646807758216324,-0.011640698006801339,-0.011640698006801339,-0.016468077582163242,0.024097245622781205,-0.025719250638922424,-0.02289377813853861,-0.053759167967130754,0.013044860594050267,-0.06951855306012307,-0.03300413491707253,0.025267023475949578,-0.017857633281283036,0.02221606813764404,0.056092421962902726,0.05651060119660892,0.025267023475949613,-0.061406553560024627,0.022556456502032668,-0.016468077582163246,0.018020633935268385,-0.011640698006801332,-0.01164069800680133,0.058879713154733684,-0.0174048727356021,-0.026065146725016097,0.00027654119367982705,-0.011640698006801339,-0.016468077582163235,0.038008645557200516,-0.011640698006801337,-0.037521086305814896,0.05834248881704674,-0.011640698006801339,0.0344760308437064,-0.005832521342404246,-0.016468077582163242,0.012419492678852395,-0.10429222965188394,0.03707687313891945,-0.004070408301391488,0.020566799322312947,-0.030861915749334137,0.05508410282267511,-0.011640698006801337,-0.04557881241583655,0.06786349946216493,-0.014555570431653786,0.029605244152410233,-0.011640698006801337,-0.008964384175355115,0.03709686857543788,-0.004070408301391447,-0.10553090772221106,0.035001259916652774,0.008428931921247418,-0.03388969759530186,0.0905099123858958,-0.11174072615776204,0.013044860594050266,-0.14296426968961487,0.15758921988016278,0.018538179271006434,0.06703395895478058,-0.011640698006801332,-0.07114958808695797,0.07573543950114109,-0.13295962639963782,-0.013953202364530553,0.05795513301833142,0.02056679932231292,0.12329983952399504,-0.07472911298978903,0.09893386137803657,-0.033361358556854806,0.08329703972056832,0.0033807702816978174,-0.013542092440951154,0.015005844501776633,0.045110321663903316,-0.0026293687341217794,-0.0938690559846254,0.00660201897987179,0.03876515015917381,0.05107836990391195,-0.0055518004874483195,-0.024818949480131428,0.03598253746615092,0.020395294683657382,-0.009291146231965699,0.041358744091303586,-0.016238539797073435,-0.03086191574933414,-0.016468077582163246,-0.023305368626111458,-0.0828592888543242,1.0,-0.011640698006801327,-0.28634440675634004,0.020058260347414217,-0.019950424389777507,0.06130971249812947,0.05887971315473363,-0.02879215526639623,-0.005007963346394516,-0.05167884842689246,0.09474023731489987,0.06867787622566464,0.036895346244556496,0.016975784196313893,-0.045302104178406126,-0.011640698006801337,-0.03281889928204192,-0.030377615837140617,-0.010938662113109855,0.026961562850420014,0.023977611702283557,-0.04251097741251475,0.06289801427499689,-0.05059096723163732,0.012124800512975598,0.05065656765838606,-0.05559086548959381,0.08414720655775351,0.03183401425737917,0.013044860594050292,0.06130971249812947,-0.04180930327277583,0.014746412968196385,-0.011446715797203319,0.02255645650203269,-0.012343638369055263,0.05264394911781854,-0.07517936547675914,-0.016468077582163246,-0.011991144023393165,0.020395294683657396,-0.029989626074654333,-0.01740487273560215,0.033414481069202605,-0.005515860925210559,-0.011640698006801339,-0.023305368626111475,-0.016468077582163235,-0.011446715797203284,0.005515860925210849,-0.026065146725016072,-0.08092717606855056,0.020566799322312916,0.07004164608470576,-0.02330536862611156,-0.04047743747158934,-0.03652856902314964,0.09735188921499073,-0.08330530257077326,0.05155164225003374,0.11436218541438202,0.0005565379860496303,0.012634779997809913,-0.004152729623650738,-0.012715872279648427,0.01674883207395551,-0.02861556489347245,0.014845698382114721,0.03925851906907921,-0.030861915749334078,-0.011640698006801335,-0.08298631456743731,0.00958675233650916,-0.011640698006801337,0.071296812312951,-0.016468077582163235,-0.030791764835736198,-0.047826301095810035,0.005515860925210863,0.08800189768495711,-0.08783863078408748,-0.017964708162294445,0.051325522883012134,-6.116580614175037e-05,-0.09448729039814445,-0.026065146725016055,-0.008851474971670192,0.02082656533807921,-0.024298809073621256,0.020310909754999735,0.033414481069202646,-0.02571925063892251,-0.01775595457969253,-0.020453913524571713,0.012377912378602675,0.03527990749194249,0.06222980899762392,-0.047591864856473966,-0.0036256819364797613,-0.013040582323272806,-0.024795015607241372,0.021183127331939732,0.04008492783710866,0.047287656672898463,0.02082656533807919,0.10042815319644136,-0.03362805617686692,-0.017696801468718645,0.024081731271055895,0.051255026261643376,0.011089029882027568,-0.025719250638922418,-0.07295716092508443,-0.02178518666121534,0.05255327008481325,0.02663374075503841,0.005515860925210868,-0.016023580750362542,0.024680826772216218,-0.1358206810983974,0.03125896484719429,0.04865019923559608,0.13731363249552456,0.035869376813505056,0.0033336379785818735,0.01473000406468975,0.05004668472394909,-0.022128479682055707,0.0030578172764094058,-0.02687453361984523,0.005180631319089706,-0.007925327850116324,-0.016238539797073407,-0.03874082084137799,-0.011640698006801335,-0.010189699707441446,0.003722246212738963,-0.020965671918434774,-0.0334398960509252
HeatingQC_Po,-0.02139884360924569,-0.014475214342568665,-0.020817195521266377,-0.02624541272478219,-0.04422794344544215,-0.014942331805524237,0.002178714175608788,-0.020143327665346596,-0.024362676809680055,-0.03550809466070623,-0.04124287936929741,-0.013839031495303335,-0.01969208639692011,-0.018443486658914026,-0.002295681240270906,-0.03096220140670987,-0.005651216278606727,-0.0027558066815460197,-0.050527845008608144,0.062489191424120016,0.0016817668047427058,-0.004450133961766881,-0.004450133961766875,-0.0021741442384047532,0.019910326354183012,-0.0049300099965421,-0.00416263766720824,0.008826004456815756,-0.0006854009595613452,-0.006867693918983002,-0.004774745214234099,-0.0013722134196707803,0.016304014980018156,-0.005651216278606704,-0.002481474202684444,-0.0009696356842476744,-0.002755806681546013,-0.005324910884747066,-0.0036608325200733075,-0.008858951738437829,-0.004980832596595445,-0.007099093560413924,-0.006261653917248717,0.1623580931697709,-0.0028416046134726327,-0.0048787311599478396,-0.011174552347320135,-0.0020618634616685508,-0.006006141416396617,-0.00445013396176688,-0.00617741284186321,-0.0075827681620618224,-0.0034555438454198883,-0.006049320559056106,-0.005372535479949051,-0.0065498026305739025,-0.0034555438454198753,-0.004279710124597742,-0.002281048418519262,-0.006345016128972191,-0.06571168880219454,-0.0019432739968373667,-0.00300619511068186,0.3004762871304011,-0.0035252056082745167,-0.0009696356842476724,-0.0015347083625049955,-0.001681766804742893,0.0026673748993302857,-0.0006854009595613443,-0.0009696356842476748,-0.0006854009595613456,-0.0006854009595613452,-0.0009696356842476724,-0.003856000544660359,-0.0050312129372710145,-0.00456059657455411,-0.007619075019517854,0.2660679005073846,-0.0260371014011811,-0.001943273996837365,-0.002281048418519262,-0.017334820079736798,-0.004221538613690474,-0.005651216278606718,0.013842829614158218,-0.0022810484185192673,-0.012921749636099752,-0.001817140746726353,-0.0009696356842476757,0.003525205608274451,-0.0006854009595613425,-0.0006854009595613426,-0.0006854009595613455,-0.0022810484185192678,-0.0015347083625049938,-0.0016817668047428929,-0.0006854009595613452,-0.0009696356842476739,-0.004930009996542106,-0.0006854009595613455,-0.005466739938600008,-0.011086348305829701,-0.0006854009595613455,0.062154396825971174,-0.007399389449496109,-0.0009696356842476754,-0.0034555438454198758,-0.0193268049780716,-0.010611021536400794,-0.003525205608274523,-0.0011879637962715491,-0.0018171407467263581,-0.0034555438454198827,-0.0006854009595613455,-0.005419808745550284,-0.010640988927468533,-0.0021741442384047524,0.06317197990345544,-0.0006854009595613444,-0.008593277194535122,-0.001534708362504998,-0.003525205608274509,-0.019008973976824436,-0.010339601285233221,-0.00427971012459773,-0.017334820079736756,0.021498233451590163,-0.008115685828958833,-0.0025760377642485345,-0.018550222904885026,0.020472135038167274,-0.0036608325200732984,-0.008726721158229032,-0.0006854009595613425,0.009755248629354795,0.02988255646281656,-0.0233549650432715,-0.0033845486021890072,-0.0016817668047428935,-0.0011879637962715498,-0.00410297569248047,-0.022429032789825464,0.027808705736220955,-0.005651216278606713,-0.000969635684247673,0.007546340883836811,-0.008322484427420755,-0.007619075019517852,-0.03805596683545177,0.0779486169521949,-0.0165816076767173,-0.006049320559056106,-0.008288247534334285,-0.017953791199750976,-0.003981230636748928,-0.002576037764248533,-0.004722006332554312,-0.005130699434093798,0.009376899469075857,0.003919071974872667,-0.0029250007138830686,-0.0018171407467263588,-0.0009696356842476757,-0.0013722134196707805,-0.004878731159947837,-0.011640698006801327,1.0,-0.016859876533275718,-0.09923774270334373,0.1907276102146728,-0.0011879637962715444,-0.0006854009595613433,-0.0855574792061754,-0.0043371817192658785,-0.021437070970360437,0.02600145719835826,-0.0015347083625049966,-0.003856000544660356,-0.0040425188141321846,-0.002667374899330422,-0.0006854009595613445,0.007099093560413893,-0.003981230636748927,0.01580566484952292,-0.0030853618542539423,-0.013676117199022984,-0.03578522245913219,-0.003006195110681856,-0.006630352749378726,-0.0020618634616685456,0.043592997494036195,-0.0166928273953155,0.027808705736221195,-0.004826981389391316,-0.002576037764248532,-0.001187963796271548,0.0057863832212504815,-0.004102975692480477,-0.0020618634616685525,-0.001817140746726358,0.005081164323863838,-0.003791970610339499,0.007834487246047286,-0.0009696356842476752,0.001372213419670936,-0.005130699434093786,0.007975904909222783,-0.0022810484185192665,-0.0009696356842476748,0.001534708362505156,-0.0006854009595613456,-0.0013722134196707818,-0.0009696356842476728,-0.0020618634616685464,-0.0015347083625049916,-0.0015347083625049927,-0.007905406612684218,-0.0011879637962715515,0.010217924776423706,-0.0013722134196707762,-0.0023832999075658503,-0.0030853618542539423,0.012243190039424425,-0.008010999925671855,-0.022840718869156496,0.06423072897805164,-0.003384548602189008,-0.007691334763116886,-0.0018171407467263581,-0.0049300099965421005,0.04593266438651399,-0.02898334181693014,-0.010820041563130892,-0.003162653435841254,-0.0018171407467263575,-0.000685400959561344,-0.021498233451590184,-0.0026673748993304154,-0.0006854009595613445,-0.006303442627650207,-0.0009696356842476741,-0.023452358425057683,-0.007655263288873439,-0.0015347083625049933,0.029225246652764294,-0.027580359124843915,-0.003981230636748937,-0.0152255560306322,0.02300050153212725,-0.009848642412709439,-0.0015347083625049972,-0.01991032635418299,-0.0023832999075658525,0.005786383221250507,-0.00565121627860671,-0.000969635684247673,-0.005031212937271011,-0.007325140422603414,-0.008559719094491986,-0.010550975584685323,-0.011986129886989721,-0.011437603779197543,-0.007905406612684223,-0.00555961125853256,-0.006670350116675793,-0.006261653917248708,0.12757495266794258,-0.005830869671712119,-0.0013722134196707803,0.28758485551294577,-0.008660154807472387,-0.013285926280496409,-0.005419808745550282,-0.002755806681546017,-0.005324910884747051,-0.0030853618542539406,-0.005031212937271016,-0.006590171425590703,-0.005559611258532545,-0.0021741442384047554,-0.003791970610339499,-0.001534708362504992,-0.0034555438454198766,-0.005276925300178227,-0.029675189676157142,0.05731991672857031,-0.010581017232071721,-0.005962712492266397,-0.0032382043469266274,-0.0028416046134726405,-0.006984097494435168,0.05434569940600613,-0.016137733779981456,-0.0141201399296148,-0.010034112259086155,-0.006092255364600983,-0.004774745214234111,-0.0029250007138830773,-0.002281048418519268,-0.000685400959561344,0.048540663405453974,-0.013425492577827748,-0.014369255787343872,-0.00966139447134431
HeatingQC_TA,-0.06431894514309612,0.011328337623833402,-0.33902642753420154,-0.2857376032472687,-0.4196139004498024,-0.09840761697408791,-0.17214202192645886,-0.1578881313710064,-0.10519519782706559,-0.18790461443344927,-0.29226550818841107,-0.18540056748769435,-0.08892141243083107,-0.13279769746544232,0.024940546141631742,-0.31267704543518277,-0.13901178192269456,0.04783233747318226,-0.016268458137768033,0.06794275540844957,-0.05271008704353408,-0.07303614707826271,-0.05482077729106369,-0.035237360863528785,0.08067931338608056,-0.046808395613497825,0.014035436887841403,-0.041356956399869166,-0.016859876533275725,-0.02180136440788182,-0.015157338343599672,-0.033754473947279,-0.0013228871527577039,-0.00039974631753470554,0.035062194597390836,0.05751143446002932,0.12009559565907424,0.03849772701017662,0.008686515046795188,-0.1435811266638714,0.008599168273162261,0.02195083717680521,-0.14737676382329148,0.06848600258909143,0.07036050959684413,0.05543842073315404,0.18770478053114273,0.10307043830894619,0.1215077922155381,-0.10946688665266126,-0.15195545958316434,-0.0007096318022916365,0.019383497309859117,0.12557617615275682,-0.01754273097496591,-0.16111571209277972,-0.06180475781586222,-0.03912200696035853,0.013491311145406696,0.034539990873923884,-0.06726061733180778,0.05411201839444039,0.018987158259749188,0.013491311145406701,-0.01845264876321147,-0.023851641423345487,-0.01199584044747171,0.029190304927531666,-0.008993761900221579,-0.01685987653327572,-0.023851641423345483,-0.016859876533275725,-0.016859876533275725,0.016829896518341866,0.05127215676366557,0.18475116503773792,0.030209978183216423,-0.06403995423033884,-0.017047281787556257,0.04565989088186143,-0.027418989712766014,-0.003909143158739738,-0.12568910927942126,0.06848600258909125,0.05066784574752413,-0.012689578764226838,0.013491311145406621,0.0006024336008387928,0.020648691216150268,0.016829896518341905,-0.04980968365474975,-0.016859876533275718,-0.01685987653327572,-0.01685987653327572,0.030891765449553094,0.0652714847877135,0.02919030492753168,0.040652786407337736,0.016829896518341957,0.019380715859341743,-0.01685987653327572,-0.029194049070871697,0.21337689024087755,-0.016859876533275725,0.04839777158769614,0.19166946284198347,0.016829896518341898,0.019383497309859072,-0.3746438143962179,0.07179652886384724,0.07256379446073684,0.037233268565800615,0.0642138489843287,-0.02700979133341021,-0.01685987653327572,-0.027203821141346216,0.1825381229964902,0.019493008137271266,0.039419031850370045,-0.01685987653327572,0.2202443264806497,-0.01199584044747167,0.0384326282517561,-0.3694844400782324,0.08477574505346534,0.01758030623830799,-0.027627424447952558,0.10238451936355138,-0.15175171483257302,0.029272255575654722,-0.37656659159813466,0.40746059646214683,0.05256994746313083,-0.01905902188500966,-0.016859876533275715,0.0008315496401855372,0.41328541784590406,-0.4200214847411438,0.04691199998497003,0.005670522811529351,-0.029222198556533,-0.012396943889091143,-0.213685233155034,0.3222780478981932,-0.036876597792576786,-0.0238516414233455,-0.0179061465599038,-0.027528409911965687,-0.030391321849234713,0.08857391107240355,0.1775458096342349,-0.23812213214746153,0.0707000261428722,0.1255565417177839,-0.08033065295432582,0.04379367909524558,-0.017047281787556205,0.11641414506035438,0.08108054989819964,-0.1343147167865727,-0.03719306618253141,0.07804009967442943,-0.04469904543611717,-0.023851641423345497,-0.004968532380090154,-0.12000976048882178,-0.28634440675634004,-0.016859876533275718,1.0,-0.1290290293413657,0.04562164327488864,0.004005535004633797,-0.016859876533275718,-0.10946907102153106,0.06128256714522219,-0.36770010489203336,0.4108847738767178,-0.011995840447471645,0.05127215676366573,0.030258448635096257,0.023915230507407213,0.04065278640733777,-0.05769234901115724,0.05391698046938437,-0.0056833434389142665,0.053552402796543525,-0.002772384502635229,-0.09089245645364807,-0.02084222544604656,-0.125163535921984,0.06462311078440319,0.1586944924142182,-0.11520881034325178,0.3132336462771838,0.007837183028372207,0.029272255575654785,-0.02922219855653294,-0.0076098095088642,0.026949878019763413,0.045399447022131625,0.020648691216150268,-0.04394793045850958,0.02339189966452401,-0.053807695956746934,0.01682989651834191,0.004968532380089949,0.10499843840534617,-0.10605336853596775,0.04829221975369956,-0.023851641423345494,-0.013759934630923482,0.040652786407337715,0.023817409187098713,-0.023851641423345487,0.04539944702213158,0.013759934630923383,-0.011995840447471678,-0.19446161779595322,0.03723326856580063,0.09585990708341603,0.05260335075428749,0.1246938557722684,0.06649718890299265,0.03060635792093577,-0.1970590612265115,-0.0910548375150571,0.047459416928134955,-0.05958829023661022,0.0556063589538213,0.020648691216150244,-0.07162931241581262,0.007177079638607653,0.003953089919133509,-0.0018801872605935194,0.03593813761428857,0.06421384898432857,-0.016859876533275718,-0.037958171697381075,0.023915230507407192,0.04065278640733774,0.003622794645169308,0.016829896518341905,-0.14092642965059732,0.029535580079904634,-0.011995840447471649,0.2587107322426213,-0.24752023879593452,-0.047316033272000714,0.20021619793095102,-0.06541396070858374,-0.21030184355768877,0.03951570970931842,-0.11503004967930568,0.05803218260217982,-0.14327569368360152,0.13821228928762508,0.016829896518341894,0.02237655574620325,0.005369733023449517,0.028861363090717265,-0.01650356700924447,-0.008615110377513816,-0.027058366627857985,0.00671841501654473,-0.0034691724655567086,-0.006857528157624605,0.03219766835753664,-0.009901803998996284,0.0338421774610108,0.023817409187098706,-0.008629490567908729,0.04433921780782954,-0.18885847852454382,0.018274322598766907,-0.02443092071270981,0.038497727010176626,0.04060761669009417,0.18475116503773792,-0.09219073983284812,0.04836553893501304,0.0012495518036712153,0.044604429795086144,-0.011995840447471708,0.08897343027476305,0.0877070712977455,-0.1749321411470131,0.143839310322975,0.06455031477855637,-0.04938638624481357,-0.05495326486016937,-0.027821413953094155,0.05174321824602196,0.11692416637506865,0.08472905939250162,-0.12765450724356076,-0.08023129195781965,-0.05443538500176938,0.001891747928862203,-0.031044194748420764,0.03089176544955307,-0.016859876533275718,-0.0016082612985547015,-0.02637677508154816,0.0032642991083281976,0.04492943238985272
CentralAir_Y,0.05534102103486868,0.04975493824508254,0.2720384241063772,0.38183075179949844,0.2988780217415342,0.12640868046224457,0.020060143083866524,0.20795754081444398,0.14695261189405368,0.09366559623177144,0.20413495988906338,0.2307407974913725,0.14597281977144463,0.02585755970715621,-0.0024779062895322447,0.25132816384015527,0.056946239652993315,-0.1322716740022358,0.20323077250506824,-0.18556134751367528,0.06986857817990928,-0.05601077607089237,0.028034170551412763,-0.01176137362958825,-0.11418195691283689,0.01913940369843206,0.0061324728050598,0.0761831873824941,0.006906656085580699,0.057889953005375416,0.0481142061897505,0.01382753559573398,-0.021956528708762704,-0.010374820989411726,-0.0045556300402365656,0.009770835750932457,0.027769743713176472,-0.11695717654651215,0.03688951824525883,0.08926998435383911,-0.025432132849001008,-0.12635556498089873,0.05082270682614159,-0.22250111609269757,0.028634313277027833,0.04916205293516252,0.05107342082178681,0.020777008882922447,0.06052275326688013,0.04484315987587384,0.062248623090205166,-0.1937834754086665,-0.11501880859713833,0.035638237566564535,0.040036060152677744,0.06600112469459866,0.03482086302335284,0.04312583103982207,0.02298569431731344,-0.033111248363394345,0.06450155009735217,0.01958200523208675,-0.01871276433347857,-0.009128290087736869,-0.0064717709133113345,0.009770835750932442,-0.03206945676508282,-0.06986857817990927,0.05573779755179091,0.006906656085580686,0.009770835750932516,0.00690665608558075,0.006906656085580702,-0.06531032317728547,-0.2500913662547732,-0.12910691789581108,0.04595627077277753,0.07677598071022142,-0.08802382757298897,0.034655638785447765,-0.018036057450606328,-0.20181219651803867,0.029894918963254632,0.04253964770551172,0.056946239652993315,-0.005086229892399642,-0.07335625889783759,0.025256049604047735,-0.02189057519311736,0.009770835750932528,-0.01452553027209869,0.006906656085580638,0.006906656085580678,0.006906656085580735,-0.009128290087736891,0.015464966460319054,0.016946846622360966,-0.09923774270334383,-0.0653103231772855,-0.011399972694694472,0.006906656085580779,0.04120853722825412,0.08851390722057084,0.006906656085580742,-0.03636685880472236,0.06395202788346833,0.009770835750932481,-0.11501880859713814,0.13663529500414903,-0.17227151141091884,-0.00647177091331131,-0.04935365660721889,-0.02189057519311736,-0.029396139099714863,0.006906656085580779,0.04062544070384118,0.07538350101819746,0.02190844107472312,-0.024146395225296047,0.006906656085580695,0.06784923910884698,-0.07960387999048466,-0.17445018039659196,0.13898165258207226,-0.15590952927467697,-0.026640056293297236,0.13848351196316247,-0.18266101782262445,0.08178023409117072,-0.23050141987516623,0.1633797641880064,-0.13189792368964837,-0.2060820455355439,0.013884871856588236,0.006906656085580629,0.07144465457320016,0.0406380798345616,0.19062197724683436,-0.1624496784739327,-0.11327629058104428,0.011970886921750983,-0.10389074761832945,0.17542868863743571,-0.1856339744354194,0.0569462396529933,-0.06531032317728554,0.11177756973320327,0.06462740498365234,0.014674633432147586,-0.09822813294053682,-0.0034030462871647315,0.160946416240796,-0.002341198088314479,-0.041941331732319787,-0.17035514939580887,0.040118109585082086,-0.0025372721916826417,0.03168554927341139,0.022272789116834283,-0.059497667178733706,0.45363547928631376,-0.27251151543985747,-0.2630999320380332,-0.14039148210550348,-0.1986798535597564,-0.3208998879559428,0.020058260347414217,-0.09923774270334373,-0.1290290293413657,1.0,-0.33480352618320863,-0.1720027436651586,0.006906656085580691,0.34604826337230776,-0.3007443973483864,0.18769099417872012,-0.11760572124589155,-0.03206945676508285,0.000329848808038506,-0.05132950304801109,-0.08327660784810734,0.0069066560855807506,0.08237961149529381,0.04011810958508211,-0.14044193799793322,0.007199930500179862,0.1242784405977529,0.17412381024783838,-0.01871276433347852,0.06681281303625729,-0.014701860086746184,-0.20648476827903084,0.16208457163644638,-0.26909494836552983,-0.1538151682977101,-0.031032790652118055,-0.11067820013618893,0.16571830192597034,-0.19466303458587034,-0.014701860086746258,-0.14249525361557555,0.2160447034285062,-0.07923748935873265,0.32548179872871497,0.00977083575093257,-0.013827535595734079,-0.021869661712004645,-0.020604626333766658,0.022985694317313385,-0.06531032317728545,0.032069456765082646,0.0069066560855807835,-0.03929931169313864,0.009770835750932474,-0.08565959802608368,0.01546496646031901,-0.07960387999048472,0.07966129012341834,0.011970886921750967,-0.037372570475146326,-0.09242615898201122,-0.006741351093419196,-0.01669074797768966,-0.014820539230632224,0.08072533400542495,-0.038913803343578045,-0.19437906554114948,0.03410545735916821,0.03643116022328861,0.018310984281035336,-0.04193934908782116,-0.0949230328013779,0.15807471224083056,-0.056172649253134865,-0.06142259652359438,-0.06209213466726994,0.006906656085580716,0.10905366923932525,0.026878633337158016,0.006906656085580745,0.03911408615654192,0.009770835750932459,0.16368615008249243,0.06683168756522999,0.015464966460319056,-0.0933435866381105,0.08883145190912237,0.04011810958508214,-0.09578397678636637,0.16026848943874672,0.06553668207029989,-0.03206945676508275,0.13147208556549816,0.0240160632703059,0.24478651134162932,-0.23926642717358876,-0.06531032317728545,0.03571479127801456,-0.011801453048084215,-0.01716078423617853,-0.037853937348077356,0.05475013704719168,0.02441966011926956,0.009416390635813919,0.001357286083195162,-0.025638219412610266,-0.010551281566055889,-0.002269836944723581,-0.20298132649520279,0.013827535595733957,-0.06825617982086933,-0.06175015304165151,0.1338797711291424,-0.15521984419863832,-0.13227167400223552,0.05365812179610998,0.031090608978049387,-0.12910691789581108,0.06640791342151948,0.05602315315808984,0.021908441074723208,-0.23583543787142228,-0.07960387999048486,-0.17923581072020622,-0.21922853206833856,0.14229817457495603,-0.019125893394963792,0.01869664948767139,-0.004040812714972455,0.03263077392446075,-0.02313794354583355,-0.0968787548152645,-0.00785631478333493,0.03206350442858533,0.0691740692987978,0.00139445001382409,-0.0015078370205956408,-0.0620150630732395,-0.02085635254157033,0.02298569431731346,0.006906656085580716,0.029294842773133437,-0.015177532552994675,-0.013212491271881678,0.003308641641314261
Electrical_FuseF,-0.022113839872194556,-0.028974345729700503,-0.134886932019032,-0.15915965035077265,-0.20972076237902396,-0.027806001981563792,-0.012009945258266635,-0.12201621902133598,-0.07603571775606308,-0.06934816929927555,-0.14267708511305938,-0.128147644054362,-0.07411433798165672,-0.08042816491073863,-0.012036438970147077,-0.12660098635768424,-0.029629775533002303,0.034383061925628434,-0.04089289333080269,0.056608867794642616,0.008817636853153827,-0.02333240560586928,-0.02333240560586923,-0.011399210821955219,0.07273794791546898,0.030060771099487984,0.010957427345377722,-0.07128235491703357,-0.0035936116369826706,-0.036007864363492494,-0.025034368169663052,-0.007194623883381578,0.028835851252945084,-0.0049805035796214835,-0.0130105662200215,-0.005083876860598742,-0.014448913182754349,0.050168499546786476,0.017873810830035544,-0.04644818717366969,0.029263102207977808,0.1439216293996684,-0.0328303485279396,0.10725728346936528,-0.014898758550344518,-0.025579574737273743,-0.016347072449706863,-0.010810513796863645,-0.031490676203809354,-0.023332405605869237,-0.03238866588277531,0.017317970043213907,0.06025809714031426,-0.03171706787626247,-0.02816862998441616,-0.03434113510467513,-0.018117690676931888,-0.022438859899627184,-0.011959717924173854,-0.011058718190116222,-0.01924191772204909,-0.010188739819316745,-0.01576171959213586,0.04683216143371792,-0.018482932829215065,-0.005083876860598745,-0.008046597767243091,-0.008817636853154008,0.013985258329028317,-0.003593611636982667,-0.005083876860598743,-0.0035936116369826706,-0.0035936116369826706,-0.005083876860598747,0.01504825382649433,0.08334576956889239,-0.023911569853053545,-0.03994741511699456,0.14299601761737585,-0.024667619414172205,-0.010188739819316752,0.046832161433717816,-0.057755192737819074,-0.022133862050381294,-0.004980503579621479,0.01106423993299569,-0.011959717924173881,-0.01651192003766518,-0.009527413176734506,-0.005083876860598747,-0.01995735482128926,-0.003593611636982668,-0.0035936116369826698,-0.0035936116369826698,0.0468321614337178,-0.008046597767243095,-0.008817636853154018,-0.0035936116369826706,0.13236909011114542,0.030060771099487866,-0.003593611636982671,-0.003254339477278517,-0.04396830553359726,-0.0035936116369826706,0.013237676025406694,-0.038795586235090766,-0.005083876860598746,0.13863388495756043,-0.08005262275018368,0.09040344517780421,0.01995735482128925,-0.0062285884824669,0.06407059337370126,-0.01811769067693188,-0.003593611636982671,-0.002806566663549381,-0.04121726755118689,0.05024096621528389,0.014984552143018685,-0.003593611636982667,-0.04505523445117877,0.1659983317168295,0.09683793012229781,-0.07827935769590416,0.07971178239000357,0.0414222228556469,-0.02462254778802898,0.050522409733426685,-0.0425511850110441,0.0908285549183831,-0.09726029117654172,0.08638341728163597,0.12907734980099497,-0.04575489174538871,-0.0035936116369826685,-0.011004277856550232,0.0028241413082345486,-0.0917495784004125,0.14218273556530978,-0.008817636853154013,-0.006228588482466896,0.011723594740974477,-0.08672846305567246,0.10505815687424029,-0.02962977553300231,-0.005083876860598747,-0.017741925644926965,-0.04363544647811293,-0.02099899858976518,0.06176741631180443,0.004430252423995221,-0.08693868526981441,0.014636204495452429,0.02721593106453711,0.08026215572067702,-0.020873908252024263,-0.01350637047960221,-0.024757854026690077,3.690077421044457e-05,0.033148837335787336,-0.187785938730142,0.07680627693534661,0.1376685999241371,-0.005083876860598746,0.18732668851915757,0.14379085209456138,-0.019950424389777507,0.1907276102146728,0.04562164327488864,-0.33480352618320863,1.0,-0.006228588482466906,-0.0035936116369826685,-0.44858465489016763,0.1979670500414818,-0.09165317960042374,0.044815773973072945,-0.008046597767243088,0.050313824591633596,0.012513969379958334,0.03643073465956766,-0.003593611636982668,-0.043286773593386826,-0.020873908252024297,0.05989016190417525,-0.016176797112810424,-0.04692937857674037,-0.09160928614164367,-0.015761719592135855,-0.013402076871506132,-0.010810513796863638,0.11337744573766137,-0.08752181908286347,0.13561697790685884,0.08873508678285531,-0.013506370479602202,-0.006228588482466904,-0.06616297387615704,0.07819523870921817,-0.010810513796863644,0.06407059337370129,-0.08208241734643446,0.08762632393847174,-0.18104236236485646,-0.005083876860598746,0.007194623883381897,-0.026900664399448784,0.023582125215235145,-0.01195971792417386,-0.005083876860598744,0.008046597767243218,-0.0035936116369826706,-0.007194623883381574,-0.0050838768605987435,-0.010810513796863635,-0.0080465977672431,-0.0080465977672431,-0.04144867438849741,-0.006228588482466897,0.03856338293206214,0.09006603231788782,-0.012495830597800392,-0.016176797112810403,0.024446323776283693,-0.0420023085103154,0.003395081534856185,0.1040466385488836,-0.017745456981186642,-0.0027296203965425556,-0.009527413176734494,0.030060771099487935,0.05175297785744108,-0.1008599569541284,0.0728882730934978,-0.016582043010351495,-0.009527413176734502,-0.003593611636982667,-0.06088816552471433,-0.013985258329028347,-0.003593611636982668,-0.010710469924808192,-0.005083876860598741,-0.08204511536785909,-0.002391424579990761,-0.008046597767243079,0.07139536512369626,-0.0631535516135385,-0.02087390825202434,0.08394723733142494,-0.07421567874132318,-0.0516372139388961,-0.008046597767243082,-0.05163563217645573,-0.012495830597800392,-0.1144136940855424,0.11826585618728273,-0.005083876860598743,-0.026379048799532265,-0.038406292693326516,0.04117765913694464,0.0033344422718216637,0.004314733432126468,-0.0045370101989541745,-0.004706072926927132,0.020889606084210192,-0.034973175143168854,-0.01035856753835129,-0.0023518065209839067,0.06526231924117408,-0.007194623883381585,0.10012091429595604,0.09099861363837129,-0.06965916610365176,0.022803354141338748,-0.014448913182754333,-0.0018897871186778364,-0.016176797112810358,0.0833457695688924,-0.03455279190135691,-0.029149483141297425,-0.011399210821955186,0.01595437270588419,-0.0080465977672431,0.17782177886618336,0.1298153666696964,-0.07360787549255995,0.004570281616105584,-0.011576524987445175,-0.03126297490727793,-0.01697816243427934,0.03249162812395401,0.00420850379625938,-0.001113216189475157,0.0064390116321425064,-0.02536107881079584,-0.006970856384824852,0.03714757051676369,-0.02503436816966303,-0.015336010924641966,-0.011959717924173871,-0.003593611636982667,0.035478840781320464,-0.007786910128828689,-0.003021491170781905,-0.019350921038007708
Electrical_FuseP,-0.02761417875702044,-0.016881883641016365,-0.03608117886936982,-0.06202150980553291,-0.033417478904697435,-0.025898634907369156,-5.893950540786698e-05,-0.05077832264240271,-0.025983639303412173,-0.020224643173044638,-0.03663692609498814,-0.033610886486990926,-0.03413109565467254,-0.018264965109766294,-0.003978964667582304,-0.0477606176949478,-0.009794909461728481,-0.004776472109544654,-0.05054753642930019,0.06586890708378902,0.002914904115518517,-0.007713146533265621,-0.0077131465332656276,0.17962287077395805,0.0031176678295020983,-0.00854488647768614,-0.007214846691788247,-0.03466766267064677,-0.0011879637962715472,-0.01190335616811445,-0.008275775473908243,-0.0023783740605938858,0.02825875753446052,-0.009794909461728526,-0.004300988309175404,-0.0016806105570620073,-0.00477647210954466,-0.009229344168850177,-0.0063450983506704575,-0.015354682235806126,-0.008632974199265045,0.04757711809136194,-0.01085294389321265,-0.007316936119897286,-0.004925180446616453,-0.008456007989059725,-0.01936817193348184,-0.0035737025330180275,-0.010410079616072827,-0.007713146533265647,-0.010706933960893616,0.10006324476303655,-0.005989283976805351,-0.01048491939783549,-0.009311888983126897,-0.011352374532457219,-0.005989283976805351,-0.007417761261689443,-0.0039536024876265525,-0.010997430544599887,-0.025912408264454116,-0.00336815862638442,-0.0052104551448310995,-0.003953602487626562,-0.006110024473446519,-0.0016806105570620089,-0.002660016661864545,-0.0029149041155187173,0.004623198679961103,-0.001187963796271546,-0.0016806105570620073,-0.0011879637962715472,-0.0011879637962715472,-0.0016806105570620082,0.09823837047402777,0.07289272548045178,-0.007904604661536674,-0.01320567932974139,-0.00446488957896133,0.015374364092474845,-0.0033681586263844252,-0.003953602487626554,0.00281323870027702,-0.007316936119897271,-0.009794909461728495,0.02399293463216071,-0.003953602487626562,-0.022396482727418277,-0.0031495395355476525,-0.0016806105570620086,0.006110024473446618,-0.0011879637962715474,-0.0011879637962715485,-0.0011879637962715467,-0.00395360248762655,-0.0026600166618645413,-0.0029149041155187095,-0.0011879637962715472,-0.0016806105570620065,-0.008544886477686142,-0.0011879637962715467,-0.00947516784167459,-0.019215293233045716,-0.0011879637962715472,-0.019113109561625666,-0.012824911692771394,-0.0016806105570620078,-0.005989283976805348,-0.033497975588251176,0.025057590630252254,-0.006110024473446518,-0.0020590253946465263,-0.00314953953554766,-0.005989283976805361,-0.0011879637962715467,-0.009393824859174827,-0.018443378909841754,-0.003768311974278838,-0.018805232922683268,-0.001187963796271546,0.03615166119147918,-0.0026600166618645435,-0.006110024473446507,-0.032947098444664896,0.026350847331713674,-0.00741776126168944,-0.030045389318958535,0.03726158049242901,-0.014066424641260341,-0.004464889578961351,-0.0321519731134814,0.03548310652102077,0.10393875393479192,-0.015125495013558076,-0.001187963796271547,-0.029320175782484394,-0.039754423211740615,-0.010031300951873573,-0.005866232239731995,0.23351620747655483,-0.0020590253946465263,0.1906542722712162,-0.0388748783730225,-0.012413042506026518,-0.009794909461728485,-0.0016806105570620062,0.013079613676145796,-0.014424856074227126,-0.01320567932974136,0.031216229544452807,-0.015240344764553188,-0.02873989207211708,-0.010484919397835519,-0.014365515349770795,0.06616785185114678,-0.006900424919293621,-0.0044648895789613586,-0.008184366377936847,-0.008892729273614073,0.01625240953509781,0.006792689091230548,-0.005069725835203664,-0.0031495395355476533,-0.0016806105570620082,-0.0023783740605938797,-0.008456007989059728,0.06130971249812947,-0.0011879637962715444,0.004005535004633797,-0.1720027436651586,-0.006228588482466906,1.0,-0.0011879637962715459,-0.1482915749961033,0.18009570348118945,-0.03715557128369134,-0.015436654951348504,-0.0026600166618645418,-0.006683371217325998,-0.00700665198952906,-0.004623198679960977,-0.001187963796271546,0.01230442709259353,-0.006900424919293605,0.02739499756354585,-0.005347670046445102,-0.023703982142662738,-0.03028388327179672,-0.005210455144831115,-0.011491987154223554,-0.0035737025330180253,0.04128764317460016,-0.02893266244584219,0.04819913829263135,-0.00836631325923931,-0.004464889578961358,0.33196064973690154,-0.06174832227747175,-0.007111438219707844,-0.003573702533018025,0.2158184472215754,-0.07206126966585409,-0.006572392026547597,-0.09656206393135125,-0.0016806105570620086,0.002378374060594406,-0.008892729273614099,0.013824150874730518,-0.0039536024876265456,-0.0016806105570620082,0.002660016661864824,-0.0011879637962715472,-0.0023783740605938823,-0.0016806105570620058,-0.0035737025330180305,-0.0026600166618645626,-0.002660016661864541,-0.01370196046513415,-0.0020590253946465263,0.01771010754812209,0.28699046997832856,-0.004130828774528663,-0.005347670046445099,-0.018196607966479744,-0.013884978932219443,-0.009055356406193784,0.024778901099598537,-0.005866232239732013,-0.013330922748394348,-0.003149539535547661,-0.008544886477686173,0.04445380937694124,-0.05023506356850172,0.024095155057025513,-0.005481634843840594,-0.0031495395355476486,-0.0011879637962715457,-0.03726158049242889,-0.004623198679960991,-0.001187963796271546,-0.010925373723310417,-0.001680610557062007,-0.040648546456636486,-0.013268402256000034,-0.002660016661864546,-0.010214250135257405,0.0127807591769377,-0.006900424919293644,0.008415089585760774,-0.02114452559290141,-0.017070052887307244,-0.0026600166618645426,-0.03450935769897151,-0.0041308287745286665,-0.13352583065733503,0.13687758093953933,-0.001680610557062008,-0.00872029537956325,-0.012696220370376163,0.036371096907858516,-0.018287364257518743,0.05914941694478798,-0.01982410298124073,-0.013701960465134137,-0.009636136051964884,-0.011561312158270089,-0.010852943893212673,-0.009311888983126852,0.06117479988818241,-0.002378374060593878,-0.004130828774528675,-0.015010119606439548,-0.02302768795547598,-0.009393824859174848,-0.00477647210954466,-0.009229344168850184,-0.0053476700464451,0.07289272548045178,-0.011422343309579683,-0.009636136051964842,-0.0037683119742788333,0.10004641195966911,-0.0026600166618645574,-0.00598928397680536,-0.009146173673659757,0.009543414548283287,-0.020725148675581045,-0.018339433617763367,0.05952083235036583,-0.005612582642924775,-0.004925180446616462,0.04862843722745146,-0.021859389229615094,0.005890978707082868,-0.02447357973558451,-0.017391516491525958,0.05795902031510618,-0.008275775473908254,-0.005069725835203658,-0.003953602487626554,-0.0011879637962715457,-0.024473579735584474,0.051233921247731094,-0.024905357100250956,-0.01674550741919103
Electrical_Mix,-0.00968444103350567,-0.004066484100941068,-0.020817195521266357,-0.044454648862046454,-0.044227943445442175,-0.014942331805524237,0.0233378451937164,-0.005756492320101754,-0.005800725717043255,-0.021852356191869104,-0.06346424271984148,-0.0165338298998547,-0.019692086396920116,-0.01844348665891403,-0.0022956812402709073,-0.03755543121243701,-0.0056512162786067285,-0.0027558066815460205,-0.05052784500860815,0.06248919142412,0.0016817668047427038,-0.004450133961766881,-0.0044501339617668756,-0.0021741442384047537,0.019910326354183012,-0.004930009996542099,-0.004162637667208244,0.00882600445681576,-0.0006854009595613454,-0.0068676939189830045,-0.0047747452142341,-0.0013722134196707805,-0.04203878372298807,-0.005651216278606708,-0.0024814742026844456,-0.0009696356842476739,-0.002755806681546014,-0.0053249108847470685,-0.003660832520073309,-0.008858951738437825,-0.0049808325965954425,-0.007099093560413929,-0.006261653917248716,0.16235809316977098,-0.0028416046134726327,-0.004878731159947841,-0.011174552347320135,-0.0020618634616685503,-0.00600614141639662,-0.004450133961766881,-0.006177412841863212,-0.0075827681620618285,-0.0034555438454198896,-0.006049320559056108,-0.005372535479949056,-0.006549802630573904,-0.003455543845419877,-0.004279710124597744,-0.002281048418519264,-0.0063450161289721925,0.010430426793999168,-0.0019432739968373676,-0.0030061951106818596,-0.002281048418519264,-0.003525205608274518,-0.0009696356842476733,-0.0015347083625049968,-0.0016817668047428929,0.0026673748993301973,-0.0006854009595613441,-0.0009696356842476744,-0.0006854009595613455,-0.0006854009595613454,-0.0009696356842476733,-0.003856000544660363,-0.005031212937271015,-0.00456059657455411,-0.007619075019517855,-0.00257603776424854,0.02632401160945856,-0.001943273996837365,-0.002281048418519263,-0.017334820079736805,-0.00422153861369047,-0.005651216278606718,0.013842829614158196,-0.0022810484185192678,-0.012921749636099754,-0.0018171407467263536,-0.0009696356842476756,0.0035252056082744863,-0.0006854009595613435,-0.0006854009595613433,-0.0006854009595613454,-0.0022810484185192678,-0.0015347083625049946,-0.0016817668047428933,-0.0006854009595613454,-0.0009696356842476734,-0.004930009996542107,-0.0006854009595613453,-0.0054667399386000085,-0.011086348305829701,-0.0006854009595613455,0.06215439682597116,-0.007399389449496115,-0.0009696356842476754,-0.0034555438454198766,-0.01932680497807161,-0.010611021536400797,-0.0035252056082745236,-0.0011879637962715493,-0.0018171407467263586,-0.003455543845419884,-0.0006854009595613453,-0.0054198087455502855,-0.010640988927468535,-0.002174144238404753,0.06317197990345542,-0.0006854009595613442,-0.00859327719453512,-0.0015347083625049979,-0.0035252056082745115,-0.019008973976824443,-0.010339601285233221,-0.004279710124597732,-0.017334820079736767,0.021498233451590184,-0.008115685828958833,-0.0025760377642485366,-0.018550222904885026,0.020472135038167288,0.1872254345980352,-0.00872672115822903,-0.0006854009595613435,-0.07025971203838707,-0.02293649006952266,-0.023354965043271503,-0.0033845486021890085,-0.001681766804742894,-0.00118796379627155,0.16704972462241907,-0.022429032789825464,-0.024646992422542105,-0.005651216278606715,0.7068644138165525,-0.09082560278046446,-0.008322484427420758,-0.007619075019517852,0.01801034151950237,-0.008792984229363454,-0.016581607676717295,-0.006049320559056106,-0.008288247534334285,0.03817583439261825,-0.003981230636748929,-0.002576037764248535,-0.0047220063325543096,-0.005130699434093797,0.00937689946907587,0.003919071974872675,-0.00292500071388307,-0.0018171407467263592,-0.0009696356842476756,-0.001372213419670781,-0.004878731159947839,0.05887971315473363,-0.0006854009595613433,-0.016859876533275718,0.006906656085580691,-0.0035936116369826685,-0.0011879637962715459,1.0,-0.08555747920617542,-0.004337181719265879,-0.021437070970360437,0.02600145719835829,0.446600133488953,-0.0038560005446603577,-0.004042518814132185,-0.0026673748993304206,-0.0006854009595613446,-0.09654767242162943,-0.003981230636748929,0.015805664849522904,-0.0030853618542539436,-0.013676117199022982,-0.0357852224591322,-0.0030061951106818557,-0.006630352749378726,-0.0020618634616685464,0.04359299749403619,-0.016692827395315503,0.02780870573622118,-0.004826981389391317,-0.0025760377642485323,0.5769544170558811,-0.11845066829383342,-0.004102975692480476,-0.0020618634616685516,0.3771865007133414,-0.13489053214483634,-0.0037919706103394994,-0.08748510758086193,-0.000969635684247675,0.0013722134196707586,-0.005130699434093789,0.007975904909222746,-0.002281048418519267,-0.0009696356842476745,0.001534708362505079,-0.0006854009595613455,-0.0013722134196707818,-0.0009696356842476731,-0.002061863461668546,-0.0015347083625049935,-0.001534708362504994,-0.00790540661268422,-0.001187963796271551,0.010217924776423705,-0.0013722134196707762,-0.0023832999075658508,-0.003085361854253945,-0.05598222010393324,-0.008010999925671855,-0.02284071886915649,-0.01067091983021945,-0.0033845486021890103,-0.007691334763116884,-0.0018171407467263586,-0.004930009996542101,0.04593266438651401,-0.028983341816930155,-0.01082004156313089,-0.0031626534358412542,-0.0018171407467263568,-0.0006854009595613442,-0.021498233451590198,-0.0026673748993304145,-0.0006854009595613446,-0.006303442627650206,-0.0009696356842476735,-0.023452358425057687,-0.007655263288873444,-0.0015347083625049944,0.0292252466527643,-0.027580359124843922,-0.003981230636748937,0.04501648138054124,-0.029799391922127126,-0.009848642412709437,-0.0015347083625049972,-0.019910326354182988,-0.002383299907565853,0.005786383221250506,-0.005651216278606709,-0.000969635684247673,-0.005031212937271011,-0.007325140422603417,-0.00855971909449199,-0.010550975584685327,-0.011986129886989723,-0.011437603779197541,-0.007905406612684225,-0.0055596112585325555,-0.006670350116675793,0.1094600513888667,-0.0053725354799490505,0.11754695236741403,-0.0013722134196707805,-0.0023832999075658456,-0.00866015480747239,-0.013285926280496407,-0.005419808745550279,-0.002755806681546017,-0.005324910884747052,-0.003085361854253942,-0.005031212937271015,-0.006590171425590702,-0.005559611258532546,-0.0021741442384047554,-0.0037919706103394985,0.4466001334889532,-0.003455543845419878,-0.0052769253001782295,-0.02967518967615715,-0.011957466072516338,-0.010581017232071721,-0.005962712492266395,-0.0032382043469266295,-0.0028416046134726405,-0.006984097494435166,-0.012611871170170178,0.04247194611746371,-0.014120139929614804,-0.01003411225908616,-0.006092255364600984,-0.0047747452142341135,-0.002925000713883076,-0.002281048418519268,-0.0006854009595613442,0.04854066340545399,-0.01342549257782775,-0.014369255787343866,-0.009661394471344311
Electrical_SBrkr,0.05568644606994126,0.04632072237907054,0.259248224200762,0.3451076858431986,0.3545581377369667,0.11059876024058289,-0.0009252188623507881,0.17165209379728533,0.12440330989122719,0.1306508086892739,0.266947531487827,0.2359466033482266,0.15675991116259605,0.09803671436977013,0.02360397524484366,0.24235702166420806,0.06605169216110815,-0.08535650855839864,0.1411010241377263,-0.15341439605709956,0.018608222097334984,-0.007256501282567307,0.05201338331910171,-0.004269132698168969,-0.10569948952057238,-0.00968052924307394,0.017082648414224865,0.06665856731846743,-0.08555747920617544,0.06032200770087202,0.05580745550868745,0.016038497538760223,-0.04326881173354663,-0.017031174778771883,0.0029449800908788256,0.011333149284483417,0.032210003229584436,-0.13829672555718955,-0.010758123068857841,0.10354386104678975,-0.008447058633950663,-0.13023685779210575,0.07318651712680141,-0.18429735596028174,0.03321281365273698,0.04343046325581003,-0.07279259003449247,0.02409916094769331,0.0702000745244385,0.05201338331910171,0.07220190331901838,-0.14955347108313363,-0.05395912339067303,0.07070475445493797,0.05036328342940373,0.0765544133761849,0.04038856541218035,0.034646443636960476,0.02666100543965791,-0.05416489385990345,0.08455770426433519,0.022713081484723063,0.01353682030296905,-0.0016481348817242805,0.004183666435617897,0.011333149284483436,0.017937746375237006,-0.018608222097334693,-0.0069003783561195405,0.008010999925671822,0.0113331492844834,0.008010999925671811,0.008010999925671843,0.01133314928448335,-0.07379705412872593,-0.07328015517487001,0.05330447573804769,0.08905212133655173,-0.12060747194203264,-0.013916695248608868,-0.01044801748297257,-0.05826641552448869,0.11752303635611168,0.0493415497144025,0.04231373017828518,-0.0314664681037416,-0.0016481348817243679,0.02767123837477373,0.02123882989057488,0.01133314928448336,-0.004183666435617819,0.008010999925671893,0.008010999925671834,-0.08555747920617542,-0.0016481348817243132,0.017937746375237,0.019656572638029564,0.008010999925671832,-0.12103803435828286,-0.11736489263269673,0.008010999925671837,0.051661102096499656,0.0954906530453791,0.008010999925671836,-0.06271021519383407,0.07713129517530082,0.011333149284483365,-0.11056773667238488,0.1592915955098943,-0.17131912491987625,-0.032835442631061494,0.01388497893221943,-0.04963817957282915,-0.053959123390673054,0.008010999925671837,0.05101544229190104,0.08928376071226221,-0.004269132698168939,-0.06006411295888362,0.008010999925671843,0.08391577973792484,-0.06586740468987044,-0.10687366076442031,0.16039122424030866,-0.2159100680681016,-0.04222864406814924,0.1175230363561117,-0.1614296993336883,0.07754521552915238,-0.1206074719420324,0.21162654780413648,-0.20396618019716625,-0.1713964607106678,0.07751874110586661,0.008010999925671903,-0.0017935702483240148,-0.07763407770092282,0.2187673332742245,-0.11445670653061223,-0.01860822209733461,0.013884978932219325,-0.14408656790884147,0.21756040281061256,-0.2171230736650528,0.054182711169696654,-0.12103803435828292,0.08656396403743512,0.08879483096840078,0.04343243812554635,-0.14235395389849334,-0.04322014130255077,0.172144808024907,-0.08553364349737914,-0.07327419779026373,-0.12080229799544083,-0.019346371742413947,0.03010885533502956,0.04117731571826781,0.008084556727191468,-0.03248316171524853,0.17154461167012158,-0.05454813749004468,-0.15595369376793508,0.011333149284483368,-0.17129115371395945,-0.13327054265957572,-0.02879215526639623,-0.0855574792061754,-0.10946907102153106,0.34604826337230776,-0.44858465489016763,-0.1482915749961033,-0.08555747920617542,1.0,-0.2377640686702864,0.2056111036763687,-0.1521292075582246,-0.0658674046898703,-0.005873524402680323,-0.01767674364610068,-0.06592771128196412,0.008010999925671869,0.06239686357012174,0.03006302081255587,-0.12941090558708798,0.015001733843474415,0.11212790762777715,0.15627333392231543,-0.05126238508173534,0.0569242516174736,0.024099160947693283,-0.18228650418353712,0.14110551907735233,-0.2563617786071519,-0.13577930670998445,0.03010885533502944,-0.09423272368666248,0.11823582773287328,-0.1280830388752237,0.024099160947693366,-0.15595369376793505,0.15001859502194634,-0.059212505819688774,0.22929095441005684,0.011333149284483427,-0.016038497538760597,-0.004886270549401422,0.012149031509512812,-0.02995727520310653,0.011333149284483443,-0.01793774637523725,0.008010999925671858,0.016038497538760268,0.01133314928448344,-0.007176194593313142,0.017937746375237096,-0.023964829157316694,0.09239877899667732,0.013884978932219379,-0.05437978171450605,-0.0776263280875995,0.0007428300224764737,0.01500173384347443,-0.009132119629863685,0.09363295880149823,0.01494318329725745,-0.15542308997186438,0.001054900521019504,-0.0006199772189836786,0.02123882989057482,-0.009680529243073973,-0.13855163500763712,0.14190788011831892,-0.019165708180735493,-0.024713908652934075,0.021238829890574903,-0.08555747920617539,0.12149960852010333,0.031176408235481224,0.008010999925671879,0.019892235316614115,0.011333149284483415,0.15589821455554448,0.01677463456395323,-0.023964829157316667,-0.20366966484999413,0.19489383755739503,0.04653281833087916,-0.21071271369381722,0.17550098359901256,0.10025504590335763,0.017937746375237013,0.1311021651913603,0.027856125842868763,0.14146924744888856,-0.13572098469288627,-0.05485244253689965,0.04559654099769701,0.010144759324764328,-0.049129175841131564,0.017409927315869298,0.023677626990878105,0.00022851841397186204,0.003938308612973117,0.0288391903093528,0.00634218942473578,-0.05665933401867303,0.0006385877019789278,-0.20872134529310823,-0.07762632808759962,-0.1077103532590925,-0.12866226426790173,0.1552865559360405,-0.05996848348882382,-0.014816601485608767,0.04970440974401788,0.03606186020065959,-0.07328015517487,0.07702624582603422,0.06498100820776954,0.0254115041557678,-0.0764680464378017,-0.02396482915731673,-0.18604588771466754,-0.17845200688677662,0.1642719076294518,-0.03513951837306336,-0.038392443268052925,0.013164134192336113,0.03784829072772509,0.010393656978385915,-0.11495590318393976,-0.009112504859876613,-0.030591875911791185,0.053714740842348736,0.058677227021904935,0.026849627222846114,0.00033246994771132717,0.012003629141263248,-0.0016481348817243338,-0.08555747920617539,-0.016593982322234822,0.012223071799549267,0.005445906104698324,0.030018120147466798
KitchenQual_Fa,0.006192966688307838,-0.03369449560984918,-0.19318104639183747,-0.217854425274106,-0.2057754952671576,-0.08058829100034713,0.0006310887412271256,-0.1254996652306984,-0.10019570059618943,-0.08225700254988148,-0.08156480597584999,-0.20030231508185178,-0.08440193239356415,-0.06091211232366906,0.02319354179500682,-0.15719868628269515,-0.03576060347344334,0.06416511150382159,-0.07015294276163687,0.061700473995140157,-0.05575750079533527,-0.0024479488089805693,-0.028160216874531668,-0.013757871964304386,0.04664674973423141,0.01551843184858266,0.02844222801777041,-0.12656947396605361,-0.004337181719265881,-0.043458410881113865,-0.006148362703590679,-0.008683295340783301,0.036906052693439495,0.026026948090139255,0.07473465563757078,-0.006135804313373563,-0.017438601732745886,0.18379234537578576,-0.023165558293816373,-0.056058987072912576,0.03788869516608261,0.07279780449051618,-0.039623421186398305,0.13545667173436868,-0.01798152659550229,-0.030872357712602227,-0.03541643140226556,-0.013047365033300241,-0.03800655133484631,-0.028160216874531716,-0.03909034803107755,0.015602486961144793,0.14185192458827423,-0.018914406045810864,-0.03399712583515417,-0.041446811297587975,-0.02186650220925963,-0.02708178367308101,-0.014434356070779126,0.0711887861304338,-0.0698956961027229,-0.012296937051272726,-0.019023046724271287,-0.014434356070779112,0.04193071848969211,-0.006135804313373563,-0.009711554910166984,0.05575750079533541,-0.06737177496517935,-0.004337181719265881,-0.006135804313373562,-0.004337181719265882,-0.004337181719265881,0.10871386616772158,0.12293124944455645,0.014003368345713857,-0.02885921855837772,-0.048213111509965094,0.027287810404714855,0.013651561345325648,0.04524642222711883,0.034689559694576266,-0.035869349175355524,-0.026713677369508623,-0.03576060347344332,0.01563799436621454,-0.014434356070779112,-0.017550024964381385,-0.011498772387302637,-0.006135804313373566,-0.009811700129277396,-0.004337181719265878,-0.004337181719265879,-0.004337181719265882,0.034689559694576336,-0.009711554910166975,-0.010642133104493032,-0.004337181719265881,0.10871386616772133,-0.031196847530655908,-0.004337181719265881,-0.013363259258159852,-0.05832378364724872,-0.004337181719265882,0.03708628378301988,0.0018675821557159976,-0.006135804313373564,0.04362086850975392,-0.060068699341478536,0.07928141621454463,-0.022307318231137338,-0.007517373281234092,0.04999649385981034,-0.021866502209259665,-0.004337181719265881,-0.012897742040517319,-0.06733562596799442,-0.013757871964304353,0.039436900924357074,-0.004337181719265881,0.03163692873955679,-0.009711554910166996,0.00981170012927736,-0.06667968472530797,0.07133856754624633,0.0262777361146359,-0.08200965736568042,0.11005619345018329,-0.051355638952114986,0.3324097166806289,-0.11738484831253554,0.0595149327481579,0.2555848409559525,-0.026903141989407138,0.15802910828402078,-0.09406329903283354,-0.016588539927451934,-0.07937955916483097,0.07880448940915087,0.05575750079533528,-0.007517373281234094,0.0851181631207126,-0.10753967327392093,0.10788241931686511,-0.015164752952249137,0.10871386616772143,-0.09589927481974245,-0.037951313544180014,-0.0007157142059508935,0.059386246753182236,0.014729779191392834,-0.1049275532638943,0.019816355282216935,0.0213652939654471,0.09585762934782222,-0.025193020956579697,-0.016301033348987238,-0.029880611134422107,-0.009958951910439688,0.032573685490535,-0.20729992407511091,0.13547085591238076,0.2344822926011492,-0.006135804313373565,-0.008683295340783293,0.157818975664265,-0.005007963346394516,-0.0043371817192658785,0.06128256714522219,-0.3007443973483864,0.1979670500414818,0.18009570348118945,-0.004337181719265879,-0.2377640686702864,1.0,-0.13565267312546123,-0.16680533272341838,-0.00971155491016698,0.034532156919986304,-0.025580849363945612,0.06737177496517956,-0.004337181719265883,-0.05598059016201112,-0.025193020956579704,0.06161494370987544,0.017020931595309697,-0.05548966636743506,-0.04816631970085117,0.05593956654816085,-0.04195652827112212,-0.013047365033300241,0.06412010574465044,-0.09626071973622864,0.15043843687944566,0.08856712139082845,-0.016301033348987214,0.0862891650999776,-0.0843326236808186,0.05734776800199957,-0.013047365033300251,0.11149176010692327,-0.08140224991889017,0.06583351502447961,-0.22881336418001005,-0.006135804313373563,0.00868329534078334,-0.009958951910439709,0.019996412661658677,0.03468955969457635,0.1087138661677213,-0.06300059980185246,-0.004337181719265882,-0.008683295340783301,-0.0061358043133735605,0.04122372598840444,-0.009711554910166975,0.06300059980185252,-0.050025002979046655,-0.007517373281234094,0.03957508969385482,0.07258344310500929,0.031967408128210105,0.017020931595309652,0.022124674517962652,-0.050693191986339245,-0.0073356930549908946,0.07831304925997394,-0.021417247992730908,-0.017256248748993886,-0.011498772387302618,0.08559135091744058,0.0536845653824349,-0.08946817702606874,-0.020333717173319384,0.051340094720609596,0.04999649385981023,0.15802910828402073,-0.07541150987164347,-0.01687901000198288,-0.004337181719265883,-0.0025569139729597315,-0.006135804313373565,-0.08857484434034012,-0.001134096197354958,-0.009711554910166979,0.09946375448396419,-0.09796171544421806,-0.025193020956579684,0.0698212736245086,-0.12859964970677684,-0.062321698322873396,-0.00971155491016699,-0.07309500395247528,0.03196740812821005,-0.06417453092148721,0.06721864913252762,-0.0061358043133735605,-0.03183725449003087,0.06824020781500816,-0.03978437653633581,0.018999281463782127,-0.042178557424995176,0.00867630510522606,-0.00397424361624202,0.006629536572122913,0.011054034355752144,-0.002070552032135749,-0.012425720481253623,0.24336405693889768,-0.008683295340783314,-0.015081398189518444,0.030679198133092462,-0.07354644769136189,0.05129783766114844,0.023363254885537824,-0.03369575986707944,-0.01952400977109047,0.014003368345713852,-0.041702262938460584,-0.03518093165811224,-0.013757871964304386,0.12571945392525213,0.1357127545138722,0.0763645538692611,0.12012447156428317,-0.10215787935479377,-0.041944403143538665,0.0675423607073396,0.0015049695013660822,-0.020491189136539967,0.021615801955679255,0.09225693038895917,0.028834793281787827,-0.026040995764424053,-0.03851634468294627,-0.03807282738043806,0.019176888027820305,-0.030214340042042126,-0.018509252793011167,-0.014434356070779107,0.15802910828402073,0.002151790003079077,-0.01172298604521275,0.009781199337536278,0.004254942337701476
KitchenQual_Gd,0.041419676113474024,0.00494107022101162,0.40913358881213896,0.4353148693265509,0.5336284517534783,0.09119579627072612,0.16145980105846944,0.173052497560552,0.1330580059638983,0.22625286969607383,0.3631522496481631,0.2916259931921111,0.16014170314167345,0.1606546506065095,-0.041091192493967636,0.3216411088189485,0.20941945598032916,-0.05934927382239553,0.05823376481190869,-0.1548607366239767,0.052600093195000884,0.08072130153802931,0.038431542586714995,-0.00023208200631346634,-0.1428755050508833,0.02252395682489291,0.031992945302046695,0.031406905753175715,0.031972696293677515,0.06416976929231506,0.0010735954346629427,0.010546473747666978,-0.0225483453933559,0.019721530864533685,-0.03298878939862211,-0.030326991359793967,-0.07277088779090497,-0.11646625500501125,0.007759785890068772,0.25217625178347997,0.01925536618634316,-0.1390567534567205,0.07591939772781714,-0.08758131224619504,-0.0758505876937666,-0.07500393380880759,-0.1908283571205233,-0.0466359903158015,-0.03398009122456083,0.1568428676503953,0.0443521757683463,-0.11689501584298581,-0.03268159524392684,-0.11913085972429983,0.12289395918876571,0.22244913325549848,0.06425659019742715,0.06799755165520757,0.00945198037077079,-0.08247263337525625,0.10677603843345232,0.014935496110427335,-0.00771849950290757,-0.0067071429797272665,-0.01516790166167907,0.045231724314778045,-0.00016382454741712993,-0.03075818873973889,0.055712676613972625,0.03197269629367751,-0.030326991359793967,-0.021437070970360437,-0.021437070970360433,-0.03032699135979397,-0.10121722579222558,-0.1498201216059051,0.022654443955669297,0.12105456494048443,-0.023216394967487407,-0.034638711045606306,-0.022921837780586492,-0.039025389680723145,0.18938830236034676,-0.06090865561719103,-0.054802654002386354,0.0812812144040676,0.009451980370770748,-0.08024343775680451,-0.016376878426633126,0.007452366477492022,0.004602473977494258,-0.021437070970360426,-0.021437070970360437,-0.021437070970360433,-0.006707142979727262,0.02375455937548374,0.012925620170785204,-0.021437070970360433,-0.030326991359793977,-0.05431010150301287,-0.021437070970360433,-0.03131105506049097,-0.07434269876042456,0.03197269629367752,-0.13397927176494323,-0.08194045061580822,0.007452366477492018,-0.04345250473741058,0.36640457800332127,-0.13118286971337878,-0.015167901661679051,-0.037155571283691374,-0.036605509985757095,-0.00036886676347546474,-0.021437070970360433,-0.028734397305581125,-0.06042150320788841,0.01670990445456977,-0.12600269915024398,0.03197269629367751,-0.1131510349239318,-0.04800059239321888,-0.03629875703004872,0.3635862754930853,-0.1475224227162934,0.006564120085527435,0.11957098769067477,-0.17377698091311683,0.12660454713591088,-0.08056992568243113,0.6283627980698449,-0.5576052859079723,-0.11449871122684217,0.001863091619373005,-0.021437070970360426,0.04460200121779389,-0.36498731607299073,0.4790716801896471,-0.09486828057843714,0.01292562017078515,-0.03715557128369138,-0.11005755508495378,0.44953958198563093,-0.4209102945099711,0.04004630855551171,-0.030326991359794008,0.04175885147181941,0.059124676584342284,0.048142161964780286,-0.13991899706739977,-0.13149546958178415,0.31600476748372003,-0.08090985433370254,-0.1766753288545061,0.004674295141566298,-0.058711896222218354,-0.008878012288751477,-0.03570038755521318,-0.04200935616944534,0.07318994525388423,0.10348851711468308,-0.06615874790078204,-0.0568341415448809,-0.030326991359793973,-0.042918289000922656,-0.11379723951975394,-0.05167884842689246,-0.021437070970360437,-0.36770010489203336,0.18769099417872012,-0.09165317960042374,-0.03715557128369134,-0.021437070970360437,0.2056111036763687,-0.13565267312546123,1.0,-0.8244565220642303,-0.04800059239321889,-0.07213868394715482,-0.0708461219252295,-0.05571267661397266,-0.021437070970360433,0.1169289212990297,-0.011706320172405438,-0.06147454979716273,-0.07245725949167633,0.08978936240140441,0.17973814104817007,-0.057035826742492024,0.0861866071585576,-0.0644882571907543,-0.20682667815348346,0.2670061249986226,-0.364915740624291,-0.11179054608272639,0.048475518426192084,-0.03715557128369132,0.08814591396056508,-0.10092259030814676,-0.010931456565895803,-0.05683414154488088,0.11409757214807852,-0.05950252763493221,0.1534616148050743,0.04523172431477803,-0.03727885512196193,-0.10864418717699151,0.0740305075981777,-0.055184513031221155,-0.03032699135979397,0.02408220847031782,0.03197269629367749,0.03727885512196181,0.04523172431477804,-0.010931456565895717,-0.00016382454741713047,-0.000163824547417142,0.1516482114878299,-0.03715557128369136,-0.09297170847559778,-0.04291828900092264,-0.05906520008292288,-0.024371987283563844,-0.03947684737498163,0.14896628789063124,0.09515794110903213,-0.1218708171566113,0.03700194123481414,-0.05972227781466453,0.02408038469161459,0.0225239568248929,-0.07045045484468355,0.06263925321467616,0.005970212121147403,-0.016767554840368674,-0.05683414154488088,-0.021437070970360426,0.08545615537154952,-0.02799870460157049,-0.021437070970360433,-0.025232610822206222,0.0074523664774920175,0.18587184127571943,-0.03194074966758918,-0.04800059239321885,-0.3989350459871334,0.3882766146125266,0.03529925587740749,-0.2993629252735557,0.24593892989977423,0.14565536693219888,-0.024082208470318063,0.1544755738607982,-0.043588676012379445,0.16108611275522056,-0.15642654245727697,-0.030326991359793963,0.02358949108974825,-0.013705942837105535,-0.05484257755998927,0.024667704221339643,-0.00940136611157198,0.0003026218633896033,0.020363635040146457,0.011784585271703299,0.03666583653038858,-0.016727142461595235,0.02355232643473695,-0.1296897442179047,0.010546473747666978,-0.012635627871292875,-0.1302690164876564,0.23888306319288136,-0.028734397305581114,-0.019084431916866904,-0.04492437840314459,-0.012350669231535747,-0.1498201216059051,0.15394823363427987,0.032414674596267845,-0.051058041388963304,-0.09890102665851543,-0.04800059239321887,-0.09730705220482957,-0.1361883445186848,0.24075048646266256,-0.1743219706628054,-0.06146052313364126,0.0006541784143509744,0.0822372172502086,0.015327135927768867,-0.061340736637449454,-0.11570591361695273,-0.0699170840819783,0.14029556883038438,0.06248494731765784,0.10695697382531681,-0.022675636907880835,-0.028170374040605697,-0.05518451303122117,-0.021437070970360426,0.013208115630016577,0.003384809308994849,-0.032011509081631064,0.01617697193123828
KitchenQual_TA,-0.13695677675209236,-0.031153532709829516,-0.553890811423087,-0.4597919974599135,-0.5769641228227584,-0.19325143976571507,-0.21894505951530838,-0.31119000610209857,-0.2735663086888609,-0.35017920024756155,-0.42741406276720145,-0.37093479742428664,-0.18437585445907528,-0.2213128974999885,0.04481736117957825,-0.519297853654885,-0.19077444219677786,0.051911816100673226,-0.07526283927068779,0.1700975363672655,-0.04238647897975344,-0.06335396140668154,-0.04677004681165581,-0.0005688179992016315,0.15731505958322378,-0.046485505677865274,-0.02758963308340521,0.013622340341665973,-0.0263600979873012,-0.04086728212056709,0.002631313029378541,-0.026566745746192943,0.0073184215214602754,-0.011441462313697283,0.006642063614744879,0.03678422154252947,0.09138642626056001,0.07575843890227903,-0.0009577779581948034,-0.21437678044789102,-0.0199557374189209,0.12288061431890535,-0.03494192697753465,0.06426848305287464,0.08225996129389797,0.10901625203185464,0.241799628646207,0.06071721122077164,0.06442647760207351,-0.15456549167932154,-0.2375794862086903,0.12361428358600425,0.004375692020644092,0.15454601591230185,-0.08140615393975933,-0.22862808835946014,-0.13289808409807324,-0.07855537028375302,-0.024359767405095243,0.08511274946265888,-0.10086001289078073,-0.01906559154268518,-0.00683018528072478,0.02316619305562509,0.009435778087027835,-0.0372915901155299,-0.012126006033026307,0.020973240464030162,-0.01967968514181056,-0.026360097987301198,-0.0372915901155299,0.026001457198358318,0.026001457198358335,-0.00025368428650021803,0.07976340431315797,0.16868999318614436,0.0028580867285043065,-0.12453296985020976,0.02743999468175551,0.015106604777040638,-0.0005084157744716532,0.039008179875865155,-0.1964847317280459,0.0729848774102547,0.08154600873678886,0.011909530911117322,0.007324206235384965,-0.020638803008926114,0.029272025480014525,-0.00025368428650019315,0.021638438470251858,0.02600145719835823,0.026001457198358228,0.026001457198358304,-0.008517780584855094,-0.012126006033026287,-0.04326647508313911,0.026001457198358335,-0.0002536842865001976,0.058971068801110006,0.026001457198358335,-0.0801646051051031,0.14588752129314392,-0.0263600979873012,0.1464571416084949,0.10274561349994764,-0.03729159011552989,0.014935213260545366,-0.3877947477239515,0.1349529990024952,0.030151922458547576,0.04506674432105082,0.029272025480014514,-0.0061838292192572955,0.026001457198358335,-0.08422778576839042,0.1287761408097668,-0.03378778915257513,0.13659799071992432,-0.026360097987301198,0.13644635670702238,0.03477192458477071,0.030151922458547618,-0.3824300976508709,0.15166601062021107,-0.00972365798711117,-0.1012539970806645,0.22069661345083902,-0.2443115560350646,-0.014730944513363554,-0.6175980103657069,0.6715999301550608,0.04898350129053316,0.029681061520523792,-0.0263600979873012,-0.04350296864177616,0.4527888183529799,-0.5535084174703443,0.085302610194265,-0.021853236567415977,0.04506674432105075,0.08400553642976266,-0.3579904467394566,0.473888260701838,-0.057935197838940404,-0.00025368428650021185,-0.003173042427380362,-0.10656254464552811,-0.03773408437752773,0.19393620528021385,0.17017444583877153,-0.38315411716641484,0.09209453978942335,0.20016507583527693,-0.014976797739964128,0.06808297427830164,-0.0006739647816571764,0.06150199353300721,0.07124329171181805,-0.10543122542040859,-0.04575583087556487,0.024063283070669357,-0.010391229462742981,0.03678422154252948,0.05205646125943212,0.08619707956353799,0.09474023731489987,0.02600145719835826,0.4108847738767178,-0.11760572124589155,0.044815773973072945,-0.015436654951348504,0.02600145719835829,-0.1521292075582246,-0.16680533272341838,-0.8244565220642303,1.0,0.058220889893669255,0.0797634043131578,0.08977479807910069,0.03326471601984552,0.02600145719835832,-0.11745722565791385,0.040433143277934194,0.028904069355341056,0.08169050781717391,-0.028613059857704234,-0.18328118352730652,0.04151924749434523,-0.15139103558962166,0.07821911218470563,0.2488410086166912,-0.20683703918835017,0.4107583055529991,0.0755620618668523,-0.028787924245069967,0.014815044684851144,-0.05699322372903928,0.09296121975852872,0.025713409292903236,0.00944039800863579,-0.09754618549263393,0.05694581757581375,-0.10767887605928453,-0.03729159011552989,0.05277448141473472,0.13657035752432933,-0.10110512811911827,0.03900817987586518,-0.00025368428650017927,-0.01132295927587219,-0.026360097987301198,-0.026566745746192943,-0.037291590115529905,0.008211508328969146,-0.01212600603302637,-0.012126006033026288,-0.27433521308016573,0.04506674432105082,0.17861244521773803,0.025848725590890374,0.06006759745143845,0.034548949946393764,0.12815112768860132,-0.2738258667070835,-0.08755325610051887,0.1265444415103517,-0.03320603338012057,0.028379974563543815,-0.050054484405500414,-0.09168118045456904,0.053412610183033234,-0.007582866955772401,-0.020294265610614582,0.016430596942756854,0.04910365295139314,-0.026360097987301198,-0.12014344074820298,0.019679685141810607,0.026001457198358356,0.03446744314766054,-0.00025368428650016745,-0.22113438745398284,-0.01471648113714773,-0.0121260060330263,0.4321305382424842,-0.40228122692024126,-0.09781601172390182,0.3317265259809132,-0.12659637824480238,-0.3288903643488029,0.034771924584770735,-0.1800598747832243,0.044894813320106225,-0.16750664661612963,0.16124955535149132,0.036784221542529416,-0.001316308470240073,-0.01775442266205768,0.0742835665711965,-0.01066285848979367,0.0384862007065208,0.0007417066302651739,-0.03672043452797174,-0.018308891079398544,-0.05613903574200657,0.001389382259640864,-0.011840461957290167,0.07271652133598569,-0.00035901007765125434,0.02972202918877402,0.1539446444264196,-0.25637360185963365,0.019284476202863807,0.012437205940786261,0.06874465825565079,0.022763560478698656,0.16868999318614436,-0.1724374552972607,0.008658050636537738,0.04925963873085864,0.07625845257248924,-0.012126006033026323,0.0888518619398549,0.12238843076362176,-0.26870947737125017,0.22887075033997642,0.062293393858587266,0.004766713294884203,-0.07956038302318043,-0.019898076761681812,0.05592857241687055,0.15261062703202205,0.10618242185781104,-0.10369671051599,-0.09485849835714287,-0.1163977416046641,-0.0594570428961599,-0.050422356398964426,-0.008517780584855054,-0.026360097987301198,-0.005333615321612936,0.00998286883934568,-0.0005116351631520658,-0.004636516137959538
Functional_Maj2,0.002971556182310929,-0.009690587081918002,-0.046612604789517384,-0.07274646146342785,-0.026886485082316936,-0.019441048904253393,0.03081040374358914,-0.015456026358116666,-0.012958296278197853,-0.03835124253477518,-0.05443866894210049,-0.05106438404776943,-0.04409332850637674,-0.0359871284070557,-0.0051403505465537225,-0.0702144778822131,-0.012653861597527929,-0.00617063559747947,-0.027031447223990136,0.04123305811932416,0.003765710483793203,-0.009964470738065627,-0.009964470738065652,-0.0048682122448548935,0.020249393581928832,-0.011038980123063605,-0.009320726428558516,0.019762655214329624,-0.0015347083625049985,-0.015377724734049794,-0.010691320615899922,-0.0030725772716427625,-0.015748102102522737,-0.012653861597527922,-0.0055563669076821405,-0.002171149562076112,-0.006170635597479461,0.048104018661774745,-0.00819711470185636,-0.019836428774056704,-0.011152779014381211,-0.015895860811670624,-0.01402071662704417,0.06514639284970468,-0.006362749135951435,-0.010924159654485451,0.007450811399564283,-0.0046167999224737116,-0.013448588493413828,-0.009964470738065632,-0.01383208910755067,0.026895741181293713,0.08263590962405586,-0.01354527261735751,-0.012029856413112688,-0.014665921793182617,-0.007737444721353516,-0.009582867992366146,-0.005107585617360065,-0.01420737624819619,0.02335518064563496,-0.004351261567380234,-0.0067312902197245224,-0.0051075856173600775,-0.0078934271262633,-0.0021711495620761125,-0.003436426116838495,-0.0037657104837934183,0.005972624500785787,-0.001534708362504997,-0.0021711495620761125,-0.001534708362504999,-0.0015347083625049985,-0.002171149562076112,-0.008634123135020818,-0.011265587625256415,-0.010211811937729576,-0.017060171836483107,-0.005768107913725591,0.03549436692616393,-0.0043512615673802265,-0.0051075856173600715,-0.038815080381442754,-0.00945261386446694,-0.012653861597527929,-0.025749050304710797,-0.005107585617360082,0.03014759723495601,-0.004068831624680423,-0.002171149562076115,0.007893427126263257,-0.0015347083625049962,-0.001534708362504995,-0.0015347083625049985,-0.005107585617360074,-0.0034364261168384944,-0.003765710483793418,-0.0015347083625049985,-0.0021711495620761125,-0.011038980123063613,-0.0015347083625049985,-0.012240793337638424,-0.024823880412261246,-0.0015347083625049988,0.07362667056232507,-0.01656826519887089,-0.002171149562076114,-0.0077374447213535225,-0.01873867374156378,0.009919038554184589,-0.00789342712626332,-0.0026600166618645517,-0.004068831624680433,-0.007737444721353534,-0.0015347083625049985,-0.01213570784945665,-0.02382665863607886,-0.0048682122448548935,0.04200387155222865,-0.0015347083625049972,-0.019241546408421933,-0.003436426116838492,0.08075583136869365,-0.01790379729093968,0.01116457826304811,-0.00958286799236614,-0.0133454096592376,0.024232505002364565,-0.01817215271647376,-0.00576810791372559,-0.016682707426064213,0.021678828795455716,0.07728708147464543,-0.01954034605868494,-0.0015347083625049962,-0.013989569271698619,-0.004050315530484922,-0.052295024770406116,-0.007578476467859642,-0.0037657104837934274,-0.0026600166618645513,0.14410677383971596,-0.050221733286562785,0.015285321165011637,-0.012653861597527922,0.31481668650103556,-0.0712100919751974,-0.018635203627019495,-0.017060171836483156,0.04032766712092329,-0.019688718318712658,-0.037128532737277856,-0.013545272617357437,-0.018558542447321736,0.0603446064012676,-0.008914530780917038,-0.0057681079137255785,-0.01057323090269768,0.050633846690431555,-0.01593686407010855,-0.07129970953451904,0.09969771060981583,-0.004068831624680435,-0.0021711495620761155,-0.0030725772716427573,-0.010924159654485458,0.06867787622566464,-0.0015347083625049966,-0.011995840447471645,-0.03206945676508285,-0.008046597767243088,-0.0026600166618645418,0.446600133488953,-0.0658674046898703,-0.00971155491016698,-0.04800059239321889,0.058220889893669255,1.0,-0.00863412313502083,-0.009051763559833712,-0.005972624500786,-0.0015347083625049972,-0.21618370703872114,-0.008914530780917035,0.008893145316005489,-0.006908555602413996,-0.0020545604441634994,-0.030922202515724452,-0.006731290219724528,-0.014846284746000282,-0.004616799922473709,0.044484326650966924,-0.011514417052893466,0.03877644632387178,-0.01080828469907011,-0.005768107913725591,0.25624827175961856,-0.042680298666408094,-0.009187134944244174,-0.004616799922473711,0.16565957329055997,-0.05130579516596361,-0.008490751179843282,-0.0678310381326067,-0.0021711495620761138,0.0030725772716424884,-0.011488351770097915,0.017859163737621277,-0.005107585617360078,-0.0021711495620761133,0.0034364261168385647,-0.001534708362504999,-0.003072577271642758,-0.002171149562076112,-0.004616799922473714,-0.0034364261168384883,-0.003436426116838491,-0.017701308217096107,-0.002660016661864552,0.022879358984061817,-0.003072577271642754,-0.00533654096550959,-0.006908555602413991,-0.003139031729111137,-0.017937746375237068,-0.05114355584876125,0.04319241810877368,-0.007578476467859632,-0.017221971482700292,-0.004068831624680443,-0.0110389801230636,0.07559728765829539,-0.041327917551585415,-0.02422758246532975,-0.007081622235832758,-0.00406883162468043,-0.0015347083625049966,-0.00032746628381574586,-0.005972624500785988,-0.0015347083625049972,-0.014114287379195624,-0.0021711495620761133,-0.05251310213868926,0.026382546333185482,-0.0034364261168384944,0.06543940420359756,-0.06175627156530204,-0.008914530780917043,0.04684205141776863,-0.04307973014018838,-0.022052484256485476,-0.0034364261168384935,-0.044581998215357584,-0.005336540965509599,0.012956519238016806,-0.012653861597527929,-0.002171149562076112,-0.011265587625256436,0.02878088769992969,-0.01916640514104034,-0.02362510620464541,0.004137178098101781,0.03830613951348147,-0.017701308217096135,-0.0124487451785996,-0.014935844431046957,0.03780269166532171,-0.012029856413112624,0.15269996231080468,-0.0030725772716427573,-0.005336540965509577,0.019929941788644115,-0.029749042340635683,-0.012135707849456643,-0.006170635597479465,-0.01192321830078175,-0.0069085556024139775,-0.011265587625256415,-0.014756313156708277,-0.012448745178599604,-0.004868212244854891,-0.008490751179843287,0.19725085910652945,0.08263590962405558,0.04871414723651821,-0.04281413458322388,0.004249910256123897,-0.023692373643980188,-0.013351345073912524,-0.007250791265172621,-0.0063627491359514446,0.031437957450397666,0.0317311975471025,0.01635946259558673,-0.03161696307456228,-0.0224677771157324,-0.01364140963641626,-0.010691320615899905,-0.006549484638601036,-0.00510758561736008,-0.0015347083625049966,-0.0035557070934917963,0.02768827042761673,0.02341713900901799,-0.02163320999451358
Functional_Min1,-0.02259465600975736,0.02928727644416272,-0.08962264999691259,-0.08282056394148567,-0.0561345696668735,-0.03522925044385189,-0.07548137324321054,-0.043739250507342634,0.057323049942410255,0.0031170410601791677,-0.1114300604699232,-0.02163807384713131,0.03634311209084337,-0.06057729504241674,0.022722063900531837,-0.06405145656743295,-0.031793204757471154,-0.015503906022864338,0.006524842590248219,0.018280078951171258,0.00946145993030214,-0.02503602999238121,-0.02503602999238122,-0.01223152849512256,0.023267220604151772,-0.02773576687726534,0.007218637548718324,-0.013125752852600087,-0.003856000544660359,7.955454800355077e-05,5.531007960335894e-05,-0.007719942057021883,0.017608151638617443,0.03731559764338415,0.036616099897628936,-0.005455078045081893,0.07576908911174016,0.0430200858796709,0.01404669720559722,-0.0498396190609342,-0.002144607519529716,-0.021128926509290637,-0.03522746879554786,-0.02374997432760125,-0.01598659701946215,-0.0010660891010215,0.108203289804399,-0.011599847534934286,0.009809994133134773,-0.02503602999238122,-0.034753536525629236,0.010680205581869011,-0.01944056068810375,0.009287095188558773,-0.030225373116123517,-0.03684856602341895,0.017182947188840076,0.005763821869391392,-0.01283296123459794,0.02656976403887191,-0.038047736162101935,0.05342903826341527,-0.016912567486866946,-0.012832961234597946,0.016092352508032065,-0.005455078045081894,-0.008634123135020834,-0.00946145993030222,0.01500639723529751,-0.00385600054466036,-0.005455078045081892,-0.0038560005446603585,-0.003856000544660359,-0.005455078045081894,-0.021693491952414268,-0.028305124986745776,-0.02565748213529151,0.010261206937738127,-0.014492543209109683,0.03406594309983522,0.05342903826341529,-0.01283296123459794,-0.056238042557169424,-0.023749974327601307,0.01427933017643243,-0.060096105477887664,-0.012832961234597916,0.03504455030886166,0.058558823150214406,-0.005455078045081891,-0.05201717614981618,-0.0038560005446603603,-0.003856000544660361,-0.0038560005446603585,0.09705632558365988,-0.008634123135020832,-0.009461459930302212,-0.003856000544660359,0.1230032114036207,0.024514839110873276,-0.0038560005446603572,-0.0307553584317262,0.030251893405578253,-0.003856000544660359,0.017647475418263572,0.04913825741277795,-0.005455078045081891,-0.01944056068810371,-0.09878733124346341,0.049488534949748884,0.016092352508032072,-0.006683371217325968,0.05855882315021442,-0.019440560688103712,-0.0038560005446603572,-0.03049132800772867,0.0490993452189043,-0.012231528495122579,0.01956142059433963,-0.0038560005446603603,0.0478617294268417,-0.00863412313502082,-0.019832471133752062,-0.1069426778377734,0.06698982877500023,0.005763821869391342,-0.03559504013517885,0.03376006202268083,-0.028858481388422504,-0.014492543209109678,-0.08421792092090911,0.08580061560825641,0.014046697205597248,-0.03325837904904765,-0.0038560005446603577,0.025839741916650966,0.10101691800505479,-0.12182839328658307,0.05569023992255017,-0.009461459930302164,-0.006683371217325965,0.039038907270948615,-0.06848612094984109,0.07077181241831372,-0.03179320475747111,-0.005455078045081891,0.04245499536051244,0.002547342354327653,-0.0074472589358997796,0.04027471580615345,0.04498311882925941,-0.07226503704808296,0.09592708864092779,0.035930145144620826,-0.03988762391379068,0.07349967579693471,0.034261173577296335,0.027832358872155804,0.0718344488599599,-0.11188343873816356,-0.010401831130016026,0.026600554726947407,-0.010223060839578897,-0.005455078045081891,-0.007719942057021885,0.02531509882256203,0.036895346244556496,-0.003856000544660356,0.05127215676366573,0.000329848808038506,0.050313824591633596,-0.006683371217325998,-0.0038560005446603577,-0.005873524402680323,0.034532156919986304,-0.07213868394715482,0.0797634043131578,-0.00863412313502083,1.0,-0.02274282597892736,-0.015006397235297337,-0.0038560005446603607,-0.5431680131900577,0.009567875580357592,-0.06141370829268735,-0.01735795204910671,0.07356254020726107,-0.011889200748868118,-0.016912567486866918,-0.03730173332301336,0.049101863579775404,0.029956737751822376,-0.041507466282234326,0.07077181241831353,-0.0005110025919251709,-0.014492543209109664,-0.00668337121732598,0.010007001630974531,0.007977978325125723,-0.01159984753493428,-0.01022306083957892,0.0031839713036946726,-0.021333265637916786,0.026777403052793948,-0.005455078045081891,0.007719942057022306,0.0970092677115061,-0.07442815877507526,-0.012832961234597925,-0.0054550780450818934,0.008634123135021,-0.0038560005446603577,0.0831761499046877,-0.005455078045081893,-0.011599847534934267,-0.008634123135020875,-0.008634123135020839,-0.04447506496603287,-0.006683371217325965,0.015401733311351634,-0.007719942057021895,-0.013408218377086209,0.023517225356854212,0.019352613539160683,-0.045069122891854024,-0.03258969686187326,0.03511889890272436,-0.0190411482088131,0.009433882709394268,-0.010223060839578874,-0.027735766877265353,0.03753422802351535,0.018422804569404216,-0.04741290162539309,-0.017792787128545564,-0.01022306083957891,-0.0038560005446603607,0.004989694701465408,-0.015006397235297356,-0.0038560005446603616,0.027168902981185662,-0.005455078045081891,-0.007661074976686727,0.045121505587120005,-0.00863412313502082,0.049698768438506055,-0.04098093987438414,-0.022398024527930972,0.04553574891748776,0.014412629110406331,-0.05540752457054864,-0.008634123135020827,-0.06271005611307677,-0.013408218377086218,0.010007001630974488,-0.008756937290519374,-0.0054550780450818934,0.022967185783289944,-0.022900319791050894,0.01618426125290028,0.02286495859285367,-0.004668624799329381,0.00040804466739409467,-0.010136833950481317,0.015486776649175065,0.0021898541164398692,-0.01422620115916569,-0.03022537311612346,0.011977494006206825,-0.007719942057021913,-0.013408218377086225,0.030952809476506398,-0.0629718942537681,-0.006557274840371779,-0.015503906022864325,0.01869424336056953,-0.01735795204910667,-0.028305124986745776,-0.037075677020858504,0.038869086791673155,-0.012231528495122572,-0.021333265637916755,-0.008634123135020875,0.017182947188840027,0.04390117913671766,-0.04244753067719662,0.03330855301635398,-0.004824046376525206,0.010340237063619768,-0.01821782936146166,-0.015986597019462145,-0.02021433958987119,-0.04665015956051631,0.058122088348358074,0.03427876413967784,-0.028016113971468228,-0.012751569073586587,-0.026862261994037004,0.026600554726947424,-0.012832961234597942,-0.0038560005446603607,0.00016356601838973304,-0.005321761523203823,0.020537913066336913,-0.010470049645346865
Functional_Min2,0.00384431873371465,0.010408980916393092,-0.12606549448294196,-0.1289244030955986,-0.05642927365548107,-0.06507962998673668,-0.03332424962784279,-0.06390048383945658,0.03203157034821506,0.037713951261204526,-0.08594037859171853,-0.028650123749539295,0.03569126525891444,-0.017995735851372163,-0.006214290721954266,-0.0713200082049921,-0.033331071120207646,-0.016253844122702747,0.0021779600551628934,0.02450805450163654,0.009919119391819,0.05622215084268312,0.0012426865223097846,-0.012823178704058523,0.013750947525533061,-0.004105040648832231,0.03401890900824091,-0.022955643282953936,-0.00404251881413219,0.03350988620723432,-0.02816161415003301,-0.008093362707828698,0.005074273927894075,0.07676703710491257,0.03370874742725762,-0.005718945154284297,-0.016253844122702737,-0.03140651050290903,0.11086167889859314,-0.052250406972064935,-0.004642060079061841,0.06600793010354845,-0.03693145364760311,-0.024898782285556198,-0.016759883323828113,-0.003558004165535053,-0.0407508978282669,-0.012160942758675608,-0.014586530818366627,-0.02624704563787694,-0.03643459684076912,0.09123952555040268,0.04963353062094127,0.1092495301399417,-0.00862478639497267,-0.03863096482954034,-0.020380918370917846,0.003282225868045803,-0.013453703294655643,0.0022557149829519987,0.008685038367887218,-0.011461497950420969,-0.017730643828776163,0.09158590531602488,-0.020791785882900565,-0.005718945154284295,-0.009051763559833713,-0.009919119391818762,0.015732270380520233,-0.004042518814132184,-0.005718945154284295,-0.004042518814132189,-0.00404251881413219,-0.005718945154284295,0.04026386458887898,-0.029674269744005173,-0.0268985579887443,-0.04493757075040801,-0.015193560765591056,-0.0627360650713885,-0.011461497950420953,-0.013453703294655643,-0.023313466136346765,0.03289489360778567,0.032727793814864486,0.03768369327869031,-0.01345370329465566,-0.04188419406469688,-0.010717559632931976,-0.005718945154284302,-0.013547588991573331,-0.004042518814132183,-0.004042518814132184,-0.004042518814132188,0.0390661010106846,-0.009051763559833718,-0.009919119391818755,-0.00404251881413219,-0.0057189451542842985,-0.004105040648832263,-0.004042518814132188,-0.009545427317614331,0.023147304403178224,-0.00404251881413219,-0.0015651324681595742,-0.026289702877982924,-0.005718945154284301,0.014626306125011675,-0.06646714153330012,0.06787398628587844,0.047886963866046975,-0.007006651989529065,-0.010717559632931997,-0.020380918370917895,-0.004042518814132188,-0.03196622140258944,0.05441420316535139,0.042241059260427975,-0.012629591707092883,-0.004042518814132185,0.010623788446058772,-0.009051763559833713,0.04788696386604681,-0.083458596097104,0.0719453973820134,0.003282225868045797,-0.08250939754341861,0.08975769538309583,-0.015750222721157833,0.03140853738096977,-0.08052755829312523,0.08330891919255505,-0.021591718148825777,0.009083030539157426,-0.004042518814132184,0.002015499180493031,0.05713449264203965,-0.10117913666898715,0.05147112650542889,0.0610706566476684,-0.007006651989529064,0.06487091257453577,-0.08632792455912074,0.0912201204455694,-0.011311449475183593,-0.0057189451542843,-0.0408151179905985,-0.0018962224556444626,-0.044937570750408044,0.018692405632446892,0.02337470043319652,-0.08775201190697,0.026433167728563352,0.030031134441584336,0.030424468154370596,0.007073730707955575,-0.015193560765591071,0.05014525089872275,-0.0061972509595954435,-0.030533532058864214,-0.007903230086451732,0.023904394542550438,-0.010717559632931981,-0.005718945154284302,-0.008093362707828693,-0.0035580041655350423,0.016975784196313893,-0.0040425188141321846,0.030258448635096257,-0.05132950304801109,0.012513969379958334,-0.00700665198952906,-0.004042518814132185,-0.01767674364610068,-0.025580849363945612,-0.0708461219252295,0.08977479807910069,-0.009051763559833712,-0.02274282597892736,1.0,-0.015732270380520393,-0.004042518814132186,-0.569441546266433,-0.02348143743883482,-0.00942066118713399,0.020873685585878803,0.018933867563400292,-0.05857842549475828,0.06241406202265789,0.0181414440229622,-0.012160942758675602,0.030741927673859092,-0.03834442891169322,0.06392139623461048,0.0734071803761431,0.03140853738096976,-0.0070066519895290585,-0.0736297201013149,0.06487091257453573,-0.0121609427586756,-0.01071755963293197,-0.042874464446005046,-0.022365175188468304,-0.03646814124591498,-0.005718945154284299,0.00809336270782843,0.04193033627981575,-0.0018299134747173785,-0.013453703294655651,-0.005718945154284298,0.009051763559833682,-0.004042518814132189,-0.008093362707828698,-0.0057189451542842985,-0.012160942758675597,-0.009051763559833725,-0.009051763559833713,-0.04662636449414073,-0.007006651989529064,0.04685697749608694,-0.008093362707828695,-0.014056786150723406,-0.018197572049227673,0.048540418426784915,-0.047249157544608844,0.04863918916655074,0.015022402330575488,0.015754470280178876,0.038600604141376546,-0.010717559632931981,-0.004105040648832225,-0.035227007168353835,-0.02486378320468362,0.06483918297507547,0.05763233857178802,-0.010717559632931965,-0.004042518814132185,-0.006418512417163208,-0.01573227038052037,-0.004042518814132186,0.0626010647584668,-0.005718945154284298,-0.010389859602419485,0.02228681588893426,-0.009051763559833715,0.035300486841955296,-0.026239495697820112,-0.023481437438834803,0.05650310867712808,-0.020050046570103414,-0.044306689766276205,-0.009051763559833712,-0.013750947525533025,0.036244458408237826,-0.030526515871996666,0.03272779381486449,-0.005718945154284295,0.019335270783424233,-0.008199636795170488,-0.035110290282590446,-0.02293251703533388,0.013297359196955535,-0.030321112030018704,-0.03021496329803518,0.05661078899385411,-0.0203600483837271,0.06344070258005984,0.03750044487484454,-0.012988122922794063,-0.008093362707828705,-0.01405678615072341,0.13170084878193694,-0.04459924471220615,0.036667136314734866,-0.016253844122702758,0.03835034345385649,0.05994494322098514,-0.029674269744005173,-0.03886906139343146,-0.03279078151023134,-0.01282317870405854,0.00964772263031967,0.06868691171873821,0.014626306125011687,0.10955853856723013,-0.08348093867306366,0.00158040454469411,0.02909948790215674,0.027755363503394675,-0.01909904241282859,-0.01675988332382812,-0.004721269412224294,-0.02792430501330593,-0.0036768747894547625,0.014547758624847742,0.03594827398495485,-0.03593233506363811,0.02329765576116628,0.023904394542550462,-0.013453703294655667,-0.004042518814132185,-0.028931724675618352,-0.03444382487362206,0.07675616781097826,0.012928970932028048
Functional_Mod,0.0024293284597763816,0.04330386371721857,-0.051536186430619656,-0.06299486008050863,-0.036197983839440596,-0.027059607103171953,0.006587504386566557,0.009533787289713469,0.05584962833028144,0.05143779697984288,-0.03833633726937863,-0.014609257320039454,0.010426431558947171,0.03108306826550023,0.07871749174220663,-0.01607254127138044,-0.021992838267822553,-0.0107247728022841,0.0029043150533000117,0.014489532755607978,0.006544931837226012,-0.017318586241652938,0.023795455893002845,-0.008461117085036196,-0.007096758533108174,0.01816286007325271,0.02759955178691853,-0.010527288825852436,-0.002667374899330422,0.02862253649229502,-0.01858187584577815,-0.005340242935312967,-0.012233888070987813,0.01094002724091683,0.06264768549681844,-0.003773531171174029,-0.010724772802284066,0.014053498607436472,0.03527794359955432,-0.03447638228667198,-0.019383906107205216,0.026154073333556266,-0.0243684784127711,0.026789568227284944,-0.011058672612085905,0.0187282374321321,0.03176235041025375,-0.008024153988668277,-0.023374100418794896,-0.017318586241652948,-0.024040637421536375,0.046745705359142416,-0.01344793990762388,0.007423197514025571,-0.02090829620978323,-0.02548986675411492,0.03890937279939181,-0.016655347798270194,-0.008877156080449125,-0.024692899130311693,0.02083727375269075,0.08444947297593351,-0.011699209446474308,-0.008877156080449127,-0.013719042588601333,-0.003773531171174031,-0.005972624500785995,-0.00654493183722603,0.01038062283737021,-0.0026673748993304206,-0.003773531171174029,-0.0026673748993304215,-0.002667374899330422,-0.0037735311711740317,0.07922732303796759,0.01706971854997299,-0.01774847358942044,-0.02965115408677572,-0.010025166110770244,0.007350742304238606,-0.007562639370979119,-0.008877156080449112,-0.03795048772489467,-0.016428961730544946,-0.02199283826782255,-0.028315241663960634,-0.00887715608044912,0.01816916965104616,-0.007071766604281487,-0.0037735311711740304,-0.03763942453795763,0.2569571153021635,-0.00266737489933042,-0.002667374899330422,-0.008877156080449105,-0.005972624500785984,-0.006544931837226046,-0.002667374899330422,0.1798716524926286,0.055511839942194885,-0.0026673748993304215,0.012671941941204978,-0.043144741459262365,-0.0026673748993304215,-0.042915305039463544,0.023108064744658423,-0.003773531171174029,-0.013447939907623881,-0.01835322051417615,0.036751135525228296,0.03763942453795747,-0.004623198679960994,0.09125946427429969,-0.013447939907623892,-0.0026673748993304215,-0.021092269576489308,-0.04141153637623716,-0.008461117085036173,-0.04222401931056952,-0.002667374899330421,0.05824953720451539,-0.005972624500786002,-0.013719042588601292,-0.03111740358187879,0.03928542683101294,0.11132785107264792,-0.02319477212480254,0.04211691104992954,-0.03158381436301298,0.05967360780220371,-0.0433940394975034,0.023680911729965757,0.13432755447522587,-0.0113205935135221,0.2569571153021635,-0.06583357268261167,0.03407159143885044,-0.06354375656794888,0.14708339955223243,-0.006544931837226039,-0.004623198679960995,-0.015967550412665822,-0.00480220106503967,0.026566403754526655,-0.021992838267822536,-0.003773531171174033,-0.04719872354872033,0.01466350116534917,-0.00433496404777424,0.026452195497753333,-0.01171483737167491,-0.06453064223272618,0.06935387391675304,-0.03225537274804745,0.03206774043598012,-0.015493755181938792,0.05967360780220369,-0.018376631941098686,0.016023015887681825,-0.006301845047078686,-0.07753024928761182,0.050170511129378544,-0.007071766604281516,-0.0037735311711740304,0.12460566849063569,0.01872823743213213,-0.045302104178406126,-0.002667374899330422,0.023915230507407213,-0.08327660784810734,0.03643073465956766,-0.004623198679960977,-0.0026673748993304206,-0.06592771128196412,0.06737177496517956,-0.05571267661397266,0.03326471601984552,-0.005972624500786,-0.015006397235297337,-0.015732270380520393,1.0,-0.002667374899330421,-0.3757345746510899,-0.015493755181938787,0.015456586522596663,0.04642823695471388,-0.020121711902563923,-0.03949024455458104,-0.011699209446474316,0.002736718265877854,-0.008024153988668275,0.04653672442024812,-0.06496347600916173,0.08100422758836397,0.01930697346103622,-0.010025166110770253,-0.004623198679960981,-0.009714021255336188,0.028437446925414375,-0.008024153988668264,-0.007071766604281492,-0.016540822784318933,-0.014757211941301598,-0.0684319301833079,-0.0037735311711740295,0.005340242935312781,0.016023015887681853,0.006675232034566482,-0.008877156080449108,0.1798716524926286,-0.11029446578118113,-0.0026673748993304215,-0.005340242935312965,-0.0037735311711740295,0.07875558544433679,-0.005972624500786011,-0.005972624500785986,-0.030765470741637217,-0.004623198679960993,-0.00034339462546514844,-0.005340242935312958,-0.009275088198134763,-0.012007302660701859,0.029945967264428653,-0.031176408235481193,0.007090477017239924,-0.0026620524660140154,-0.013171647721095466,0.04541462629282094,-0.007071766604281514,-0.019186119795689505,-0.01070590365990626,-0.030864158653325632,0.05410165865012036,0.044738960513016075,-0.007071766604281494,-0.0026673748993304206,-0.028267656515493282,-0.010380622837370233,-0.002667374899330422,-0.024531107536126466,-0.0037735311711740286,-0.022934397926753076,0.02063850761085978,-0.005972624500785991,-0.022934397926753083,0.015093911672266145,0.030204997475900885,0.003265086775384524,-0.020078998931039222,0.00289400813986263,-0.005972624500785994,-0.021097166523593672,-0.009275088198134775,-0.07417979867711325,0.07680575825839565,-0.0037735311711740278,-0.019579971277910183,-0.02850724882239426,0.058669821906658946,0.01771268807737525,0.04308187274664531,-0.007482027408147369,-0.030765470741637227,-0.021636339013204005,0.0024306181089082954,-0.024368478412771184,-0.020908296209783222,0.00931796911486207,-0.00534024293531296,-0.009275088198134777,0.05741945617185214,-0.03487338640375405,-0.021092269576489343,-0.010724772802284106,-0.02072295557367752,-0.012007302660701862,0.017069718549972985,-0.025646969992798703,-0.021636339013203946,-0.008461117085036208,0.08100069665558886,0.11029446578118157,0.1436239982134232,0.014531470287172837,-0.06072090168188451,-0.010587298568630856,0.03702685191123108,-0.023205088075707404,-0.012602119786092419,-0.01105867261208591,-0.027180012066302807,0.020406054828685585,-0.017184960203572398,-0.006179938861524459,0.0016009703254205479,0.007060081842809942,0.01989973938093968,-0.011383225214228788,0.06967222499504012,-0.0026673748993304206,-0.054951348255176766,0.014666102223557555,-0.007610527490915867,0.08787481542275748
Functional_Sev,-0.00968444103350563,0.020815287737061094,-0.0018806812153169422,-0.0054348571393376165,-0.00744083191236005,0.0014320921523066073,-0.027041038182730244,-0.002174707586845763,0.020484080939683288,0.043087159227454624,-0.0158470355401047,0.015068805935338015,-0.01969208639692012,0.08630351863046751,-0.002295681240270907,-0.017116418814682826,-0.005651216278606724,-0.002755806681546019,0.013564816774682817,-0.010968312182333462,0.0016817668047427788,-0.004450133961766878,-0.004450133961766879,-0.0021741442384047524,-0.03442439603293317,-0.004930009996542097,-0.004162637667208244,0.00882600445681578,-0.0006854009595613451,-0.006867693918983003,-0.004774745214234101,-0.0013722134196707805,0.016304014980018194,-0.005651216278606706,-0.0024814742026844443,-0.0009696356842476735,-0.0027558066815460145,-0.005324910884747069,-0.003660832520073309,-0.008858951738437825,-0.004980832596595438,-0.0070990935604139304,-0.006261653917248718,-0.004221538613690465,-0.0028416046134726344,-0.004878731159947837,0.06133587621751267,-0.0020618634616685503,-0.006006141416396619,-0.004450133961766882,-0.006177412841863211,-0.007582768162061827,-0.003455543845419886,-0.006049320559056111,-0.005372535479949056,-0.006549802630573904,-0.0034555438454198745,-0.004279710124597743,-0.0022810484185192656,-0.006345016128972187,0.010430426793999175,-0.0019432739968373665,-0.0030061951106818596,-0.0022810484185192665,-0.003525205608274518,-0.0009696356842476735,-0.0015347083625049966,-0.0016817668047428918,0.0026673748993304366,-0.000685400959561344,-0.0009696356842476731,-0.0006854009595613452,-0.0006854009595613451,-0.0009696356842476735,-0.003856000544660362,-0.005031212937271013,-0.004560596574554111,-0.0076190750195178495,-0.002576037764248541,-0.026037101401181102,-0.0019432739968373652,-0.002281048418519264,0.039538971642545696,-0.004221538613690469,-0.005651216278606717,-0.04951306767948116,-0.002281048418519268,-0.012921749636099758,-0.001817140746726354,-0.0009696356842476752,-0.1944286477794486,-0.0006854009595613438,-0.0006854009595613435,-0.0006854009595613451,0.30047628713040103,-0.0015347083625049946,-0.0016817668047428938,-0.0006854009595613451,-0.0009696356842476741,-0.004930009996542107,-0.0006854009595613451,-0.005466739938600011,-0.011086348305829696,-0.0006854009595613452,-0.011027392985252953,0.09262939384924744,-0.000969635684247675,-0.0034555438454198758,-0.019326804978071623,-0.010611021536400802,-0.0035252056082745197,-0.00118796379627155,-0.001817140746726358,-0.0034555438454198857,-0.0006854009595613451,-0.005419808745550287,-0.010640988927468538,-0.0021741442384047524,-0.0108497621985068,-0.000685400959561344,0.07976013621406532,-0.0015347083625049972,-0.00352520560827451,-0.01900897397682444,-0.010339601285233221,-0.004279710124597734,-0.017334820079736777,-0.03188173396222223,-0.008115685828958837,-0.002576037764248535,-0.01855022290488503,0.020472135038167274,-0.0036608325200732997,0.07854049042406151,-0.0006854009595613442,-0.07025971203838707,0.02988255646281658,-0.02335496504327151,-0.0033845486021890064,-0.0016817668047428935,-0.0011879637962715504,-0.00410297569248047,0.030558649852804334,-0.024646992422542088,-0.005651216278606712,-0.0009696356842476748,0.007546340883836746,-0.008322484427420757,-0.00761907501951786,0.018010341519502395,-0.008792984229363456,-0.01658160767671729,0.1133021391196185,-0.008288247534334289,-0.017953791199750976,-0.003981230636748932,-0.0025760377642485336,-0.004722006332554307,0.1335882111914048,-0.07309462598183232,0.0039190719748725365,-0.0029250007138830704,-0.0018171407467263599,-0.0009696356842476752,-0.0013722134196707811,-0.004878731159947838,-0.011640698006801337,-0.0006854009595613445,0.04065278640733777,0.0069066560855807506,-0.003593611636982668,-0.001187963796271546,-0.0006854009595613446,0.008010999925671869,-0.004337181719265883,-0.021437070970360433,0.02600145719835832,-0.0015347083625049972,-0.0038560005446603607,-0.004042518814132186,-0.002667374899330421,1.0,-0.09654767242162943,-0.003981230636748928,-0.043364259971767946,0.22214605350628383,-0.013676117199022987,-0.0357852224591322,-0.0030061951106818566,-0.006630352749378726,0.3324182092090071,-0.01572273068983411,-0.016692827395315493,0.0278087057362211,-0.004826981389391317,-0.0025760377642485314,-0.0011879637962715483,0.005786383221250522,-0.004102975692480477,-0.0020618634616685516,-0.0018171407467263568,0.005081164323863742,-0.0037919706103395003,0.007834487246047303,-0.0009696356842476745,0.001372213419670639,-0.005130699434093789,0.007975904909222778,-0.002281048418519265,-0.0009696356842476741,0.0015347083625050749,-0.0006854009595613452,-0.0013722134196707816,-0.0009696356842476738,-0.0020618634616685473,-0.0015347083625049949,-0.0015347083625049957,-0.00790540661268422,-0.0011879637962715506,0.010217924776423644,-0.0013722134196707792,-0.002383299907565852,-0.003085361854253946,-0.05598222010393325,-0.008010999925671858,0.03000785410860648,-0.010670919830219451,-0.0033845486021890124,-0.007691334763116893,-0.0018171407467263586,-0.004930009996542101,-0.014921863748069012,0.02364809979092808,-0.010820041563130886,-0.003162653435841256,-0.001817140746726358,-0.000685400959561344,-0.021498233451590194,-0.002667374899330416,-0.0006854009595613441,-0.00630344262765021,-0.0009696356842476738,0.02922524665276417,-0.007655263288873445,-0.0015347083625049942,-0.02345235842505767,0.024851052753114583,-0.003981230636748936,-0.015225556030632206,0.023000501532127238,-0.00984864241270944,-0.001534708362504997,0.03442439603293319,-0.0023832999075658525,0.00578638322125048,-0.005651216278606709,-0.0009696356842476731,-0.00503121293727101,-0.007325140422603417,-0.008559719094491984,-0.010550975584685322,-0.011986129886989723,-0.011437603779197537,0.08670027908009408,-0.0055596112585325486,-0.006670350116675797,-0.0062616539172487065,-0.005372535479949053,-0.005830869671712116,-0.0013722134196707803,-0.002383299907565847,-0.008660154807472393,0.05158849636005468,-0.00541980874555028,-0.002755806681546017,-0.0053249108847470495,-0.003085361854253941,-0.005031212937271013,-0.006590171425590699,-0.005559611258532545,-0.0021741442384047554,-0.003791970610339499,-0.0015347083625049949,-0.003455543845419878,-0.005276925300178228,0.02309676760421971,-0.011957466072516328,-0.01058101723207172,-0.005962712492266397,-0.0032382043469266287,-0.00284160461347264,-0.006984097494435162,-0.01261187117017018,-0.016137733779981466,0.04854066340545392,-0.010034112259086153,-0.006092255364600978,-0.004774745214234113,-0.002925000713883077,-0.0022810484185192665,-0.000685400959561344,0.048540663405453974,-0.013425492577827753,-0.01436925578734387,-0.009661394471344311
Functional_Typ,0.021683673069648073,-0.03604806707016647,0.17442706897659088,0.17403447132841232,0.09047057481934531,0.0907688647872282,0.05394856318098278,0.06168228838071151,-0.09053142513682143,-0.06276870731606012,0.13586016109414367,0.06629018421517321,-0.02550592450681624,0.04564986228657652,-0.03592756220340476,0.11646204021800413,0.05853291060117432,0.028543481291928453,0.018824089775776542,-0.06899688533271162,-0.01741903002486193,-0.003147787823466742,0.013265677256038336,0.022518867455552267,-0.02613439689448726,0.02124219162534737,-0.04431247676913353,0.033989582530645775,0.00709909356041396,-0.028301722706883303,0.03409224070919102,0.014212806847152615,-0.017797583941357383,-0.0729410116722328,-0.08975950666581338,0.010043076750863716,-0.023548372065840973,-0.04203052468928919,-0.10048099487917754,0.09175727924076983,-0.0074855149306081465,-0.07676470588235296,0.06485556575516079,0.009217684442301049,0.0041551256501077835,0.005362562199797995,-0.049485832409075746,0.02135591060822544,0.012441815044836038,0.04609260741504866,0.06398303228778111,-0.07367385440230058,-0.026914879526123082,-0.07332481278970863,0.04187631350462645,0.06784008838628985,-0.006012898617538153,0.010265299419836523,0.023626135786658745,0.006490765069041486,-0.0055097316501934125,-0.05333816924275574,0.03113689885296893,-0.03909051557429003,-0.004493857268616476,0.010043076750863696,0.01589586081167067,0.017419030024861896,-0.027627542253756656,0.007099093560413913,0.010043076750863718,0.007099093560413949,0.007099093560413967,0.010043076750863753,-0.035300767460644165,0.03747996259541701,-0.0008788229300159899,0.028381768080372363,0.026681510798093902,0.014784181227559878,-0.016605279103876856,0.023626135786658776,0.05584105429816295,0.009217684442301076,-0.02035144276286988,0.04036163203441282,0.023626135786658814,-0.01647237210480093,-0.020434419788584575,0.010043076750863758,0.06600352863280447,-0.09654767242162939,0.007099093560413957,0.007099093560413982,-0.10180716693523868,0.01589586081167066,0.017419030024861868,0.007099093560413955,-0.13658584381174646,-0.05330973090591976,0.007099093560413988,0.015965599031518847,0.009103458234466264,0.007099093560413925,0.0005191685341769472,-0.01660527910387682,0.010043076750863716,-0.0060128986175381005,0.10937929508033546,-0.09261853094670966,-0.04550030484474177,0.01230442709259356,-0.059690015698234,0.014889082291046797,0.007099093560413988,0.042476307451070464,-0.02971009472879748,-0.010358679029554113,0.01270808186751108,0.007099093560413926,-0.04826356451562728,-0.030520052758407662,-0.04550030484474169,0.12844527719559276,-0.09926508770848019,-0.0408278954198044,0.10885777781534954,-0.09550557476047035,0.016943110940632607,-0.0846185056739548,0.10591068632026943,-0.09469155749087661,-0.120252187941657,0.027116307227332066,-0.09654767242162939,0.03156104130793341,-0.10162149469208381,0.17093828971446476,-0.11422323554978403,-0.02496727636896867,0.01230442709259359,-0.0993212999567169,0.10059267833181418,-0.10330407882528221,0.03223812614649294,-0.13658584381174652,0.05429454342130788,0.0016725523990247938,0.048595124859564534,-0.07620839267806903,-0.03470658434334294,0.15374901021380047,-0.11041057260713649,-0.04608583659938541,-0.023334317203044654,-0.06822667898987432,-0.056793501555942566,-0.028707190376194958,-0.06180173241141102,0.10788728902395135,0.0705287593739611,-0.06799751291363237,-0.020434419788584526,0.010043076750863788,-0.037663938144954376,-0.02475028707599064,-0.03281889928204192,0.007099093560413893,-0.05769234901115724,0.08237961149529381,-0.043286773593386826,0.01230442709259353,-0.09654767242162943,0.06239686357012174,-0.05598059016201112,0.1169289212990297,-0.11745722565791385,-0.21618370703872114,-0.5431680131900577,-0.569441546266433,-0.3757345746510899,-0.09654767242162943,1.0,0.02299214090501258,0.04466300928400173,-0.06135719910778977,-0.04996268179298022,0.08044352429566996,-0.04064184692387535,0.023099568381257318,-0.0479321549206837,-0.07675382653984268,0.08915270702761252,-0.14133605597205404,-0.04124656292962783,-0.0011434933199182616,-0.047577118091361975,0.043010678515600795,-0.046139479197496884,0.021355910608225438,-0.020434419788584627,0.03435750837961277,0.039275629491923376,0.04720010298694622,0.010043076750863753,-0.014212806847152523,-0.09053756977467879,0.053563940989212355,0.0236261357866588,-0.06327138353044143,0.030520052758407502,0.007099093560413984,-0.03766393814495436,0.010043076750863677,-0.013288122156229102,0.015895860811670624,-0.030520052758407697,0.08188086169660154,0.012304427092593597,-0.04979083762178979,0.014212806847152589,-0.005348462927041862,0.008628356124532862,-0.056144792402828735,0.082974552619843,-0.009747919833083799,-0.03687705103654515,0.013730158748950986,-0.04065590412629489,0.018821176121064796,0.006331807119093932,0.009584097201991175,0.01672740668248431,-0.026202145872587443,-0.058339419536610926,0.018821176121064733,0.007099093560413905,0.018101373804720454,0.027627542253756566,0.007099093560413911,-0.030032661958503258,0.010043076750863727,0.030120792886723768,-0.06163934317623319,0.015895860811670638,-0.02989656862205827,0.035856997627707186,-0.01349538705294219,-0.054447057679550395,0.007866067645532151,0.07732324960678531,0.015895860811670687,0.07115648475991658,-0.005348462927041858,0.04301067851560063,-0.046646227217551295,0.010043076750863727,-0.006413683438787935,0.002719893365152391,-0.021504269678865272,-0.00021427950464307518,-0.019137326095350893,0.029768346220060974,0.032886575599454695,-0.022485221759462954,0.023754081466150073,-0.019046191462275066,0.000565896128440915,-0.06739585086820538,0.014212806847152558,0.024685213509424004,-0.11947305195995142,0.0972934995371152,-0.012162819314183152,0.028543481291928387,-0.02814713870594931,-0.01470016228624126,0.037479962595417034,0.06825821130944545,-0.04917499718126475,0.02251886745555234,-0.018066789566284724,-0.12335187989856433,-0.1314247840690479,-0.12733927048346483,0.11059080749863297,-0.005307873497367353,-0.007484448218674036,-0.01338117230158757,0.03353995249916744,0.029432140021596637,0.007010106312647985,0.04740624591177265,-0.008897919221977699,-0.04196365314600256,0.006558092651778748,0.026250018960646007,-0.02735797093947439,-0.018850795659224755,-0.03909051557428997,0.007099093560413905,0.029427900829082285,0.025524017628744417,-0.056890307457957416,-0.016811531862701044
FireplaceQu_Fa,-0.009446853370054117,0.006715044423606296,-0.03758959175172984,0.011624421186312966,-0.01687349377298223,0.00982334025961176,-0.07815958026967727,0.016905053844371628,0.007098737623269116,-0.046558300889903856,-0.02890857790064545,-0.011714872921230576,0.039828598737308284,-0.002698755089790631,-0.013334729633039439,-0.026085813898165305,-0.010482812861531082,-0.01600742140272198,0.05622979716434068,-0.05078081741406733,0.00976873672776134,0.0020442391204900847,0.002044239120490094,0.04324396287858829,-0.01824351363637014,-0.02863653247622171,0.0352511010213546,0.020821625374344906,-0.003981230636748933,-0.0023405243030096856,-0.0016272430522425807,-0.007970660137458374,-0.03879871566146641,0.011860116741148284,-0.014413929514122988,-0.005632240863920683,-0.016007421402721957,-0.007336668439286875,0.01233517480980035,-0.03628066118414718,-0.028931741418591797,-0.004748376926035227,-0.0363715399932095,-0.024521294621179864,-0.01650578859989449,-0.002751497667717866,0.07548638844145981,0.10577289062012718,0.007400350389211288,0.002044239120490077,-0.035882215977071454,-0.0440453846716025,-0.02007192553803766,0.04889415478394222,0.062397957470779135,-0.018473010159962194,-0.020071925538037633,0.004083726679085858,0.040041204732801455,0.0034056761990198204,0.02037904121153044,-0.01128773145686564,0.02319889258422341,-0.013249733197818539,-0.02047656393344396,-0.005632240863920687,-0.008914530780917036,-0.009768736727761346,0.015493755181938705,-0.003981230636748929,-0.0056322408639206826,-0.0039812306367489345,-0.003981230636748933,-0.005632240863920685,-0.02239802452793099,-0.029224381446285693,-0.02649075194771747,0.02444565234404968,-0.014963212883466357,0.042307671802135995,-0.01128773145686561,-0.013249733197818516,-0.030615367721119377,-0.024521294621179898,0.05654597594650706,-0.008806882195121631,-0.013249733197818523,0.01782992788962764,-0.01055507190532946,-0.00563224086392069,0.020476563933443926,-0.003981230636748928,-0.003981230636748928,-0.003981230636748934,-0.013249733197818499,-0.00891453078091701,-0.009768736727761351,-0.003981230636748933,-0.005632240863920685,0.022041452269576732,-0.0039812306367489345,-0.03175419033644558,0.07677280731202939,0.1721580642012342,0.00035291397139325164,0.06266138103618998,-0.0056322408639206895,-0.020071925538037643,-0.05439702245296825,-0.03516061556926003,-0.02047656393344393,-0.0069004249192936296,0.05615663797251049,0.0154493002626108,-0.0039812306367489345,-0.03148158508110967,0.07029678395848335,0.04324396287858824,-0.010905267965355766,-0.00398123063674893,0.05894789767664587,-0.00891453078091704,-0.02047656393344392,-0.05226030193765862,-0.019594623522517122,-0.024859190561037116,0.04947141726940104,-0.01606307617928523,-0.047140898491240556,-0.01496321288346633,-0.03936956933862512,0.05243905492943251,-0.02126436851540216,-0.00460819707048057,-0.0039812306367489276,0.014412111959062971,0.099199181873242,-0.07072416246477842,-0.01965954146785036,-0.009768736727761334,-0.006900424919293615,-0.02383260819943085,-0.027686602605948237,0.05996508536809674,-0.010482812861531085,-0.005632240863920686,0.026518495750934273,0.015501835112224253,-0.02708079484889439,0.005927988988754658,0.13214261153461018,-0.014760940379950915,0.006877988813044273,-0.03212840259823245,-0.09440680882383652,-0.02312543798177993,0.03232313086082122,0.051712680806170745,0.019031970913962054,-0.04714888328186727,0.022764382215007022,-0.016990204481296126,-0.010555071905329462,-0.0056322408639206895,-0.007970660137458382,-0.0027514976677178644,-0.030377615837140617,-0.003981230636748927,0.05391698046938437,0.04011810958508211,-0.020873908252024297,-0.006900424919293605,-0.003981230636748929,0.03006302081255587,-0.025193020956579704,-0.011706320172405438,0.040433143277934194,-0.008914530780917035,0.009567875580357592,-0.02348143743883482,-0.015493755181938787,-0.003981230636748928,0.02299214090501258,1.0,-0.2518863125754002,-0.017921680686694343,-0.07943930632861368,0.04356219309207875,-0.017461831512974837,-0.01915048798564756,-0.01197657206030415,-0.02868325025105582,0.065685878579028,-0.013900364652929417,-0.02803807891188355,-0.014963212883466342,-0.006900424919293605,0.0336108752622058,-0.02383260819943081,0.04689815927991156,-0.010555071905329463,0.004876900586107899,-0.022026099259033798,0.028729497502676057,0.11895975400462788,-0.08018967168594472,0.019031970913961967,-0.052850344094250386,0.04004120473280143,-0.005632240863920687,0.008914530780917168,-0.0039812306367489345,-0.00797066013745839,-0.005632240863920684,-0.011976572060304157,-0.008914530780917024,-0.00891453078091703,-0.04591946737646667,-0.006900424919293616,0.05935199622412144,-0.007970660137458353,-0.013843672781892045,-0.017921680686694325,0.03508914934900065,-0.04653281833087923,-0.05825427724429588,0.01712125298899164,-0.0196595414678504,0.006442308120393956,0.05615663797251047,-0.028636532476221745,-0.022406177167087645,0.08177802670260617,-0.06284946112360694,-0.01837063776544594,-0.010555071905329476,-0.003981230636748928,0.04425068582081948,-0.015493755181938764,-0.003981230636748931,0.06462974218774743,-0.005632240863920684,0.12339701562345076,0.023961516105956267,0.0699655597653792,0.03067460553068785,-0.021770105267543357,-0.023125437981779975,0.028201543325618014,0.02207587715201266,-0.043223687767090846,-0.008914530780917031,0.027807438199781424,-0.013843672781892047,0.03361087526220568,-0.032825742464210404,-0.005632240863920685,-0.004359814481497195,-0.042548924191207885,-0.03411913466137731,0.03175393974518626,-0.008747674931932023,0.05917524316097248,0.020689993497493956,-0.03229364412481993,0.019036348369188143,-0.016002361477641468,-0.031206992857849124,-0.033869279947853353,-0.007970660137458386,-0.013843672781892066,-0.034848306622846444,-0.02007729536628098,-0.0314815850811096,-0.016007421402721957,0.06344440593092592,-0.01792168068669432,-0.029224381446285697,0.000653329440024155,0.013063470278486571,-0.01262876792029568,-0.02202609925903384,-0.008914530780917033,-0.02007192553803768,-0.03065163008576858,-0.023750186581431965,0.08906712673028089,-0.048196737170464625,0.029212436369660442,-0.01880948395854122,-0.016505788599894506,-0.022064598011514905,0.07995764628354958,0.03005887128103325,-0.026871113123306055,-0.044494788079527205,-0.014512477765176059,-0.02773465905525608,-0.01699020448129612,-0.013249733197818532,-0.003981230636748928,-0.004812172915250514,0.0014614137323232359,-0.017914323436473787,0.014819389029308452
FireplaceQu_Gd,-0.06572162708164855,-0.09197875535567022,-0.155938049882101,-0.15292001004091452,-0.05725697000531373,-0.14010186277782127,0.08786540027351132,-0.09314298588488407,-0.1392078076617682,-0.24247289402051173,-0.06071317756215764,-0.14816431562601035,-0.15637142746380545,-0.11820463282588703,-0.02627906137404173,-0.19596812492707003,0.06276935839294952,0.04868107010585208,-0.19153864751046437,0.1573774249365532,-0.01458480581928805,0.06514164535178192,-0.037929765914190304,-0.024939832735299955,0.1609250392358396,0.0541039814314964,-0.03377508973401223,-0.05012114241624117,0.015805664849522894,-0.09391740212301487,-0.03021508238962749,0.0316438795580543,0.08284184600966926,-0.004780958501674386,-0.05812689103440705,-0.06134735194495436,0.04868107010585216,0.07524038936295915,-0.06231036923700405,0.04113768238279909,0.013686221646286674,0.12080840293172623,-0.1498332014148025,0.08750089025334624,0.007808098308238763,0.0007653456410461385,0.04331547588220884,-0.09089570592765271,-0.2024295281694597,-0.2253323318523217,0.08704732379348896,0.11693187776009321,0.043888843643828626,-0.03692935234622521,-0.10407887475235261,0.08529296077292293,-0.027706364981858227,0.001465064995479413,-0.036907256907691796,0.011070036837306773,-0.0019119090403992853,-0.018097477738647925,-0.05360701668536803,0.016798319589215252,-0.012346256028295918,0.02236024977432922,0.008893145316005546,0.03878232456492518,-0.03080802619810073,0.015805664849522904,0.02236024977432919,-0.04336425997176795,0.01580566484952288,0.022360249774329256,0.04596834453045449,0.08261140371402484,0.04107692780614364,-0.003161482913858974,0.027635120330035047,0.11743902006492841,-0.01809747773864791,0.03470017842151762,-0.15849455209207408,0.018552617439992387,-0.09484804769450612,0.025427947049264165,0.03470017842151759,-0.029653893358268235,0.04190411061803886,-0.06134735194495439,0.035756040185843954,-0.04336425997176791,-0.04336425997176791,0.015805664849522883,-0.0011035392430871812,-0.017604797870459876,-0.033810231671986005,0.015805664849522883,0.022360249774329162,0.02856783502309628,0.01580566484952283,0.025488666168299343,-0.12372373469640502,-0.04336425997176795,0.09419059005251981,-0.22564763147068806,0.02236024977432913,0.04388884364382863,0.040718554989055744,0.06682362826424793,0.03447331228680026,0.027394997563545787,-0.07014717418477559,0.031956308872880756,0.01580566484952283,0.03140606250458172,-0.12738924399469817,-0.024939832735299924,0.09263356522386744,-0.04336425997176793,-0.1675349188702675,-0.017604797870459956,0.04617820436557426,0.03786773063563552,0.06172708984418785,0.059801289360933756,-0.20221242156900399,0.13866212699433875,0.11052135215751892,0.04351987453548809,-0.07758960683904528,0.05427607300457395,0.05055953037345,-0.015480172920689447,0.015805664849522942,-0.012054931135286108,-0.05198133495858786,-0.031696028461201675,0.017177509096773312,0.03878232456492507,0.027394997563545808,0.05413590323198883,-0.1939965268799833,0.14964513994763984,0.025241404562602994,0.02236024977432921,-0.05187198104171783,-0.06544241930093929,0.019917342357311227,0.009014529531417915,-0.002388839354432094,-0.08336259603561406,0.019528086842768314,0.056635454910871234,0.11863970003611216,-0.0019260635625986426,-0.05178865069723085,-0.03289814978504149,-0.04573099727020389,0.0714773427591153,-0.04808446564151532,0.02536651770801574,0.019493853657475916,0.022360249774329113,0.03164387955805424,0.05233786729923177,-0.010938662113109855,0.01580566484952292,-0.0056833434389142665,-0.14044193799793322,0.05989016190417525,0.02739499756354585,0.015805664849522904,-0.12941090558708798,0.06161494370987544,-0.06147454979716273,0.028904069355341056,0.008893145316005489,-0.06141370829268735,-0.00942066118713399,0.015456586522596663,-0.043364259971767946,0.04466300928400173,-0.2518863125754002,1.0,-0.19520607855651723,-0.8652668096676653,-0.1850518194529146,0.02834716589121556,-0.042234344027119404,0.007992319895278011,0.21526674375028867,-0.09996671551015977,0.19927192116820844,0.07658676115003916,-0.05178865069723091,0.0273949975635458,-0.04528394383698739,0.0743762153238461,-0.011785285269308117,0.04190411061803878,-0.0757918017491278,0.05470893273396069,-0.12430501695423328,-0.06134735194495436,0.0868178234028669,-0.0047191692514706425,0.03263240060294981,-0.001103539243087115,0.022360249774329165,0.017604797870459907,-0.04336425997176794,0.0020284538178239556,0.02236024977432919,0.027769925059864052,-0.017604797870459824,-0.01760479787045989,0.12636258069701548,0.027394997563545753,-0.12593860496562853,0.031643879558054394,0.020668719505549535,0.017878687568727753,-0.12096855980981495,0.12941090558708812,-0.12326249133419412,0.04234746268549983,0.005003157989351549,-0.05731846498759415,-0.07014717418477574,0.020055786220296093,0.11741274724564042,-0.08163842876007758,-0.04430418985797485,-0.01807722656823462,0.0419041106180388,0.015805664849522883,-0.10394254857947943,0.015456586522596658,0.015805664849522918,-0.07230744033132977,0.02236024977432917,-0.4746008948869501,-0.17401482945103222,-0.04410274105692519,0.19508004058465664,-0.1855471084685658,-0.03317109468919881,0.17656670881901815,-0.19946751692699605,-0.012451228780804163,0.008893145316005463,-0.2026911713935895,-0.013622565128657702,-0.07466819183787679,0.07027494915901895,0.022360249774329252,0.007437314738797308,0.02574269980713638,-0.017481263325141654,-0.011193012522113273,-0.018068480304003223,0.010578004056843693,0.003295082456016763,0.03678717572383962,0.024418201643343008,-0.006139552513399818,-0.03332893092173098,0.11987205351615662,0.0020284538178240363,0.0378143618226532,0.08548719756171319,-0.23833030597847693,0.07039658228067813,-0.01079538374732285,-0.10705198255682191,-0.008756908196927912,0.08261140371402485,-0.004971688285950599,0.006313827322815026,0.050136777148283455,0.04379704177882643,0.008893145316005565,-0.0038412954399626702,0.033774949498880276,-0.058325347593085726,-0.0232873549320466,0.06131361901383137,0.04456113239702937,-0.0015665978612977459,0.03666841104248829,0.10511461465063987,0.06912260884185176,0.03945035963932865,-0.0930588038982417,-0.06507384415931529,-0.048847376345129055,-0.0214448994296164,0.01133806473312822,-0.019005398075389573,0.015805664849522883,-0.007841606327940145,0.05415877727340809,-0.028304756269936483,-0.0012078331458837163
FireplaceQu_Po,-0.021447114979065034,-0.013782913856600016,-0.09797167626004266,-0.05100779889191254,-0.053195766826328476,-0.03435489159822993,-0.06326981688252933,-0.06107588969086518,-0.04710830485843016,-0.07083036041560045,-0.018462888286187175,-0.03778736411136174,0.004849155165851984,-0.0006410472294241678,0.018180959363634272,-0.07591630695525038,-0.02543919277164588,-0.012405382126079794,-0.011066362117796515,0.033293698458931625,0.0075705454956251535,-0.02003246914148309,-0.020032469141483083,-0.009787003658578399,0.01625016326452999,-0.022192651720471142,-0.018738292224896543,0.039730638098264055,-0.0030853618542539462,-0.00690659150371469,0.011890143330005707,-0.006177077638842513,0.03399833152720673,0.003130977571894863,-0.011170462691178332,-0.004364856673991038,0.044194173824159175,0.006199219403763436,-0.016479394804867667,-0.020471195206728177,-0.022421431837205925,-0.03195687453530712,-0.028187104017454886,-0.019003437365008414,0.04213705242771361,0.04347543530672144,0.08026079598172402,-0.00928156692016239,-0.027036903521793745,-0.0200324691414831,-0.027807889198844055,0.009968381994377933,-0.015555279019719944,0.0802218679800887,-0.02418469918844225,-0.029484217825137424,-0.015555279019719934,-0.01926529891955374,-0.010268237416402015,-0.0028209740833133774,0.012677313820927787,-0.008747731351357972,-0.013532516392855121,-0.010268237416402027,-0.01586886443685935,-0.004364856673991037,-0.00690855560241399,-0.007570545495625114,0.012007302660701779,-0.003085361854253942,-0.0043648566739910395,-0.003085361854253946,-0.0030853618542539462,-0.004364856673991037,0.023517225356854295,-0.022648221104358785,0.014323061397768228,-0.012335099382231169,-0.01159614462462493,0.024216349200417077,-0.008747731351357972,-0.010268237416402015,-0.014028483063184428,0.01848983094973792,0.00313097757189488,0.03379416274249462,-0.010268237416402023,-0.058167810916047884,-0.008179937109145864,-0.00436485667399104,-0.07324091278550461,-0.003085361854253942,-0.0030853618542539436,-0.0030853618542539454,0.12601927738311575,-0.006908555602413979,-0.007570545495625103,-0.0030853618542539462,-0.0043648566739910395,-0.022192651720471204,-0.0030853618542539454,0.004841068446826913,0.04855687103274107,-0.003085361854253946,-0.0002256376504474474,0.056748103381886315,-0.0043648566739910395,-0.01555527901971992,-0.06233623945895694,0.0030143572758385617,-0.01586886443685935,-0.005347670046445106,-0.008179937109145864,-0.015555279019719948,-0.0030853618542539454,0.005286125395137921,0.036562015675429424,-0.009787003658578385,0.001141137160829089,-0.0030853618542539428,0.06074866487436054,-0.006908555602413982,-0.015868864436859323,-0.06078166100788598,0.005197824887885739,-0.019265298919553735,-0.014028483063184388,0.024687556411130882,-0.03653310829007943,0.04886946663234788,-0.08350462505227584,0.08001286971594262,0.026484741650680144,0.03928371006591928,-0.0030853618542539428,-0.046134024781542,0.06318744934497691,-0.0695472733221995,0.031106202220275256,-0.007570545495625111,-0.005347670046445105,-0.018469721283454716,-0.04133367207852882,0.06614918862879805,0.003130977571894858,-0.004364856673991039,-0.010312375333413407,0.0033549869607846566,0.00962739463979022,-0.007260387386021878,-0.0005348918395448797,-0.061607111424951094,0.026495295846634803,0.0036468325475801752,-0.0050187860843932675,0.06136817932110482,-0.01159614462462492,0.012476532303140074,0.0705713061847734,-0.06916421842156227,-0.02260364696356615,-0.013167016328743087,0.07712512131480398,-0.0043648566739910395,-0.006177077638842512,0.01075680873568368,0.026961562850420014,-0.0030853618542539423,0.053552402796543525,0.007199930500179862,-0.016176797112810424,-0.005347670046445102,-0.0030853618542539436,0.015001733843474415,0.017020931595309697,-0.07245725949167633,0.08169050781717391,-0.006908555602413996,-0.01735795204910671,0.020873685585878803,0.04642823695471388,0.22214605350628383,-0.06135719910778977,-0.017921680686694343,-0.19520607855651723,1.0,-0.06156362889713078,0.012026602329477692,-0.013532516392855156,-0.029846817644190934,0.06600225365448824,-0.00402347297986657,-0.023148465217835847,0.04253603082976508,-0.021728864020781623,0.048869466632347924,-0.0053476700464450974,-0.0019152685712315407,-0.018469721283454713,-0.009281566920162387,-0.008179937109145856,0.022873079416286093,0.024466596588294635,-0.029095506654167196,-0.0043648566739910395,0.006177077638842311,0.07057130618477347,-0.06978092510438665,0.057875519983356764,-0.00436485667399104,0.006908555602413954,-0.003085361854253946,-0.006177077638842515,-0.004364856673991038,-0.00928156692016239,0.09395635619283026,0.09395635619283034,-0.035586527367503326,-0.005347670046445108,0.011201202477171972,-0.006177077638842507,-0.010728526885571852,-0.013888888888888881,0.03975726506438596,-0.03606186020065967,-0.03144844063426031,0.019398993875499437,-0.015235690883400156,-0.012834341128975994,0.07712512131480405,0.010208619791416775,-0.026080519714106222,0.035376128382799854,-0.015320944029987769,-0.014236820262718691,-0.00817993710914586,-0.003085361854253944,-0.036702167197881254,-0.012007302660701847,-0.003085361854253945,0.023409554595865564,-0.004364856673991038,0.13155870289605442,-0.034460496452874925,-0.006908555602413981,0.08413260259278543,-0.07694972059797914,-0.017921680686694346,0.03993435307004572,-0.015302748535678009,-0.04433408677427107,-0.0069085556024139775,-0.004020658952048684,-0.010728526885571868,-0.0019152685712316017,0.0031309775718948783,-0.0043648566739910395,-0.022648221104358747,-0.03297443419311614,0.04126470502631654,0.0034923286551374294,-0.022819369140453998,-0.01936258156048977,0.00700062833459082,0.03297185386827073,-0.005398088541263779,-0.002140792710186461,0.03566218354905874,0.0015216179846950259,-0.006177077638842508,-0.010728526885571856,-0.019221306759224663,-0.03060366776333031,0.005286125395137912,-0.012405382126079799,0.006199219403763399,0.036805555555555536,-0.02264822110435878,-0.0047738293753311406,0.0039725125142495415,-0.009787003658578392,0.024466596588294608,-0.006908555602413995,0.029866135717862303,0.006667875328614904,-0.0029287631343469385,-0.007048779969926587,-0.013708406366185168,0.00037279731048265474,0.03379194148227491,-0.012791605201270241,-0.007778774797300636,0.048721453119064076,0.0328888947774619,-0.03535538656726922,-0.009903360841523991,-0.027424549157829936,-0.021493720635010302,-0.013167016328743087,-0.010268237416402008,-0.003085361854253944,0.006955158013233289,-0.0023856091342759197,-0.008803123706801435,0.010934925791374853
FireplaceQu_TA,0.05760605689309862,0.08981228273082402,0.143551652876782,0.14748935597215773,0.050300839628622376,0.1147993820178135,-0.05901515036380583,0.061785966860916204,0.10948110377902802,0.24307415646148328,0.052920022240215116,0.12435485090588824,0.11657090147573532,0.11687767159250707,0.03152456952470294,0.16314664820995167,-0.05611737812431418,-0.03895705742166431,0.17669048505536103,-0.14861302417978176,0.0074690363938102085,-0.058488955418238626,0.03243082148885416,0.017324955754837765,-0.15692617374627527,-0.04330826501572581,0.0353229272307228,0.02725262545294,-0.01367611719902299,0.08736618609493846,0.03710265043501891,-0.027380398710705457,-0.07636280115857114,0.008618520788474868,0.07484898365195335,0.07089992503990393,-0.05498786459066943,-0.07207045567206609,0.07297957846391565,-0.01735664458007326,0.009693802120789014,-0.11522190927982558,0.19227580507148176,-0.07361498620836848,-0.010027164030787867,-0.023211838259038203,-0.08429678296415637,0.06547264711950579,0.2324117136376973,0.22437257273716144,-0.12326072911561183,-0.10758304284079657,-0.030355639995836018,0.008640386575636809,0.09620600465256628,-0.08107145865567722,0.008238758605546147,-0.001536449530700531,0.031687182197225675,-0.0026616361643583175,-0.01030641309819211,0.029050302205332845,0.04309930075552698,-0.006913807379703394,0.017995569608362783,-0.019347581985605867,-0.0020545604441634985,-0.033557058247788735,0.020121711902563903,-0.013676117199022987,-0.01934758198560586,0.05011663395296928,-0.01367611719902299,-0.019347581985605867,-0.042209054815484696,-0.06436906391829637,-0.03177111191470643,-0.00895578952347075,-0.01714925786143848,-0.14901528299020356,0.0064418580583253775,-0.02621430216816789,0.18345543794831706,-0.020518513594882656,0.08953839442946128,-0.018625870238134046,-0.026214302168167915,0.02391177339122892,-0.036258236106431405,0.070899925039904,-0.017995569608362818,0.0501166339529692,0.05011663395296916,-0.013676117199022987,-0.02621430216816784,0.026513613350871976,0.01861898546016814,-0.01367611719902299,-0.019347581985605856,-0.02495410916000464,-0.013676117199022987,-0.042351261171567296,0.09020221501985991,-0.013676117199022989,-0.08940702610690482,0.2158308330813787,-0.01934758198560586,-0.04322043952962989,-0.022380531461776664,-0.048723570990377635,-0.0198625451296915,-0.02370398214266272,0.060386263602176256,-0.030355639995835928,-0.013676117199022987,-0.049292431765038405,0.09866923151803456,0.01732495575483777,-0.08436338552581132,0.05011663395296921,0.15521634642466559,0.026513613350871986,-0.04510128828839429,-0.02123542553959845,-0.049990905078580054,-0.043465726443275524,0.19070673918431155,-0.1291152746410959,-0.10882498273269976,-0.05140085359016637,0.09687292547713276,-0.05582629886204093,-0.04870861769565139,0.009457444229385626,-0.013676117199022989,0.016120173015538256,0.030576620591216335,0.048023117347560484,-0.028156912734728607,-0.03355705824778863,-0.0237039821426627,-0.03822524749322312,0.25169167284711613,-0.17745653018641833,-0.015657441303820997,-0.01934758198560587,0.037695436738877146,0.04204019115353509,-0.01517627130475872,0.009099456114110633,-0.03167833675228529,0.0641975416352207,-0.02179378568112984,-0.037776323404239316,-0.07556151710514819,-0.0008383081024125324,0.051353933596017434,0.010876108241968087,0.03027281687688612,-0.04948514923120172,0.04400256709639762,-0.01299046735986303,-0.0362582361064314,-0.019347581985605863,-0.027380398710705457,-0.05101272739619633,0.023977611702283557,-0.013676117199022984,-0.002772384502635229,0.1242784405977529,-0.04692937857674037,-0.023703982142662738,-0.013676117199022982,0.11212790762777715,-0.05548966636743506,0.08978936240140441,-0.028613059857704234,-0.0020545604441634994,0.07356254020726107,0.018933867563400292,-0.020121711902563923,-0.013676117199022987,-0.04996268179298022,-0.07943930632861368,-0.8652668096676653,-0.06156362889713078,1.0,0.16152908628421422,-0.01580543044322741,0.057042417038099646,-0.01981851040400832,-0.20028314621657048,0.09399337000370753,-0.19752053809102413,-0.058876235027328805,0.034228135731653474,-0.02370398214266272,0.03625838778935854,-0.060046894156021005,-0.019818510404008352,-0.03625823610643141,0.07461759247602374,-0.052134085140060196,0.1198658826787265,0.025776171527149058,-0.03647803917688242,-0.013943182162983563,-0.0024930766427823576,-0.026214302168167884,-0.01934758198560587,-0.026513613350871938,0.05011663395296929,0.00454882023308844,-0.019347581985605867,-0.041141299784886884,-0.002054560444163528,-0.0020545604441635132,-0.13361608186728433,-0.023703982142662693,0.13489704706443673,-0.027380398710705457,-0.010584674222830387,-0.004130467114503973,0.12686269040813722,-0.13598751704829884,0.15741524649572072,-0.05057479503516613,0.011219612737209861,0.06252365981324255,0.012064013747872434,-0.04330826501572581,-0.10765121490750608,0.06588151445961464,0.058325828972245884,0.03501400917856836,-0.03625823610643139,-0.013676117199022987,0.0848772806940965,-0.003570895351722572,-0.013676117199022992,0.03556270958949248,-0.01934758198560586,0.4018046693400018,0.17562204077516455,-0.0020545604441635076,-0.22616894576794555,0.21844075618363196,0.021619119962216472,-0.19243162693092927,0.2266893745715316,-0.014197546744607333,-0.0020545604441634968,0.1984916218381158,0.02638571899566813,0.06001837260644267,-0.05611737812431415,-0.019347581985605863,0.007672970056952914,-0.004660897209224012,0.02131224718875364,-0.0035345245638462425,0.0342216122500186,-0.023500629006800885,-0.019026639246914945,-0.03701157195952208,-0.035437303703327,0.007847063970672781,0.04535434226455682,-0.1084807756969696,0.00454882023308844,-0.02906987083207971,-0.0720460102199542,0.2642673301039238,-0.057699785781038,-0.006895443083654229,0.09882911438025878,-0.004130467114503977,-0.06436906391829642,-0.0045923157864613175,-0.004157402595848439,-0.0433816892101138,-0.04036967025528619,-0.030622734239199097,0.00823875860554617,-0.02774406607532419,0.05379664574182305,0.008723838975723893,-0.02857703400629992,-0.04960530783881641,-0.023514535568915224,-0.025584719275155838,-0.09914850819819333,-0.10652201523772206,-0.05298909125314484,0.13368940742795019,0.06947037717238987,0.052327130747425156,-0.0007188678998581271,0.0021340002202007826,0.03168718219722564,-0.013676117199022987,0.013852392808622332,-0.05825495661632942,0.02587097365472041,-0.0026571892435726034
GarageType_Attchd,0.16238807487742957,0.09094044132569236,0.24280686160507917,0.37528376402852226,0.2225552831715471,0.11976661050091711,0.05526268199603901,0.3150170957272282,0.2889831742890287,0.07166857046031352,0.3350733906091022,0.044295793901795076,0.1616708703040147,0.09270722014841778,-0.0012406041855260025,0.23219245725423848,-0.016300381775748912,-0.04724215412245098,0.26486690056554846,-0.26213129032348664,0.042872038495670194,-0.1279440212028999,0.002556377676682218,-0.02637904829146409,-0.138761439973415,0.027120270551573743,0.032908614495030734,0.047736749189797846,-0.03578522245913222,0.09821536140057652,0.011283055470166215,-0.016649164036260124,-0.016787570915486296,-0.05811336694575216,0.03874309925986897,0.027095980340908158,-0.10246516854901476,-0.1823506858872177,0.07086070557737448,0.12447659077017457,-0.08783157610577465,-0.08613381235146828,0.016148471440732302,-0.12895571768582437,0.05261083151734364,0.06450718849188025,0.02962482838394349,0.039254518812981996,0.14145924703463225,0.08955664359640363,0.056875018214249805,-0.23991766699169925,-0.113941053866515,-0.014424449507216575,0.05524682898983316,0.024309906350939176,0.04116751363475484,0.0564026256591722,0.06374274803305437,-0.03617210982868638,0.07638998156432147,0.05430381211285298,0.020595560398162373,-0.06923015731184204,-0.010168111503786395,0.027095980340908186,-0.030922202515724435,-0.04287203849567027,0.08225100380033255,-0.035785222459132196,-0.011764659440747963,-0.03578522245913221,-0.03578522245913222,-0.05062529922240401,-0.041799998727065975,-0.0843100808849064,-0.08508854194048013,0.09505528229297172,-0.060752773579959875,0.22165248663589318,-0.043048306851740964,-0.10247338364806614,-0.04639780958256328,-0.037502204390393444,-0.016300381775748923,-0.049436955441597305,-0.10247338364806606,0.06775152739413763,-0.011643701941844047,-0.011764659440747935,-0.033303170474334134,0.01915318426046092,0.0191531842604609,-0.03578522245913221,0.01387790852871819,0.01828370012510135,0.024529084480293718,0.0191531842604609,-0.011764659440747914,-0.004492978953653933,-0.0357852224591322,0.07374791309077912,0.08164123512046201,0.019153184260460906,-0.1900444719947869,0.08595573181723885,0.027095980340908186,-0.11394105386651496,0.16106427480077562,-0.13700183898882592,-0.03190375249284668,0.0014565830432235398,0.009163892715551729,0.030088330241807053,-0.0357852224591322,0.08628999734260105,0.07897405077198241,0.025901599453609533,-0.18853486136918096,0.019153184260460903,0.09946533669840366,-0.03092220251572441,-0.14058195743814825,0.16237206770144438,-0.14017550359911018,-0.07900819454866283,0.18466092963385244,-0.2197790711502751,0.07940669417441056,-0.03125525132297901,0.21977873407121423,-0.22256775729778697,-0.012977730519032938,-0.06276259493503089,0.01915318426046091,0.06564652989552319,0.002991170504323513,0.20416797883243987,-0.05236867773615684,-0.020404997503682184,0.0014565830432235656,-0.12965123790137062,0.2224079805947747,-0.2385666992725472,0.025512603394254155,-0.01176465944074797,0.048354726600701683,0.12802369717577325,-0.0067293826806651205,-0.15238834557788086,0.017130805829343593,0.23442860778890517,-0.0668443531302065,-0.05310864559273751,-0.1793151376979236,-0.004788728235604829,0.02773979319098267,0.016760547221718828,-0.0241722645992732,-0.013006429591898168,0.11626713859464748,-0.10061530727993162,-0.011643701941844047,-0.011764659440747924,-0.07164414026463065,-0.06318435656110863,-0.04251097741251475,-0.03578522245913219,-0.09089245645364807,0.17412381024783838,-0.09160928614164367,-0.03028388327179672,-0.0357852224591322,0.15627333392231543,-0.04816631970085117,0.17973814104817007,-0.18328118352730652,-0.030922202515724452,-0.011889200748868118,-0.05857842549475828,-0.03949024455458104,-0.0357852224591322,0.08044352429566996,0.04356219309207875,-0.1850518194529146,0.012026602329477692,0.16152908628421422,1.0,-0.15695536939451524,-0.34617495760567424,-0.10765121003534542,-0.8208938250696776,0.30476930950837383,-0.40559849936845166,-0.20365636716500732,-0.0017577290659981683,-0.06202434958681689,0.19980010760495487,-0.19542615233929567,0.020891302706941103,-0.09487408057142682,0.1961298442021974,-0.07640284370067867,0.14738759562458903,0.027095980340908186,-0.010848324077925147,0.02152239182921917,-0.021809417486112793,-0.019365317807505885,0.02709598034090817,-0.018283700125101273,0.0191531842604609,0.010848324077925152,0.027095980340908196,0.0025280866009001783,-0.05552515383613721,-0.006319251195311565,0.0962583849644049,0.03319704935824377,-0.06486638596305468,0.010848324077925143,-0.028916749056562562,-0.025069537250178877,-0.02749701486098152,0.09543879731268293,-0.20024024798997458,-0.1788169423992107,0.03806097276034103,-0.0029703825175330318,0.029971487372947452,0.08244345718572213,-0.11088786591805082,0.13955923346318255,-0.08038351696183663,-0.04440848509993808,-0.0532588912566355,0.019153184260460903,0.1670282401322171,0.01752410110642098,0.019153184260460903,-0.0006921278045615462,0.02709598034090815,0.16660932142744253,0.03250773722080943,0.04288665144551431,-0.21803219604706456,0.2381920526914909,-0.06280983382882521,-0.22938178400261525,0.06745760758492338,0.08767375328010865,-0.05552515383613726,0.025406736450996288,0.0029222054099392047,0.10431015718769687,-0.10689518297742268,-0.011764659440747921,0.03977532041747607,-0.01686778450056307,0.020227212347221694,0.0046454120943207515,0.00456992124953659,-0.029072777048872712,0.01315557349391564,0.01389025010180037,-0.05389832412788808,-0.0029111634044327447,0.02605114703339255,-0.14864205211084225,-0.016649164036260156,-0.06075570352306435,-0.21112587361202667,0.1290758863433402,-0.17436530497504896,-0.10246516854901487,-0.005735946722860675,-0.049800296969949844,-0.08431008088490642,0.18415901796102715,-0.1488005759946264,-0.008952165709772874,-0.0358767213381024,-0.00631925119531156,-0.03638677011588012,-0.0825767464399642,0.19186948564367898,-0.04619285822648361,-0.09321417231550326,-0.09889835402855461,-0.027491242971768384,0.05261083151734364,-0.11070918322619269,-0.10707045557420022,0.08414109578036288,0.08840890335083747,0.039542619472320614,0.01398082749533026,-0.07014680605451314,-0.08759009459783372,-0.06923015731184193,0.019153184260460903,-0.021675155297682762,-0.0035980653126181784,-0.017593498360829414,0.026596677504537897
GarageType_Basment,0.03892012304923382,-0.0009556262521876086,-0.02573427399378238,-0.04345380571772514,-0.03966371231635117,-0.009842071581115127,-0.03909714197871846,-0.038615347851072665,0.05484526416886649,0.011461079930827732,-0.08123067410204603,-0.017068208893074328,-0.04435832235875591,-0.026054903494939243,-0.004536637274681394,-0.029424968522136784,-0.0247864531106376,-0.012087074662618075,0.0003141492313411572,0.0027642614771594223,-0.087092035424939,-0.019518459627346857,-0.01951845962734688,-0.009535880696158457,0.01207034757095413,0.0116082519791633,-0.0182574897629416,-0.061109268308146676,0.22799616602592432,0.01912559641810005,-0.0209422171322442,-0.006018581117345407,-0.04970279878400488,0.09242236159877405,-0.010883841802858606,-0.004252859603513766,-0.01208707466261806,-0.02335526503608662,-0.016056552984566635,-0.03885570486931137,0.07690106314944133,0.16027308988528252,-0.0007501786169787934,0.019938100305719502,-0.01246338770955263,-0.02139830351091563,0.001203803967480789,-0.00904341286789053,-0.02634316848869156,-0.019518459627346843,-0.027094371583252015,-0.033258314357793244,0.03142906670726126,0.001019031230022049,-0.023564148352118237,-0.02872768759554122,-0.015156148919745255,0.019186951352936646,-0.01000476656374959,-0.027829486081141927,0.028171294007847944,-0.008523274889703206,-0.01318528799444829,0.059884990293065724,-0.015461688105201207,-0.004252859603513767,-0.006731290219724534,-0.007376294233612978,0.011699209446474292,-0.0030061951106818566,-0.004252859603513767,-0.0030061951106818557,-0.0030061951106818557,-0.004252859603513767,-0.016912567486866942,-0.022067094482189405,-0.02000295291823264,0.0341581129323809,-0.011298601240319239,-0.041676196787235914,0.07334502339297229,-0.010004766563749589,-0.04977322803012152,0.0583920322031442,0.18032897263083275,-0.012411502290252377,-0.010004766563749585,0.019461924503208626,-0.00797004957758692,-0.004252859603513765,-0.03023479900733673,-0.0030061951106818557,-0.0030061951106818557,-0.0030061951106818553,0.05988499029306577,-0.006731290219724528,-0.007376294233612976,-0.0030061951106818557,-0.004252859603513767,0.0448397184293171,-0.003006195110681855,-0.023977332750316577,0.0018675378565663652,-0.0030061951106818557,-0.03147298466623276,0.013728108746100866,-0.004252859603513765,0.03142906670726128,-0.04682387897907083,0.04026204078640806,-0.015461688105201231,-0.005210455144831116,-0.007970049577586926,-0.015156148919745272,-0.003006195110681855,-0.02377149072293617,0.022629824918554555,-0.009535880696158463,-0.030499991102722893,-0.0030061951106818566,0.023497157246532174,-0.006731290219724524,0.030234799007336808,-0.04523932716769017,0.043096329790175664,-0.01877097408783233,0.02900066131836349,-0.016609991022004278,-0.014226575624602182,0.050716277747899115,-0.06855046423798017,0.06488264545061932,-0.01605655298456661,0.0020145124437696785,-0.0030061951106818553,0.005844928069946904,0.03352230897608696,-0.04160594226086495,-0.014844761037798151,-0.007376294233612972,0.12825032575786066,0.02151378793641961,-0.0005194366815038632,0.01298824369679915,-0.024786453110637572,-0.004252859603513769,0.010389956138094488,0.06815947322405905,0.011632889408769252,-0.07631689075058586,0.0014812118893912701,0.020860414250642216,-0.026532553877981733,0.0056535661440657555,-0.03987443690945333,-0.01746183151297486,-0.011298601240319209,0.013886257187379986,0.041541449240804565,-0.015986761542945496,0.017189201218528058,-0.012829166230586896,-0.007970049577586909,-0.004252859603513766,-0.006018581117345407,0.0121586493633452,0.06289801427499689,-0.003006195110681856,-0.02084222544604656,-0.01871276433347852,-0.015761719592135855,-0.005210455144831115,-0.0030061951106818557,-0.05126238508173534,0.05593956654816085,-0.057035826742492024,0.04151924749434523,-0.006731290219724528,-0.016912567486866918,0.06241406202265789,-0.011699209446474316,-0.0030061951106818566,-0.04064184692387535,-0.017461831512974837,0.02834716589121556,-0.013532516392855156,-0.01580543044322741,-0.15695536939451524,1.0,-0.029080983531209158,-0.009043412867890514,-0.0689605047483401,0.006775482254344942,0.0008791531493362871,0.04661406211477664,-0.011298601240319213,-0.005210455144831114,-0.03197949016357287,-0.017995810034866735,-0.009043412867890522,-0.007970049577586916,0.022286183195229722,-0.01663172971912313,0.012358394067746423,-0.004252859603513766,0.006018581117345218,0.009519001568378649,-0.008374448987809997,-0.010004766563749582,-0.004252859603513768,0.006731290219724263,-0.0030061951106818557,-0.006018581117345412,-0.004252859603513766,-0.009043412867890524,-0.006731290219724539,-0.006731290219724531,-0.012834250892368585,-0.005210455144831115,-0.04440068241411522,-0.006018581117345401,0.1234216535803916,-0.01353251639285514,-0.056546948163797864,-0.013536820302969071,-0.05138114254116397,0.005068753205573213,-0.014844761037798209,0.05565272763362954,-0.00797004957758692,-0.02162321447099043,0.03288750725667705,-0.05422409853566412,0.03814628454060246,0.036886423543976476,-0.007970049577586923,-0.0030061951106818566,0.004287538332915731,-0.011699209446474302,-0.0030061951106818566,0.025464473904986625,-0.0042528596035137645,-0.04206136857542104,0.10103617673927648,-0.006731290219724526,0.030900530181150944,-0.024140647942316615,-0.01746183151297486,0.04447229323964542,0.003372720951974044,-0.04319652643452607,-0.0067312902197245285,-0.06224175669150376,-0.01045324554841355,0.025379300547503564,-0.02478645311063757,-0.004252859603513768,-0.022067094482189402,-0.008837688887069083,-0.0375432589226904,0.023448916986410242,0.027264628970375474,-0.03369208197671963,0.009004917292780728,0.005357701083537313,0.02126323609063825,-0.0274638561971991,0.007126000259917996,0.031387674692246535,-0.006018581117345409,-0.010453245548413544,-0.017714654760261066,-0.05827258638632432,0.03711688902353202,0.04596269180916615,0.10041492353990761,0.038460836063904005,-0.022067094482189405,-0.028904746691404307,-0.024384669950548145,0.21029126377317875,-0.016631729719123144,-0.006731290219724536,0.07801428233426791,-0.023144798406733783,-0.020517655342245686,0.011523202964012862,0.023174587967171846,-0.026152687548212598,-0.01420288947559946,-0.012463387709552671,-0.006365846878024119,0.05288118512390686,-0.04372132200522734,0.024857795966410898,-0.02592539800426602,-0.026720867595239606,0.013297018044773188,-0.012829166230586898,0.05988499029306569,-0.0030061951106818566,-0.0040719625915484,0.015536760362525541,-0.02003974395304614,0.05065913312806871
GarageType_BuiltIn,0.06599597731712373,0.037552271027332884,0.1982992724063371,0.2015466529162871,0.1840431157452749,0.11570558724617118,0.06346516984483964,-0.031858703115287317,-0.03559786096794929,0.2834008852232358,0.17251779674076353,0.12632712595933673,0.09992686731486744,0.09124367296161356,0.032803278929129716,0.23544865016730768,-0.012806858893579066,-0.026658804824899816,0.08190260775827708,-0.07380377850550619,0.016268881742997898,-0.043049192646868344,0.06147157442257913,0.1185439197979527,-0.10006686721105602,-0.00021677891856284064,-0.021710170268820026,0.03784536810778979,-0.006630352749378732,0.015645205944021728,0.035334428642883116,-0.01327435990995901,-0.021858684841840913,-0.0128068588935791,-0.024004998932028315,-0.00937994984579808,-0.02665880482489984,-0.03677663359730091,-0.014429949007617515,-0.00038953957067138596,-0.032508497277216414,-0.03449327440714776,0.23201163873809996,-0.04083783333452704,0.026165797216073254,-0.031215448738793027,-0.0762153219762391,-0.019945816942927793,-0.031691737141994344,0.026631318732763285,0.17200807829844184,-0.0625834136745641,-0.01124391032072201,-0.032279028939996776,-0.02274284868171597,-0.014467142338601986,0.07749181437254349,0.030901858015414358,-0.022066143098011845,-0.02366321197212933,0.02556914444375907,-0.018798619855993442,0.02170638005200292,-0.02206614309801186,0.03118042559633436,-0.009379949845798081,0.034416387365727885,-0.01626888174299813,-0.03127678018146125,-0.006630352749378723,0.06843099773866328,0.10337322695622295,-0.006630352749378732,-0.009379949845798081,-0.01733819569412793,-0.03314179739473927,0.023970967641371924,-0.06297799281033183,-0.024919777007052835,-0.24611874372565845,-0.018798619855993414,-0.022066143098011845,0.26369886843891166,-0.022526028460936886,0.11277681712256192,-0.026274676408609123,0.011215436367997746,0.0200255783061792,0.024084754714818336,0.06843099773866329,0.012341009748453586,-0.006630352749378725,-0.006630352749378728,-0.006630352749378732,-0.022066143098011855,0.03441638736572783,-0.016268881742998138,-0.006630352749378732,-0.009379949845798083,-0.031866501028734125,-0.006630352749378731,0.0621834514635825,-0.07518627104692314,-0.006630352749378733,-0.07449654248575321,-0.060583372644876086,-0.009379949845798086,-0.011243910320722002,0.18646637339994654,-0.06957936044254352,0.009419707923940404,0.05206218422898237,-0.01757844656910913,-0.011243910320722052,-0.006630352749378731,0.04905337734895319,-0.06993606627497567,0.01386199062153477,-0.08868301926851858,-0.006630352749378725,-0.07341611901394625,-0.014846284746000271,-0.012341009748453554,0.17325627781468766,-0.06632749186319285,0.0670530701167804,0.044877624898340074,-0.0971670795371055,0.10465952771365024,-0.02491977700705281,0.14389684234022287,-0.1874629776258832,-0.03541373939718085,-0.03645389599162436,-0.006630352749378727,0.050389682119204034,-0.14639841304029508,0.1911996290115623,-0.01010756081717142,-0.016268881742998096,-0.011491987154223548,-0.039690893022213916,0.11504462738170779,-0.17499724721138482,0.0430081082247059,-0.009379949845798085,-0.013509910900203828,0.01917143186728865,-0.020071847451916317,-0.03532482598757446,-0.06598985446588307,0.030594910580693253,-0.05851921950369136,-0.07017620782001094,0.12866198783133495,-0.03851316974398926,-0.024919777007052838,-0.04567920022999781,-0.01913451846400776,0.06351132092568527,0.037911866450026456,-0.028295534540309652,-0.01757844656910916,-0.00937994984579809,-0.013274359909959014,-0.047195306788806214,-0.05059096723163732,-0.006630352749378726,-0.125163535921984,0.06681281303625729,-0.013402076871506132,-0.011491987154223554,-0.006630352749378726,0.0569242516174736,-0.04195652827112212,0.0861866071585576,-0.15139103558962166,-0.014846284746000282,-0.03730173332301336,0.0181414440229622,0.002736718265877854,-0.006630352749378726,0.023099568381257318,-0.01915048798564756,-0.042234344027119404,-0.029846817644190934,0.057042417038099646,-0.34617495760567424,-0.029080983531209158,1.0,-0.01994581694292781,-0.15209673870868423,-0.009114188035775999,-0.20959542103037324,-0.0466946958271456,0.004611776913642871,-0.01149198715422356,0.042318486843748185,-0.03969089302221384,-0.019945816942927793,-0.017578446569109153,0.049153581381527284,-0.03668232792950691,0.06531004430155095,-0.009379949845798086,0.013274359909959241,-0.003885393487233023,0.0358630136464464,-0.022066143098011838,-0.009379949845798088,-0.034416387365727795,-0.006630352749378731,-0.013274359909959023,-0.009379949845798083,0.016822987017519872,0.08367905947745595,-0.014846284746000265,0.12112247386237777,-0.011491987154223544,-0.0880898286789522,-0.013274359909959005,-0.02305529175920137,-0.005087525734805285,-0.05406091511886981,0.11793465000946896,0.27285786699473197,-0.04559047123059583,-0.010107560817171419,-0.010554108173435146,-0.01757844656910914,-0.03186650102873418,-0.11759088103158916,-0.03737708741634448,0.22144581933730628,-0.006423523088852781,-0.017578446569109132,-0.006630352749378725,-0.061267991415603816,-0.025803343649705494,-0.006630352749378727,0.002252010543721217,-0.00937994984579808,0.1726914536266101,-0.009952001991731747,-0.014846284746000254,-0.17475391471723536,0.10207262651157334,0.25192705663113657,-0.09430882117281257,0.0019400336665734218,0.1667151939092976,-0.01484628474600025,0.25536279032355347,0.008820395710906549,0.028661327075429715,-0.026760600673150316,-0.009379949845798076,-0.0020846573457537956,-0.015405907789022913,-0.04383114322201358,-0.010757041321222021,-0.017102943501057254,0.014872861381315654,-0.034875066574347253,0.01703482365217386,0.03170318835154121,0.04119539687373199,0.03571588208466659,-0.056405994505534934,-0.013274359909959016,-0.023055291759201343,-0.05481907599204663,0.32789410760965226,-0.03793196386093133,-0.02665880482489982,0.1105721179176808,-0.0050875257348053085,-0.033141797394739256,-0.06375124023536131,0.002871473690799237,0.013861990621534764,-0.016395888998794697,-0.014846284746000308,-0.03342784149403847,-0.021330774433607924,0.1306127967373286,-0.06997951372190346,-0.06922176130884203,-0.031098431768610577,0.015921571197118588,-0.027488786962953378,-0.056006139451021314,-0.09256115453318972,-0.0981256198627123,-0.012606334034746768,0.10100708139032391,0.07143582699821668,0.11685823682652648,0.2325092661468881,0.07777859530001696,-0.006630352749378725,0.008058240468318711,-0.01646727518162462,0.01792690958626244,-0.004855131610630275
GarageType_CarPort,0.023335071866077833,0.009136370800787252,-0.10060080183776247,-0.0563461608166788,-0.06520839366690974,-0.03608677624601388,-0.07047030453078881,-0.06261165451400702,-0.006558505713960137,-0.023757985377617835,-0.06323439091020469,-0.007976503738586058,-0.0033663674412306318,0.001064561084950938,0.0372047472467859,-0.0703706264869265,-0.017000321047555857,0.07576303091769446,-0.023462625101995108,-0.00844227921162847,-0.13172631152470446,-0.013387154609718939,0.03958099100055117,-0.006540388517157799,0.005411112193355522,-0.014830745909717495,0.043905317835023855,-0.06017017285072074,-0.0020618634616685473,-0.020659800602755112,0.03521306152771003,-0.0041279730822687925,-0.009456715969714046,0.11028413397517002,-0.007464916583809145,-0.002916915070792693,-0.008290179674884499,-0.016018709978065766,-0.011012731609331219,-0.026650019442430117,-0.01498363344308781,-0.021355910608225396,-0.01883667544009813,0.09865932860967135,-0.008548282057815841,-0.014676485898762373,0.039094099383265746,-0.006202618883528599,-0.018068027713308194,-0.013387154609718942,-0.018583256484542322,0.009936324029814888,-0.010395170149199662,0.061588762194830365,0.028275850682068615,-0.019703501339951367,-0.010395170149199634,-0.012874475603431471,-0.00686198395673645,0.05736708387788828,-0.07042488294092371,-0.005845871083480673,-0.009043412867890527,-0.0068619839567364525,-0.010604730759674018,-0.0029169150707926937,0.1451727086733398,-0.005059189774064039,-0.07875558544433668,-0.002061863461668546,-0.0029169150707926933,-0.0020618634616685473,-0.0020618634616685473,-0.0029169150707926924,0.04910186357977547,0.1737312897692795,-0.013719454735665966,-0.022920149403510483,-0.007749388249152313,0.009182426661329133,-0.005845871083480674,-0.006861983956736456,-0.014127384020815217,0.04297992398264384,-0.01700032104755583,-0.0007107272308559978,-0.006861983956736452,-0.016823376520082457,-0.005466429625050504,-0.002916915070792695,-0.05556153808273659,-0.0020618634616685456,-0.0020618634616685447,-0.002061863461668547,0.09433495116281111,-0.0046167999224737055,-0.005059189774064053,-0.0020618634616685473,-0.0029169150707926933,-0.01483074590971752,-0.002061863461668547,-0.016445368476077724,0.015390018806888946,-0.0020618634616685477,0.015748917561568432,0.04461015868120505,-0.0029169150707926937,-0.010395170149199653,-0.05814003096900129,0.04349066084346849,-0.010604730759674053,-0.003573702533018035,-0.0054664296250505175,-0.010395170149199653,-0.002061863461668547,-0.016304187302033715,0.01816181795217688,-0.006540388517157804,0.01684478668444667,-0.0020618634616685464,0.033213627798292206,-0.00461679992247371,-0.01060473075967403,-0.057183913065582244,0.020122116941097532,-0.01287447560343148,-0.052147624887894116,0.028987637270750082,-0.024414083236505662,0.17183960927088537,-0.03725340394489873,0.007485118530962318,0.05279118961933366,0.002916915070792721,-0.002061863461668544,-0.024143845068993443,0.05458482737728908,-0.07025777889497967,0.12745852417094639,-0.005059189774064048,-0.0035737025330180357,0.04486514455589862,-0.014338781020121488,0.013522310106898524,-0.017000321047555868,-0.0029169150707926963,-0.010179571952196285,0.005272961428113252,0.009695267876338762,-0.0020408867906584376,0.03153535773284028,-0.030523080213023607,0.06158876219483043,0.005478220460694645,0.0022744963325099948,-0.011976572060304157,0.08204511051086669,-0.014205017059054543,0.07729939106071737,-0.05449042354707874,0.011789582719304345,-0.008799159109975205,-0.005466429625050503,-0.0029169150707926954,-0.004127973082268793,-0.01467648589876238,0.012124800512975598,-0.0020618634616685456,0.06462311078440319,-0.014701860086746184,-0.010810513796863638,-0.0035737025330180253,-0.0020618634616685464,0.024099160947693283,-0.013047365033300241,-0.0644882571907543,0.07821911218470563,-0.004616799922473709,0.049101863579775404,-0.012160942758675602,-0.008024153988668275,0.3324182092090071,-0.0479321549206837,-0.01197657206030415,0.007992319895278011,0.06600225365448824,-0.01981851040400832,-0.10765121003534542,-0.009043412867890514,-0.01994581694292781,1.0,-0.047298042809527596,-0.050216344751499276,0.08365578348548403,0.08362910481731457,-0.00774938824915232,-0.0035737025330180284,-0.065645773439107,0.04486514455589866,-0.006202618883528594,-0.005466429625050508,-0.03150021901567049,-0.011407228922153623,-0.008292502544884091,-0.0029169150707926946,0.004127973082268731,-0.015434471674407814,0.023993586055954825,-0.006861983956736435,-0.002916915070792695,0.0046167999224736396,-0.002061863461668547,-0.004127973082268795,-0.0029169150707926933,-0.006202618883528606,-0.004616799922473711,-0.004616799922473714,-0.0237815089356724,-0.003573702533018034,0.004901825493574566,-0.004127973082268782,0.08975255627253452,-0.009281566920162389,-0.03158254587399508,-0.024099160947693387,-0.0157167319112892,0.01797101016300509,-0.010181598084661448,0.009219550355897686,-0.005466429625050512,-0.014830745909717537,0.056814599545405284,-0.03441306050852203,-0.03254948514666901,-0.009514079999909846,-0.005466429625050511,-0.0020618634616685464,-0.011145331024841502,0.07875558544433679,-0.002061863461668547,-0.018962386695510234,-0.002916915070792693,-0.05294322244279672,0.009456358029216367,-0.0046167999224737055,-0.00012059959554163482,-0.012867855258245934,-0.01197657206030417,0.014605466764225866,0.01624621304659101,-0.029627265113257206,-0.004616799922473713,-0.023572546221629107,0.08975255627253458,-0.14869848506917296,0.15271228564941206,-0.0029169150707926924,-0.015135190545797247,0.011687813986011809,-0.025749850210853232,-0.00650014404110233,-0.012937584518296148,-0.034407272111878086,0.039462576758465526,0.06940623533309692,0.016508846252093198,-0.018836675440098184,-0.016161977085229668,-0.01754076494662173,-0.0041279730822687865,-0.007169582897510173,0.003296702036789727,-0.018283165391796138,-0.016304187302033753,-0.008290179674884511,-0.01601870997806573,-0.009281566920162392,0.1737312897692795,-0.019824941122425534,-0.01672474944065702,-0.006540388517157788,0.05027630524949182,-0.00461679992247372,-0.010395170149199646,0.07448260645217933,-0.001075258880534385,-0.012815119559047279,-0.006642123939900085,-0.01793738227052828,-0.009741356692318301,-0.00854828205781587,0.014126980485972355,-0.01555913894866885,0.029814891502750785,0.02035626908498713,-0.03018520640900639,-0.018327080754985098,-0.01436366926347285,-0.008799159109975188,-0.006861983956736445,-0.0020618634616685464,-0.000588165632476726,-0.018835623661912843,0.019012812875922235,-0.002122131496810983
GarageType_Detchd,-0.22458619057306925,-0.126094497278607,-0.33722733413817857,-0.48713016719763996,-0.3109212458321846,-0.18201096087454247,-0.07567781107489158,-0.307182366881789,-0.31105894201022616,-0.2315499494123212,-0.4173384506504623,-0.12959773422965776,-0.21488105584891665,-0.1442694247513615,-0.02096503734927975,-0.3541407884127035,0.03589401129523932,0.04112354358632202,-0.32327990569609355,0.32314732125340456,0.014321684225867952,0.17031962415280633,-0.0363311644917802,-0.031058301241862783,0.19263513137491867,-0.036294573570460904,-0.03544842367463309,-0.03847174080451975,-0.015722730689834118,-0.11328174113323544,-0.030403950536068314,0.02789896452946846,0.03855266337323046,0.013321754371599954,-0.02388509363205336,-0.02224292294606093,0.13055806240861076,0.2274419610595265,-0.06134793056869939,-0.11633053366813963,0.08858917354840846,0.07675382653984258,-0.13677956932723878,0.14013675447920385,-0.065184886950281,-0.06021587427594281,0.0015455363436638536,-0.027471702728588628,-0.12353707970306718,-0.10208368815142138,-0.1417065399714331,0.29644691213569263,0.12408462693193886,0.0239469342936569,-0.044438326801396116,-0.005245757286840631,-0.07926832390666931,-0.08842759443290917,-0.05232602825330677,0.05104300590869789,-0.09471813693502334,-0.04457766404118502,-0.027882439904367656,0.07329577319108949,0.001269815119388027,-0.022242922946060936,-0.00864214934936986,0.05844975070371613,-0.06192599229194963,0.04359299749403618,-0.022242922946060922,-0.01572273068983412,0.0435929974940362,0.06167094656621029,0.04072140354499506,0.06879836453554616,0.08813380885968096,-0.07066687075756381,0.08422214334839584,-0.10068351052725219,0.03950940249645081,0.12713368809583103,-0.07738750652202848,0.03152248504548859,-0.0844913589641707,0.06968889683672361,0.10918771646091716,-0.0852762176759323,0.003246723351782468,-0.022242922946060943,0.04566512347064898,-0.01572273068983411,-0.015722730689834104,0.04359299749403615,-0.03438005661839292,-0.03520538734953832,-0.01432168422586791,-0.015722730689834118,0.019714011810074688,0.014903568857435585,0.04359299749403614,-0.10213683786454945,-0.0468703814010329,-0.01572273068983412,0.24155332452665493,-0.07487056878102574,-0.022242922946060936,0.1240846269319387,-0.248483611555237,0.17115905393849093,0.036471019061915695,-0.02725125282871567,0.0032467233517824907,-0.01945863248354933,0.04359299749403614,-0.1086928687684544,-0.05280286046463892,-0.03105830124186269,0.2469162946212426,-0.015722730689834118,-0.08190770847929854,0.04448432665096699,0.14207463088949898,-0.24347827983918252,0.17615192901758805,0.057772338987044855,-0.22572029539194113,0.29381946759247823,-0.1367858632617178,0.004602660514507032,-0.2840756666938816,0.31611578094120196,0.029170491493252185,0.08431619628390523,-0.01572273068983411,-0.0939937809951299,0.0499264042442025,-0.29208451187630025,0.04440377384477434,0.034192605727188,-0.027251252828715718,0.149362182726057,-0.2915096249862628,0.336313076168122,-0.03934684511689198,0.019714011810074723,-0.04263823944929693,-0.1694135858937074,0.016091985032919864,0.20377740869013694,0.003958340888686062,-0.26365073444959486,0.10176720235438723,0.08491872304024868,0.13379228456348782,0.023520122182927594,-0.027245132619048568,0.007167807385654522,0.0138657435910308,-0.004881811412182954,-0.14327311395086748,0.11572132599488423,0.025712202468381375,0.019714011810074667,0.08727576950472192,0.08626633679226274,0.05065656765838606,0.043592997494036195,0.1586944924142182,-0.20648476827903084,0.11337744573766137,0.04128764317460016,0.04359299749403619,-0.18228650418353712,0.06412010574465044,-0.20682667815348346,0.2488410086166912,0.044484326650966924,0.029956737751822376,0.030741927673859092,0.04653672442024812,-0.01572273068983411,-0.07675382653984268,-0.02868325025105582,0.21526674375028867,-0.00402347297986657,-0.20028314621657048,-0.8208938250696776,-0.0689605047483401,-0.15209673870868423,-0.047298042809527596,1.0,-0.3178821663245855,0.535309351685475,0.2112756358136329,0.004602660514506984,0.0755570911762581,-0.21337916729998135,0.22037783787657078,-0.007645362647649719,0.115574118934777,-0.23190794406969648,0.10991225655790349,-0.19318624939305362,-0.02224292294606093,0.0017894379581582485,-0.019024566145614142,0.004834480784625617,0.019457858286348318,-0.02224292294606094,0.03520538734953828,-0.015722730689834118,-0.0017894379581583333,-0.022242922946060926,-0.007645362647649676,0.017921088650798618,0.017921088650798576,-0.1589147447133859,-0.027251252828715718,0.124431930568483,-0.0017894379581583077,-0.003107947538726692,0.022677756795611924,0.08269288240804375,-0.15603663976948587,0.08690402742756269,0.21251450589406531,-0.04102667959904983,-0.010029902183383467,-0.019218755764816492,-0.061893644784409084,0.16991692117288615,-0.10954967363992882,-0.04158596208902168,0.03171756362013266,0.07064316070157917,-0.015722730689834107,-0.14827073150710326,-0.015020347066557955,-0.015722730689834114,-0.008220018361062773,-0.02224292294606093,-0.24759479012076815,-0.060390403044929916,-0.03520538734953832,0.32069481539785033,-0.3001357934067921,-0.07044594819824247,0.2899165646043621,-0.07015715339098952,-0.1835421387551729,0.04448432665096696,-0.14432468903755005,-0.020295839230169935,-0.08818838315697997,0.08856261078373134,0.01971401181007471,-0.031680740721436874,0.02334021415853413,0.019046474359684335,-0.009283048595288597,0.0038444499297030843,0.033730213308624156,-0.0075051822683316945,-0.0358891851576306,0.03508270436875577,-0.006450669758743497,-0.04443832680139601,0.18802522043474118,0.02789896452946839,0.08283151091848917,0.2645511183128577,-0.29323571477633975,0.19618259663429413,0.11565230927156277,-0.07447888881324288,0.04937898657109034,0.06879836453554616,-0.15117500067510353,0.17031277941222792,-0.04987370365394562,0.03334080038736679,-0.008642149349369847,0.04035105893957063,0.07924569181389578,-0.2647005557272409,0.08706743632242268,0.13249024585991603,0.13556402324392192,0.027622614571959386,-0.03625345817769855,0.1513428262714921,0.15520911111590754,-0.029729684318926544,-0.0973406905420546,-0.09086668626785686,-0.04836587834962895,0.013555019341788462,-0.02490888538561429,0.01945785828634828,-0.015722730689834107,0.014086072799606856,0.016889753310819343,0.01621328192382462,-0.03529345847164302
GarageFinish_RFn,0.12090017910415563,0.014501504631845573,0.21867346514558633,0.31422057403422254,0.19778795968256382,0.1154053678943538,0.10503140808140088,0.16856160375619048,0.1286553524441203,0.08107578172810806,0.19341412178618178,0.23878241066770436,0.09391259564825306,0.1130202933111618,0.06171532454821591,0.16979152720952215,0.08213911041731736,-0.06711721748879099,0.1565171893895726,-0.20777921848451475,-0.006276521125401453,0.010511239415504744,-0.026071381673021896,0.002007617992858496,-0.0920769285456096,0.004552401169709111,-0.02343653265851582,0.09017631447638541,0.04105960861691347,0.03589115514982306,-0.02212722661579621,-0.004514080104900092,0.013228673235161808,-0.005770310139273983,-0.0443519712016793,-0.023615317264574654,-0.06711721748879104,-0.1064796748331298,-0.04509258804336154,0.20723704912301405,-0.08839057573082261,-0.11307972031075822,-0.025607525093055174,-0.07397350642582026,-0.026953419663881345,-0.03492562982403222,0.029150184832401106,0.026998887831111457,0.08943098275896016,0.06538517104829483,0.1131869748152445,-0.17336857061213484,-0.06086584852410031,-0.04400845885802346,0.053299560818498265,0.11000911023724219,0.020660884361391862,0.019135565754300324,0.03181042994857783,-0.029123339685645427,0.06507295323908122,0.034542796938058784,0.0067754822543450235,-0.02060856296894321,-0.04015785394159003,0.05808696521475946,0.014348735096682637,-0.04095915332349595,0.020012445216092585,-0.016692827395315496,-0.023615317264574644,0.041059608616913476,-0.01669282739531549,0.017235823975092362,-0.07295034112073069,-0.11438178394693212,-0.03957871092097603,0.07348703328192926,-0.04723475988826855,0.05486630575573331,-0.04732811788266496,-0.055554558247290456,0.06688350764551326,-0.025904555303469527,0.06748754032455202,0.0336543781890709,-0.05555455824729051,-0.013955459396630822,-0.022382771858488915,0.017235823975092414,0.0287333670447232,-0.016692827395315496,-0.016692827395315475,-0.016692827395315482,-0.02060856296894316,0.01434873509668257,-0.017341316099047304,-0.01669282739531549,-0.023615317264574658,-0.012063863099729177,-0.01669282739531548,-0.03497409532729912,0.024543920805753693,0.04105960861691348,-0.09962906568523969,0.033388207113663984,-0.02361531726457465,-0.07251252465059915,0.19966842581118205,-0.12388167355949509,-0.06300682773532411,-0.02893266244584212,-0.04425616336678451,0.02066088436139186,-0.01669282739531548,-0.03305176929060104,0.03971322992585141,0.02032713217769219,-0.10190787030956942,-0.0166928273953155,-0.005322653408532345,-0.011514417052893458,-0.08585580152905821,0.19806333813003457,-0.11030080887273122,-0.04729292677591339,0.1620716660895817,-0.19730058919376853,0.08549391362628794,-0.047234759888268335,0.2752899826160854,-0.24246888924426638,-0.06712578032693166,-0.06144459326185519,-0.016692827395315493,0.08981487121915485,-0.07697683028905687,0.20375730248811905,-0.05866472442390655,0.029894358349850148,0.004433599142569834,-0.09004958151812022,0.248843257332419,-0.2157975254141741,0.01620704499987385,-0.0236153172645747,0.053211341239165454,0.04327132196039483,0.00027771711087020773,-0.09525953758293514,-0.038937916225110926,0.14099087023927254,-0.06467280810739577,-0.028578035841178406,-0.0517727491487343,0.03518936085842772,-0.03173054463717313,0.0060902425873246725,0.019148281019316538,-0.028649296614928668,0.0851288470885773,-0.057545526243220936,-0.044256163366784555,-0.02361531726457465,-0.033420031653821715,-0.07687316153107979,-0.05559086548959381,-0.0166928273953155,-0.11520881034325178,0.16208457163644638,-0.08752181908286347,-0.02893266244584219,-0.016692827395315503,0.14110551907735233,-0.09626071973622864,0.2670061249986226,-0.20683703918835017,-0.011514417052893466,-0.041507466282234326,-0.03834442891169322,-0.06496347600916173,-0.016692827395315493,0.08915270702761252,0.065685878579028,-0.09996671551015977,-0.023148465217835847,0.09399337000370753,0.30476930950837383,0.006775482254344942,-0.009114188035775999,-0.050216344751499276,-0.3178821663245855,1.0,-0.6002734378814667,-0.11756033610615012,0.04579053161830339,-0.0289326624458422,0.0907358636551806,-0.09992729669591566,0.046302695976764084,-0.04425616336678461,0.08336007128521293,-0.060401369892469164,0.15780063574756353,0.058086965214759416,-0.024391871444021416,-0.004869322321063329,-0.022540460738407857,0.031810429948577815,-0.023615317264574665,-0.04021188724625873,0.04105960861691343,-0.004514080104900071,-0.023615317264574665,0.026998887831111484,0.01434873509668259,0.014348735096682629,0.08592341869403278,-0.028932662445842118,-0.07233521540819919,-0.03342003165382181,-0.041309979181993486,-0.036147218763235976,-0.016817914861611997,0.0856989482836764,-0.053024794326091765,-0.10426805948925964,0.08392766901488981,-0.025301677375114393,-0.0005093803501931658,-0.020371995234448312,-0.054355607411475514,0.12335627703391455,-0.062345897161539376,-0.05164612010748725,-0.04425616336678459,-0.0166928273953155,0.08023354726539896,-0.03499612214711552,-0.01669282739531549,-0.027375184339897225,-0.023615317264574658,0.11894169104838742,-0.023780757507738014,-0.037377569202469534,-0.21547769939928516,0.21791942053389138,0.014858349044694285,-0.16221142055948132,0.17926918724485072,0.05815199491196407,-0.037377569202469534,0.09521274183407676,-0.024575081955103762,0.11224609762409626,-0.10833130078863054,-0.023615317264574654,0.04866977293895053,-0.00953990408455324,-0.014091434617854672,-0.012918808079515717,-0.0364360266503426,0.005619287701225792,0.03678371980651576,0.013313192241259113,-0.036152117000818246,-0.018928892253494502,0.053299560818498154,-0.1348893803685445,-0.03342003165382179,-0.05804487640888313,-0.1754445508216597,0.1594110317793785,-0.08633080433002391,-0.06711721748879114,0.055973889576889944,0.02884654896376456,-0.11438178394693209,0.09480465371929256,-0.023865959771438523,-0.034631410376808947,-0.07105185298945016,-0.03737756920246955,-0.049219172397601436,-0.06611331687995968,0.16963277973646892,-0.03533749130285775,-0.08373502415446996,-0.07543991471038,-0.029256169070389016,0.0012155085460447612,-0.08516046704730397,-0.0791655054031575,0.0906704294514493,0.06475221911288015,-0.0002291615823646951,0.02273690346926799,-0.08204780319593316,-0.04385314222837368,-0.003135565329769493,-0.0166928273953155,-0.007574488793787285,0.004210555845810584,-0.009657070655754482,0.011247324232967374
GarageFinish_Unf,-0.21788585892467927,-0.10116271147486539,-0.5371515950329742,-0.6224276419650292,-0.46120717047676835,-0.2716417743281169,-0.1420898858406081,-0.3720254128853411,-0.32168712919873604,-0.31784213161692665,-0.44494370646762477,-0.44720813003823345,-0.2432948329381688,-0.22356828671164802,-0.026175454125950345,-0.5139062609657621,-0.10340896123375128,0.08544735139650486,-0.2412695013055073,0.3025431113203844,-0.0038789444506044128,0.031031264229452574,-0.052037393223794075,-0.044903447180024446,0.23747468837304403,-0.056544481404255074,-0.008097811720424787,-0.07702464779338583,-0.024646992422542147,-0.07921596451290404,-0.008424690034923703,-0.023089886726962276,0.02661991819409358,0.023015216140610157,0.027636637006653787,-0.034868062305564836,0.11181107350954335,0.18091513068095627,0.008443599878582064,-0.1739273657486586,0.08996995417285564,0.1522023351568458,-0.20697052118478962,0.13635180739427957,0.03853586044968453,0.03792287970624387,0.08088797761740982,0.01352231010689849,-0.07745077510880911,-0.14341291642236584,-0.21599959441644243,0.28711221811445736,0.10846592075375003,0.10154183980323943,-0.01896925396948722,-0.1422701600515477,-0.12426122517881158,-0.12803991285042107,-0.050285474776101596,0.0955682974816217,-0.11585856464615676,-0.05128951850350187,-0.02333902794558911,0.04493734386606221,-0.033376001048786616,-0.03486806230556485,-0.031696929152708504,0.04678242094971341,-0.026566403754526718,0.02780870573622113,-0.03486806230556485,-0.024646992422542147,0.027808705736221052,0.0022364354831557595,0.10885062064780973,0.18191630392239663,0.10386558622385275,-0.17679670953226556,0.09043507355666303,-0.033267964633483124,0.04166318384892203,0.0925487531871442,-0.1910693669329909,0.04903114821555862,-0.05017772865507288,0.07600773069760752,0.09254875318714433,-0.10850945117538228,0.014124822149075861,-0.03486806230556485,0.002245914891698628,0.027808705736221163,0.027808705736221122,0.027808705736221028,0.029066874092368248,-0.055188054311568514,-0.017572793798950152,0.027808705736221056,0.03934093327187652,-0.0037213918291648797,-0.02464699242254214,-0.06626703916051233,0.033214201970164794,-0.024646992422542147,0.1865535971300032,0.011822982991169568,-0.03486806230556484,0.09788741412045171,-0.384803484562343,0.24523683821046224,0.0496375620367814,0.04819913829263147,0.07372667283592768,-0.03963317211242569,-0.02464699242254214,-0.07045807117584005,-0.0049635954689328495,-0.011624750285183958,0.18411295884076914,-0.024646992422542143,0.03834599716426916,0.015285321165011679,0.1326511251223495,-0.38047631147633537,0.23473256244101598,0.07020705660352296,-0.25069558809835735,0.35335081784275796,-0.21905264301448896,0.07635282020846255,-0.4837841502672068,0.5155820574310944,0.12851816958049542,0.10246940759186376,0.027808705736221146,-0.15671989264717892,0.27163454081383426,-0.4889894980604717,0.11573519125064033,0.003878944450604379,-0.012413042506026468,0.14852605908861297,-0.3926844503376851,0.4913026118531556,-0.05683163272740774,0.03934093327187664,-0.05865848479404925,-0.1614302277511033,0.002228176665791884,0.22443764851597903,0.12486117234119225,-0.34732395868153637,0.10154183980323954,0.11211888415513539,0.09290016403768746,0.01379917910495542,0.005941553467460035,0.018747440657329403,0.026377030285258334,-0.025950674390073477,-0.14026200931175425,0.0938025796015166,0.0737266728359278,0.03934093327187638,0.055674680145385715,0.12174361299584963,0.08414720655775351,0.027808705736221195,0.3132336462771838,-0.26909494836552983,0.13561697790685884,0.04819913829263135,0.02780870573622118,-0.2563617786071519,0.15043843687944566,-0.364915740624291,0.4107583055529991,0.03877644632387178,0.07077181241831353,0.06392139623461048,0.08100422758836397,0.0278087057362211,-0.14133605597205404,-0.013900364652929417,0.19927192116820844,0.04253603082976508,-0.19752053809102413,-0.40559849936845166,0.0008791531493362871,-0.20959542103037324,0.08365578348548403,0.535309351685475,-0.6002734378814667,1.0,0.1881483348468269,-0.022222953228941085,0.048199138292631366,-0.16313310367976366,0.1574978442052603,-0.021544426582394197,0.07372667283592772,-0.14745930784343048,0.10548285578092674,-0.25790830627361017,-0.034868062305564856,0.023089886726962317,0.07727832362274725,-0.047932579908221966,-0.034415005002407593,0.039340933271876474,0.00820580399384842,-0.024646992422542143,0.003164968897153651,0.0022364354831557643,-0.004011058237747913,0.015285321165011702,0.015285321165011717,-0.25948207971427445,0.04819913829263141,0.18105108770196401,0.05567468014538576,0.06629726500173395,0.030729451930248453,0.09693406097174771,-0.2537413856401281,-0.006880235704964146,0.23270749516435185,-0.06774382298293756,-0.007632576548498064,-0.02560974497549207,-0.03390601444350212,0.08864649486985787,-0.09868647815255087,0.011349007387851365,0.05916176284813707,0.07372667283592774,0.02780870573622111,-0.16867188870468539,-0.0006525081623918922,0.027808705736221104,0.04468998263198901,0.0022364354831557382,-0.33525789897759234,-0.01036367651581327,-0.03169692915270845,0.454487606478142,-0.43935171594229216,-0.06006627091607056,0.35564146882676956,-0.25232855758005246,-0.2708700874099603,0.015285321165011691,-0.25741218377411657,0.051097201103723275,-0.19569549175977735,0.18936281794898027,0.039340933271876474,-0.032824866705301395,-0.030704083964962905,0.026711881079209215,0.01641887607273796,0.022206915074234543,-0.007286918128336154,-0.0016032508852385004,-0.01081542253004795,0.018252944637399002,-0.0007229467757287926,-0.025938330666883093,0.2171729908214612,0.029419824521269688,0.09669739279775494,0.27772467091502395,-0.3859424416775046,0.1645915694940999,0.09862921245302414,-0.04392938159331145,-0.004690284768301032,0.1819163039223966,-0.20799583718309458,0.07698471417667171,0.03829329505707651,0.10548285578092657,0.03877644632387178,0.09788741412045195,0.12199215981302784,-0.36724634945119283,0.1292616595808068,0.17253812944068952,0.12783868214562966,0.05252864830450575,0.025743146430462296,0.1290726940011378,0.1782596687165641,0.00342583152876379,-0.13659256379467577,-0.09389550661151307,-0.05122448145651973,-0.008424690034923674,-0.05543654086874969,-0.0026740654550196814,0.02780870573622111,0.007932690646968209,-0.0062134708390734796,-0.0026474582730036827,-0.0009550163646953839
GarageQual_Fa,-0.04396909979310058,-0.025147202424620242,-0.12437952872516018,-0.2917015010678983,-0.1333636909805225,-0.09811002595929165,0.06120641664108383,-0.08865182236002589,-0.09723854289052823,-0.041287158056656455,-0.3449496326988273,-0.13940863622636482,-0.05471413352592084,-0.04121616218317398,0.002420514139203548,-0.1331423480721334,-0.03979906275841504,0.017487371629654396,-0.14896464641181245,0.19219728615831683,0.011843953461905709,-0.008089890050184175,-0.008089890050184149,-0.015311553960106231,0.10035979894990033,-0.03471992002761713,-0.029315649869024154,-0.0012862614930102376,-0.004826981389391316,-0.04836618664231672,-0.011864654356950928,-0.009663903364335818,-0.02213890145452672,-0.0025512219716932335,-0.017475945470339614,-0.006828723154033362,-0.019407950016726374,0.06083142114944978,0.0022252022864855444,-0.06238975095442359,0.09044580709518484,0.026039496799007467,-0.04409811002411295,-0.005289879795908884,-0.020012187601866464,-0.03435878544433815,-0.06805878180621974,-0.014520809196575515,-0.04229864641209937,-0.0313403614542568,-0.043504836703678294,0.30595962934709076,0.03488144959888055,-0.02509147766464306,-0.018330363227477723,-0.04612741631146911,-0.0243358950689864,-0.030140140359073978,-0.016064433687895296,0.022434541788062347,-0.01591567629390355,-0.013685635081726941,-0.02117132701627296,-0.016064433687895303,-0.024826492620916782,-0.006828723154033367,-0.010808284699070107,-0.011843953461905652,-0.057399110289566915,-0.004826981389391317,-0.006828723154033362,-0.004826981389391316,-0.004826981389391316,0.09702477481355715,-0.0005110025919251418,-0.014706820410289057,-0.032118301678456064,-0.053657837519116285,0.060689027116779176,-0.05276671013804215,-0.01368563508172694,0.07277675261637402,-0.013602726415063068,-0.005289879795908911,-0.03979906275841509,0.05101111422507908,-0.0160644336878953,-0.0522891846473455,0.042810127081056325,-0.0068287231540333625,0.02482649262091693,-0.0048269813893913145,-0.0048269813893913206,-0.004826981389391315,-0.01606443368789529,-0.010808284699070098,-0.011843953461905681,-0.004826981389391316,-0.0068287231540333625,0.04976521870625123,-0.004826981389391315,-0.038499875986681795,-0.056681545642381696,-0.004826981389391316,0.029711269936720304,-0.022758216885371777,-0.0068287231540333625,0.03488144959888051,-0.09591591294643528,0.12388296749721267,0.004217320861886476,-0.008366313259239326,-0.012797333362308672,0.0052727772649470055,-0.004826981389391315,-0.03816935996934513,-0.04190477969527662,-0.015311553960106222,0.021334146454854024,-0.004826981389391317,-0.034592273328915804,0.054942113886939585,0.062304947827493073,-0.0934757355699022,0.12955569376104917,0.0422358545821235,-0.11373708220998113,0.14357080935818578,-0.05715525184499697,-0.018141915579393045,-0.08992734653358074,0.10459725927161431,-0.025781654077901534,-0.010243084731050013,-0.004826981389391319,0.021742761722490456,-0.05303710443716426,-0.1335490538789105,-0.023835906393700524,-0.01184395346190568,-0.008366313259239328,0.19710842886914198,-0.10353742554543925,0.07270373849062652,-0.021175142365054196,-0.006828723154033368,-0.03345325876640224,-0.0586116445917574,0.060874973559699175,0.052804515756223386,-0.023744955552627196,-0.10827953035605763,0.027442304443930886,-0.018323079597691395,0.1370902994093161,-0.028038078911883493,0.021273555768693005,-0.033255040527540455,-0.03613328860639679,0.05393719969238002,-0.10357308499963336,0.08382856205843402,0.042810127081056346,0.0970247748135573,-0.009663903364335818,0.09361016034324796,0.03183401425737917,-0.004826981389391316,0.007837183028372207,-0.1538151682977101,0.08873508678285531,-0.00836631325923931,-0.004826981389391317,-0.13577930670998445,0.08856712139082845,-0.11179054608272639,0.0755620618668523,-0.01080828469907011,-0.0005110025919251709,0.0734071803761431,0.01930697346103622,-0.004826981389391317,-0.04124656292962783,-0.02803807891188355,0.07658676115003916,-0.021728864020781623,-0.058876235027328805,-0.20365636716500732,0.04661406211477664,-0.0466946958271456,0.08362910481731457,0.2112756358136329,-0.11756033610615012,0.1881483348468269,1.0,-0.01814191557939307,-0.008366313259239313,-0.8341966310949185,0.4733354243000678,-0.014520809196575517,0.20963250841115144,-0.4570955102262352,0.05452312220707017,-0.1825752512854696,-0.006828723154033362,0.009663903364336087,0.004572422323648977,0.014835442444111887,-0.016064433687895292,-0.006828723154033364,0.01080828469906998,-0.004826981389391317,-0.009663903364335822,-0.006828723154033367,-0.01452080919657551,-0.01080828469907009,-0.010808284699070117,-0.05567434661810181,-0.008366313259239321,0.049278586865897735,-0.009663903364335803,0.025759616553307857,0.011317116677490344,0.0061431481345580125,-0.05641799447783289,0.05625330718972119,0.14464092519225882,0.006372794417760209,0.002646075965131144,-0.012797333362308682,-0.013598635344150033,0.07348346761049873,-0.10372990340329345,0.03261492001704941,0.07450914066267032,-0.012797333362308637,-0.004826981389391317,-0.08874740210812372,0.019306973461036266,-0.004826981389391318,-0.02751404563794297,-0.006828723154033362,-0.05696067360357694,-0.02539366106001098,-0.010808284699070102,0.11307434834316013,-0.1173090638472976,-0.002194900116839369,0.18445074831789635,-0.10915569142319188,-0.04604820704788794,-0.0108082846990701,-0.04455581933793177,0.025759616553307867,-0.050389391808834644,0.034696618815028654,0.09702477481355716,-0.035432648401622864,-0.007178488778703635,0.01774268788841705,0.03648518800998353,-0.013373750138338691,-0.017727901726653433,0.027608999757337282,-0.02025024602340318,0.0011876051103382479,0.023816700772516793,-0.03783643488353998,0.19426183441609524,-0.009663903364335806,0.025759616553307878,0.11936759307652614,-0.09356701067040377,0.1746778348597112,0.05438269327603537,-0.037501035535887475,-0.021728864020781575,-0.014706820410289057,-0.046411716208543806,-0.039153928372615866,-0.015311553960106208,0.000370905593245414,0.05494211388693962,0.005272777264947051,0.04216163868999218,-0.10059156531183976,0.027597004299206005,0.03604708845439528,0.08218728812965795,-0.02280526733966724,0.015793932372061278,0.027931206055061348,0.0094202959424151,-0.02765885902790668,-0.016699608939741817,0.021287943805780127,0.009296107071914944,-0.011864654356950945,0.014209847265877892,-0.016064433687895285,-0.004826981389391317,-0.00750600824139223,5.18365764854151e-05,0.035403780633674435,-0.05621483175855558
GarageQual_Gd,-0.012497538841100235,0.006114417863551761,0.04376852829515457,-0.049757281726331835,0.019370131843007423,-0.023365825108609746,-0.00011719963782569981,-0.004968287025433714,0.02662935609816961,0.05546536688441373,0.00378829668001462,0.03874635752891385,0.04103694075325298,0.06937308693543792,-0.008628178130067948,0.04329050472499082,-0.021239752212987732,-0.010357531578558583,-0.0006363978356633217,0.01793745671131197,0.0063208181127293595,0.02581680125687262,0.02581680125687263,-0.008171388710395798,-0.01268842740464923,-0.018529142324725027,0.029675871572202334,0.00995478051004532,-0.002576037764248534,0.060096796210535916,-0.017945589096350165,-0.005157380567343916,-0.001373168568199608,0.012837212875981559,-0.009326469664143425,-0.0036443166665298707,-0.010357531578558586,0.01597124743140085,-0.013759016074814723,-0.010147300748611641,0.0195591545588022,0.0011434933199183576,-0.023534044900974188,-0.01586639577957399,-0.010679997880442436,-0.018336413940367207,-0.022532729464275453,-0.007749388249152317,0.04192261678007757,0.025816801256872596,-0.023217429949584516,0.05040533741085458,-0.012987451093612767,-0.02273600290572526,0.015498726699492845,-0.024617034291185093,0.04118877346831468,0.02805809720037509,-0.008573181560681951,-0.023847356696814655,-0.022121198470513352,-0.0073036769679153115,0.05071627774789902,-0.008573181560681965,-0.013249270586763917,-0.003644316666529871,-0.005768107913725591,-0.006320818112729154,-0.12937238171517776,0.26606790050738416,-0.0036443166665298694,-0.0025760377642485336,-0.002576037764248534,-0.0036443166665298707,0.08301489036370194,-0.018909507413997075,-0.01714072447618514,-0.0024401458674294337,0.062438253309622556,-0.055688276829507846,-0.007303676967915309,0.0727050332353936,0.011189806762970763,-0.015866395779573942,0.04691417796495094,-0.016006648373441918,-0.008573181560681967,0.004560606643810264,-0.006829612829135403,-0.0036443166665298746,-0.03989340814036619,-0.0025760377642485306,-0.0025760377642485314,-0.0025760377642485336,0.0727050332353936,-0.005768107913725584,-0.006320818112729152,-0.002576037764248534,-0.0036443166665298707,0.020117354523987167,-0.0025760377642485323,-0.020546409124043468,0.0366265254121137,-0.0025760377642485336,-0.002153027789361688,-0.0009564338886556154,-0.0036443166665298733,-0.012987451093612733,-0.05792955089473958,0.04087651733573651,0.03989340814036614,-0.004464889578961359,-0.006829612829135414,-0.012987451093612776,-0.0025760377642485323,-0.020370021093167764,0.0607492842841772,-0.008171388710395806,-0.0010344262197256625,-0.0025760377642485314,-0.008577957316792,-0.0057681079137255845,0.03989340814036606,-0.05666114248317767,0.04342598536888825,-0.016085029860559815,-0.00407852769865291,0.023478270691761036,-0.03050231092695681,-0.009681881051175654,0.01967504896179788,-0.02444407220867903,-0.013759016074814716,0.014056649999472365,-0.00257603776424853,-0.027777925697844413,-0.0011266140740977776,-0.017036222099353005,-0.01272061979567908,-0.006320818112729155,-0.004464889578961354,0.030526858638965402,-0.013172804426140976,0.00594155346745995,0.012837212875981632,-0.0036443166665298746,0.001953536966513827,0.01740717009748849,-0.028635829444245194,0.007484541620512061,-0.00976125105127356,-0.0001277941816825498,0.009305082270296814,-0.00672537657469398,0.007864547548487668,-0.01496321288346633,-0.009681881051175659,-0.017747373221458015,0.055197518265502836,-0.03117839564481485,0.014729593338388455,-0.010993437044848998,-0.006829612829135411,-0.0036443166665298737,-0.005157380567343918,-0.01833641394036721,0.013044860594050292,-0.002576037764248532,0.029272255575654785,-0.031032790652118055,-0.013506370479602202,-0.004464889578961358,-0.0025760377642485323,0.03010885533502944,-0.016301033348987214,0.048475518426192084,-0.028787924245069967,-0.005768107913725591,-0.014492543209109664,0.03140853738096976,-0.010025166110770253,-0.0025760377642485314,-0.0011434933199182616,-0.014963212883466342,-0.05178865069723091,0.048869466632347924,0.034228135731653474,-0.0017577290659981683,-0.011298601240319213,0.004611776913642871,-0.00774938824915232,0.004602660514506984,0.04579053161830339,-0.022222953228941085,-0.01814191557939307,1.0,-0.004464889578961359,-0.44518962290434605,-0.015420784260920663,0.351428606790923,-0.0068296128291354076,-0.13120992380641872,0.08483268214591255,-0.021733541393750055,-0.0036443166665298733,0.005157380567343945,-0.01928342135338268,-0.020445110701626714,-0.008573181560681955,-0.003644316666529872,0.005768107913725515,-0.0025760377642485327,-0.00515738056734392,-0.00364431666652987,-0.007749388249152315,-0.005768107913725592,-0.005768107913725589,-0.004314153012970337,-0.004464889578961359,0.017652510137607713,-0.0051573805673439084,0.06888734476780903,-0.011596144624624934,0.00938370570567328,-0.0049894674555191745,0.041844069646035494,0.02021827313847414,0.04255350193554554,-0.002919221539117939,0.09491768033961659,0.020117354523987163,0.00926509468328326,-0.024155524537234678,0.019064963521152552,-0.011886640326811915,-0.006829612829135403,-0.002576037764248531,-0.0091478880788969,-0.010025166110770242,-0.0025760377642485314,-0.023691105224003813,-0.0036443166665298707,0.08155765673878196,-0.0026806062904361923,-0.005768107913725584,-0.031576954984374,0.02302250102062411,0.03232313086082131,-0.024879178110382934,0.05809667224273786,-0.037015522706528484,-0.005768107913725586,0.01268842740464928,-0.008957487554947309,-0.04495757275635013,0.04691417796495091,-0.00364431666652987,-0.01890950741399707,-0.00044524680586954796,-0.008376893625767289,-0.019383283622992017,0.029227250673317027,0.03364470252193179,-0.004314153012970325,0.013693396901645616,-0.025070104676120725,-0.023534044900974185,-0.020192347403440183,0.01120703360617682,-0.005157380567343915,-0.008957487554947291,-0.008976714989806567,0.0023142051812082387,0.01503501556876663,0.05715137960311795,0.05195584812560638,-0.011596144624624922,-0.018909507413997075,-0.02476875794871692,0.013693396901645586,-0.008171388710395792,0.08483268214591252,-0.005768107913725591,-0.01298745109361276,-0.019833002365618985,-0.06903092436573972,0.010853197170168373,0.0613842237835649,0.04250878992817512,0.045521182098430556,-0.010679997880442445,0.0019715972893483307,0.006525325543859337,-0.02918398781383714,-0.03624777075488106,0.04641329130937189,0.07261737583109303,-0.017945589096350235,-0.010993437044848996,-0.008573181560681951,-0.002576037764248531,-0.019425855528521833,0.053399170242496935,-0.037343098663053555,-0.03631176272267451
GarageQual_Po,-0.014078271090325835,-0.00431652365827163,-0.025140676034628422,-0.07905440965641801,-0.07665760437563014,-0.02589863490736914,0.03586155795275271,-0.01459895585677479,-0.02794059191095399,-0.021664342742940757,-0.11244410479362027,-0.031204752761182217,-0.03413109565467249,-0.018264965109766315,-0.0039789646675823164,-0.046141701431318224,-0.009794909461728498,-0.004776472109544659,-0.05054753642930029,0.06586890708378912,0.002914904115518568,-0.007713146533265621,-0.007713146533265623,-0.003768311974278837,0.034509357698971475,-0.008544886477686137,-0.007214846691788244,0.015297576716465061,-0.0011879637962715485,-0.01190335616811445,-0.00827577547390824,-0.0023783740605938892,-0.005448583969062694,-0.00979490946172853,-0.004300988309175391,-0.0016806105570620093,-0.004776472109544655,-0.0092293441688502,-0.006345098350670457,-0.015354682235806109,0.07374704103555182,-0.012304427092593564,-0.010852943893212648,0.08892384527694991,-0.00492518044661646,-0.008456007989059726,-0.01936817193348186,-0.003573702533018033,-0.010410079616072836,-0.007713146533265651,-0.010706933960893632,0.043460246950547926,-0.0059892839768053525,-0.010484919397835506,-0.009311888983126912,-0.011352374532457207,-0.005989283976805341,-0.007417761261689458,-0.003953602487626554,-0.01099743054459991,0.018078424370549347,-0.0033681586263844235,-0.005210455144831106,-0.003953602487626558,-0.0061100244734465185,-0.00168061055706201,-0.0026600166618645465,-0.0029149041155187077,0.004623198679960842,-0.0011879637962715478,-0.0016806105570620104,-0.0011879637962715485,-0.0011879637962715485,-0.0016806105570620093,0.09823837047402784,-0.008720295379563226,-0.007904604661536682,-0.013205679329741394,0.15074317673731458,-0.014877080078702087,-0.0033681586263844196,-0.003953602487626556,0.0028132387002770265,-0.007316936119897277,-0.00979490946172851,0.023992934632160755,-0.003953602487626568,-0.022396482727418263,-0.0031495395355476503,-0.0016806105570620106,0.006110024473446446,-0.0011879637962715472,-0.0011879637962715476,-0.0011879637962715485,-0.003953602487626556,-0.0026600166618645465,-0.002914904115518711,-0.0011879637962715485,-0.0016806105570620097,-0.00854488647768615,-0.0011879637962715485,-0.009475167841674608,-0.01921529323304568,-0.0011879637962715485,0.023167405529243255,-0.012824911692771418,-0.0016806105570620104,-0.005989283976805358,-0.033497975588251225,0.025057590630252227,-0.006110024473446525,-0.002059025394646527,-0.003149539535547665,-0.005989283976805377,-0.0011879637962715485,-0.009393824859174841,-0.018443378909841778,-0.003768311974278834,0.02396056157438461,-0.001187963796271548,-0.014894204707514673,-0.0026600166618645474,-0.0061100244734465115,-0.0329470984446649,0.026350847331713678,-0.007417761261689429,-0.030045389318958563,0.037261580492428996,-0.014066424641260337,-0.00446488957896136,-0.03215197311348135,0.03548310652102075,0.2142226062202551,-0.015125495013558057,-0.0011879637962715467,-0.0755485306879127,-0.03975442321174064,-0.04047974043157278,-0.005866232239731991,0.23351620747655497,-0.002059025394646528,0.1906542722712164,-0.038874878373022545,-0.01241304250602653,-0.00979490946172849,0.40726795832802676,-0.04375442194044016,-0.014424856074227142,-0.013205679329741383,0.03121622954445284,-0.015240344764553177,-0.02873989207211711,-0.010484919397835505,-0.014365515349770755,0.0661678518511468,-0.006900424919293618,-0.004464889578961353,-0.008184366377936849,-0.008892729273614067,0.01625240953509788,-0.0965127908378962,-0.0050697258352036655,0.2158184472215752,-0.0016806105570620106,-0.0023783740605938836,0.07552883326282596,0.06130971249812947,-0.001187963796271548,-0.02922219855653294,-0.11067820013618893,-0.006228588482466904,0.33196064973690154,0.5769544170558811,-0.09423272368666248,0.0862891650999776,-0.03715557128369132,0.014815044684851144,0.25624827175961856,-0.00668337121732598,-0.0070066519895290585,-0.004623198679960981,-0.0011879637962715483,-0.047577118091361975,-0.006900424919293605,0.0273949975635458,-0.0053476700464450974,-0.02370398214266272,-0.06202434958681689,-0.005210455144831114,-0.01149198715422356,-0.0035737025330180284,0.0755570911762581,-0.0289326624458422,0.048199138292631366,-0.008366313259239313,-0.004464889578961359,1.0,-0.20530333903719925,-0.007111438219707863,-0.003573702533018023,0.6537544207358209,-0.23379755515724057,-0.006572392026547603,-0.04149151184550256,-0.0016806105570620104,0.002378374060594049,-0.008892729273614095,0.013824150874730552,-0.003953602487626552,-0.00168061055706201,0.00266001666186479,-0.0011879637962715487,-0.002378374060593884,-0.001680610557062011,-0.0035737025330180305,-0.002660016661864552,-0.002660016661864549,-0.013701960465134153,-0.002059025394646528,0.017710107548122023,-0.0023783740605938853,-0.004130828774528668,-0.0053476700464451,-0.018196607966479816,-0.013884978932219422,-0.009055356406193787,0.06805305852234268,-0.00586623223973201,-0.01333092274839438,-0.0031495395355476646,-0.008544886477686175,0.044453809376941135,-0.05023506356850177,0.024095155057025544,-0.00548163484384059,-0.003149539535547649,-0.0011879637962715478,-0.03726158049242881,-0.004623198679960988,-0.0011879637962715483,-0.010925373723310431,-0.0016806105570620097,-0.040648546456636486,-0.013268402256000032,-0.0026600166618645483,0.02022004618612182,-0.017511299911258903,-0.006900424919293642,0.07802432921868258,-0.05164947358266042,-0.01707005288730727,-0.0026600166618645474,-0.03450935769897146,-0.004130828774528672,-0.06174832227747167,0.06354133573890529,-0.0016806105570620093,-0.008720295379563248,-0.01269622037037618,0.03637109690785855,-0.018287364257518764,0.01918729351147446,-0.01982410298124074,-0.013701960465134139,-0.0096361360519649,-0.011561312158270089,0.05600485392995406,-0.009311888983126862,0.061174799888182384,-0.002378374060593881,0.16339722708135598,-0.015010119606439562,-0.023027687955476002,-0.00939382485917486,-0.004776472109544665,-0.00922934416885018,-0.00534767004644511,-0.00872029537956323,-0.011422343309579664,-0.00963613605196486,-0.0037683119742788385,0.10004641195966917,0.25624827175961834,-0.0059892839768053655,-0.009146173673659766,-0.020945393417786062,-0.02072514867558105,-0.018339433617763377,0.05952083235036578,-0.005612582642924777,-0.004925180446616469,-0.012105111405635893,0.01682510564946128,0.0058909787070827975,-0.02447357973558449,-0.017391516491525965,0.057959020315106226,-0.00827577547390825,-0.005069725835203665,-0.003953602487626559,-0.0011879637962715478,0.047930526473034446,-0.02326958973004518,-0.02490535710025099,-0.016745507419191008
GarageQual_TA,0.0422005217464007,0.016968601998660005,0.08405649165104397,0.3000515302630956,0.12786109410746524,0.10495543491702576,-0.058481974783776834,0.08386920420329266,0.0787283379565552,0.009587792161072762,0.310744919692407,0.09694233382177293,0.04198905322217201,-0.0003975646608866655,0.000702913752829305,0.09518121970352987,0.04770945035605959,-0.007954726969866438,0.14806986930274527,-0.1992384268393986,-0.0141980355954687,-0.0017787574461816875,-0.02145289283576809,0.018354849911116335,-0.08714046177707031,0.04162078667477447,0.014183278332309862,-0.010089869688619049,0.005786383221250489,0.018250073838511675,0.02189553881447839,0.011584682800326731,0.014466900490197934,0.00043175973172901184,0.020949431847263396,0.008185987451268412,0.023265438019394347,-0.054893939668213154,0.007207063880168634,0.06408495464507293,-0.09957132402835518,-0.01727478071528228,0.05286296825034208,-0.026403926913799346,0.023989772741709135,0.0411878736542496,0.0673323584129412,0.01740693819095906,0.020878878012536465,0.01789537794340464,0.052151777029567366,-0.30088639486642044,-0.02093581161694837,0.03625266194123519,0.012345352384823266,0.05529561567627647,0.004118520318088259,0.015716311960345467,0.01925737061154285,-0.00322878678601252,0.02538117494857092,0.016405766424354932,-0.0033000948080345017,0.01925737061154288,0.02976096006085632,0.008185987451268426,0.012956519238016795,0.014198035595468719,0.10641268738800172,-0.1184506682938334,0.008185987451268417,0.005786383221250422,0.005786383221250418,-0.07969299548146579,-0.05763291680061247,0.02493734857828626,0.03850207550742482,0.052208315910233595,-0.11166291444768309,0.07029698575481616,-0.027624415523362204,-0.09350637708706326,0.012187466646603836,0.014958447865328472,0.01619098993983915,-0.03820819215032647,0.019257370611542868,0.04357306177952484,-0.031713136532107424,0.008185987451268304,0.01939175678173436,0.0057863832212504615,0.005786383221250556,0.005786383221250442,-0.018330545287992467,0.01295651923801676,-0.036608660407924064,0.005786383221250391,0.008185987451268384,-0.04774149059753546,0.005786383221250446,0.04615203964100065,0.03928296726028375,0.005786383221250429,-0.02501668707209169,0.02521180281389843,0.008185987451268273,-0.020935811616948276,0.11554684406071165,-0.14383733317998096,-0.019391756781734413,0.010029186102391882,0.015340907509434112,0.004118520318088113,0.005786383221250446,0.04575583087556494,0.015291568393479367,0.01835484991111646,-0.01868202353184128,0.005786383221250494,0.039639560949413545,-0.042680298666408205,-0.06854447362432517,0.11262450801188018,-0.15054915197945146,-0.02511254117507152,0.11104136278016873,-0.14835911101861018,0.06851532326374683,0.021747768934982478,0.07392401679086948,-0.08575564487899923,-0.01649183986993505,-0.002166879031218038,0.00578638322125047,0.01698308148169543,0.04937055315243652,0.13828279172952457,0.02857348675984806,-0.03660866040792397,0.010029186102391863,-0.22034862602381564,0.11041107199338948,-0.07195841705572437,0.016190989939839293,-0.0796929954814657,0.03399583148854028,0.04774552932625059,-0.044707311844300615,-0.054598915546984705,0.0311567435979474,0.1040351468317888,-0.02301820752595775,0.013493080913583406,-0.13414083279252392,0.033610875262205846,-0.01160490191068385,0.039864750453249546,-0.008351599189060595,-0.027967902275694387,0.10010981419829366,-0.06367134701760939,-0.07876718057364916,-0.07969299548146569,0.011584682800326693,-0.08514467999113798,-0.04180930327277583,0.0057863832212504815,-0.0076098095088642,0.16571830192597034,-0.06616297387615704,-0.06174832227747175,-0.11845066829383342,0.11823582773287328,-0.0843326236808186,0.08814591396056508,-0.05699322372903928,-0.042680298666408094,0.010007001630974531,-0.0736297201013149,-0.009714021255336188,0.005786383221250522,0.043010678515600795,0.0336108752622058,-0.04528394383698739,-0.0019152685712315407,0.03625838778935854,0.19980010760495487,-0.03197949016357287,0.042318486843748185,-0.065645773439107,-0.21337916729998135,0.0907358636551806,-0.16313310367976366,-0.8341966310949185,-0.44518962290434605,-0.20530333903719925,1.0,-0.3903401684252799,-0.14869848506917308,-0.31403740078135733,0.5305692024765715,-0.08254352741370088,0.17054093483823188,0.008185987451268379,-0.01158468280032705,0.008870625127363736,0.0026193027449688926,0.01925737061154271,0.008185987451268488,-0.01295651923801678,0.005786383221250439,0.011584682800326662,0.00818598745126841,0.01740693819095905,0.012956519238016866,0.012956519238016814,0.05499459498875644,0.010029186102391847,-0.057473694213928554,0.01158468280032687,-0.05187961655578849,-0.0019152685712316001,-0.010187588227766374,0.05601482013724289,-0.06305994057251718,-0.14239219835665923,-0.022550643962429187,-0.007178170702304244,-0.03171313653210756,0.005875875765850533,-0.08557050185426972,0.12053539286791184,-0.046770565254414184,-0.05519531736617687,0.01534090750943416,0.0057863832212505075,0.09534129139135022,-0.0097140212553362,0.005786383221250549,0.03893359092049821,0.008185987451268409,0.021411871820083316,0.01636368285842325,0.012956519238016799,-0.08976860068503531,0.09614386833513337,-0.01012520128219739,-0.17062745913800778,0.08769613998045787,0.05355684780350634,0.012956519238016799,0.039920126710174225,-0.01587950240585929,0.07454361054766748,-0.06260516110071151,-0.07969299548146559,0.024937348578286264,0.011736801472897495,-0.015767239050480733,-0.0140495799572625,-0.010446119550687112,0.007961714447559894,-0.0154782915094159,0.014944170662045864,0.0019726410037457795,-0.018972413028045435,0.045356734219698526,-0.19585542602977155,0.01158468280032676,-0.051879616555788544,-0.0904043124504188,0.08800135574953402,-0.1507250899430377,-0.10161522193764892,0.01167180112546718,0.026047652568749347,0.02493734857828628,0.055636422491453445,0.03094013046159643,0.01835484991111653,-0.059632206116361795,-0.09831711657083321,0.004118520318088105,-0.02257361668227307,0.13259648414816935,-0.036665851270583305,-0.051008223735117986,-0.09977362067948438,-0.02602226719573326,-0.006308729163909726,-0.032395174224273626,-0.018220084309327908,0.04164553991915701,0.0414123109680009,-0.0320032378803131,-0.05163454668687296,0.021895538814478394,-0.004761228737691956,-0.018330545287992692,0.0057863832212505075,0.010294465361577203,-0.022743063549370154,-0.009690447305005198,0.07155761159008284
GarageCond_Fa,-0.035332967479981645,-0.02448701051036175,-0.14404965450234772,-0.23586184820329625,-0.12590340585318716,-0.06349941717924192,0.005044099223357895,-0.1004687227179328,-0.09426852664888898,-0.05357620607227449,-0.2586537274992903,-0.09780228371085387,-0.09168613997099097,-0.06531430737085828,-0.006068235996482808,-0.13077383506503146,-0.033829545612122924,0.02651291424708418,-0.10515374809877505,0.12279861654331689,0.0100674622992895,0.027567785009174322,-0.026639576759707136,-0.013014952543734786,0.07272219803703364,-0.004890598215518531,0.003955326111105899,-0.006332046317160738,-0.00410297569248048,-0.041111674589742554,-0.028582778122061676,0.07745006627130835,-0.022144486008254673,0.05301201323394208,-0.01485470394095709,-0.005804473407180588,-0.016496924420407975,0.03690102284185541,-0.021914627685546008,-0.03828392689612628,0.06773432692683773,0.046139479197496835,-0.03748377275928988,0.08869295429024206,-0.01701053156415243,-0.029205263109383612,-0.042089858587704074,-0.012342812694417542,-0.03595421321389334,-0.026639576759707174,-0.0369794853348365,0.2059581531090362,-0.02068572009460304,-0.03621269399114133,-0.00942255859528347,-0.03920870055534872,-0.02068572009460297,-0.025619378507035127,-0.013654906787036571,0.040260427257927806,-0.028721964888505248,-0.011632907514392679,-0.01799581003486673,-0.013654906787036588,-0.02110273223282768,-0.005804473407180588,0.06745981944773567,0.059925370829104006,-0.07284244426349441,-0.004102975692480476,-0.005804473407180589,-0.00410297569248048,-0.00410297569248048,-0.005804473407180588,0.03903890727094866,-0.005957417642276621,-0.027300832640475035,-0.0456096233426255,0.0305268586389654,-0.039441477752337355,-0.011632907514392655,0.03812733713263463,0.012958810069936948,-0.025271149792269153,-0.012119155900606691,-0.01465843082538681,0.08990958105230593,-0.020941643953228107,0.053945223459242346,-0.005804473407180594,-0.04661152943734469,-0.004102975692480475,-0.004102975692480474,0.16704972462241924,0.038127337132634546,-0.009187134944244165,-0.01006746229928946,-0.00410297569248048,0.11526025765687159,0.019731034179850563,-0.004102975692480479,-0.032725225683289345,-0.04142509134001139,-0.00410297569248048,-0.0034292279436216673,-0.010077592040856658,-0.005804473407180592,0.0483454829639578,-0.050097024782914,0.06510593879849765,-0.02110273223282768,-0.007111438219707869,0.05394522345924235,0.013829881434677404,-0.004102975692480479,-0.03244428422615252,-0.02518966917156593,-0.013014952543734776,-0.001647578965689904,-0.004102975692480476,-0.03632986506267422,0.06745981944773573,0.08046866027243078,-0.04786501910234039,0.0560604010078557,0.0025041497788831774,-0.09404298413221637,0.1104338821334188,-0.032749780335473974,-0.015420784260920653,-0.09206165024441047,0.1040957895567898,0.07603034094985346,-0.03731447190330376,-0.004102975692480473,0.0036556881328535787,-0.01082834144549194,-0.11276668380410342,0.014954344953420715,-0.010067462299289455,-0.007111438219707872,0.15107769423558925,-0.10707728768118313,0.08572356327207903,-0.01211915590060668,-0.00580447340718059,-0.10625160749481265,-0.034311278959418386,0.10459349713910361,0.011920979096080008,-0.022965145937080527,-0.08935571211354158,0.004613972593465904,0.028191808722093006,0.10372772408448794,-0.023832608199430828,0.03052685863896542,0.02299991445578283,-0.006987751642748359,-0.00028984019831864913,-0.09886929819426074,0.06364659071472815,-0.010877843413592093,0.11526025765687163,-0.008214400968169071,0.09510868481977097,0.014746412968196385,-0.004102975692480477,0.026949878019763413,-0.19466303458587034,0.07819523870921817,-0.007111438219707844,-0.004102975692480476,-0.1280830388752237,0.05734776800199957,-0.10092259030814676,0.09296121975852872,-0.009187134944244174,0.007977978325125723,0.06487091257453573,0.028437446925414375,-0.004102975692480477,-0.046139479197496884,-0.02383260819943081,0.0743762153238461,-0.018469721283454713,-0.060046894156021005,-0.19542615233929567,-0.017995810034866735,-0.03969089302221384,0.04486514455589866,0.22037783787657078,-0.09992729669591566,0.1574978442052603,0.4733354243000678,-0.015420784260920663,-0.007111438219707863,-0.3903401684252799,1.0,-0.012342812694417527,-0.010877843413592084,-0.8074873062480549,0.07199032481394557,-0.1976463460469534,-0.005804473407180591,0.008214400968169059,0.01673810277216459,-0.00044005247234493077,-0.013654906787036578,-0.005804473407180592,0.009187134944243981,-0.004102975692480479,-0.008214400968169073,-0.005804473407180588,0.044865144555898545,-0.009187134944244169,0.06745981944773567,-0.04732367341851486,-0.007111438219707871,0.02150577994686156,-0.00821440096816907,-0.014267008897816468,0.020052840250607898,0.0382837969704984,-0.0479557804945745,0.04404955294716883,0.17952723540798293,0.01495434495342072,-0.04604218762109021,-0.01087784341359209,-0.029512230610887577,0.03557351508064822,-0.03847363240977217,0.03670812741463736,-0.01893240735948395,-0.010877843413592065,-0.004102975692480477,-0.06478454240669416,-0.015967550412665794,-0.004102975692480478,-0.018058380820747254,-0.005804473407180589,-0.059303830463028076,-0.045826255063733626,-0.00918713494424416,0.11188121189330909,-0.10232927224447562,-0.023832608199430862,0.125230176005117,-0.07001850099230952,-0.03178152218277531,-0.00918713494424417,-0.054135868210500745,-0.014267008897816496,-0.05035708362235151,0.05301201323394211,-0.005804473407180589,-0.030118055858176427,0.042431729073089744,-0.020921925053294124,0.02724578710259383,-0.024430478120914666,0.04138191466397547,0.0174000391726155,-0.033281175836110365,0.01621568653559989,-0.01769125622093067,-0.03216129504009975,0.13391087843074556,-0.008214400968169078,0.03532783155649798,0.03826416977945204,-0.07953276373562695,0.19312073944138422,0.026512914247084227,-0.008950460859513844,-0.01846972128345468,-0.005957417642276624,-0.03945035791280943,-0.03328117583611036,-0.013014952543734817,0.0404269992198433,0.06745981944773581,0.08286108449323848,0.03776423275421139,-0.08738408655892146,-0.000486940680684245,0.01399229712507951,0.08838573017097048,-0.01938467336145514,0.024729596307549322,-0.005849494813339626,0.027571370414065054,-0.006385363623526738,-0.020223247520779912,-0.006470124797666064,0.004098500979689442,0.02215382498822405,-0.0175097607643139,-0.013654906787036588,-0.004102975692480477,0.0012111926827327317,-0.003172430577696497,0.030757011457635767,-0.04404936027349462
GarageCond_Gd,-0.018561318513403615,-0.006287735206025296,-0.011987124200879684,-0.024464730050790657,-0.03256005390832436,0.003823752726327508,-0.022765867038781383,-0.01590031415427708,-0.0027317349191329733,0.010442026922355442,-0.023620991421126933,0.00864622505769104,0.07806783711525236,0.02920611210484655,-0.006906003271401721,-0.0009829759782898,-0.017000321047555875,-0.008290179674884511,0.01938344450264891,-0.008442279211628484,0.005059189774064132,-0.01338715460971892,-0.013387154609718944,-0.006540388517157799,-0.030911755863191726,-0.014830745909717512,-0.012522291354355373,-0.002356120621663659,-0.0020618634616685516,0.08630228762427475,-0.014363669263472854,-0.0041279730822688,-0.028957853421384336,-0.01700032104755587,-0.007464916583809134,-0.0029169150707927002,-0.008290179674884499,-0.01601870997806572,-0.011012731609331219,-0.026650019442430086,-0.014983633443087807,0.04793215492068374,-0.018836675440098163,-0.012699480644383672,-0.008548282057815848,-0.014676485898762396,0.014857417812323985,-0.006202618883528596,-0.018068027713308194,0.03958099100055118,-0.01858325648454226,0.009936324029814913,0.05705793393005155,-0.018197921748783038,0.028275850682068556,-0.019703501339951374,-0.010395170149199644,0.04208673603694852,-0.006861983956736436,-0.019087450546317032,0.03137742309249072,-0.005845871083480685,-0.00904341286789052,-0.006861983956736447,-0.01060473075967404,-0.0029169150707927033,-0.0046167999224737116,-0.0050591897740640416,0.008024153988668424,-0.002061863461668552,-0.0029169150707927002,-0.0020618634616685516,-0.0020618634616685516,-0.0029169150707927024,-0.011599847534934284,-0.015135190545797237,-0.013719454735665966,-0.022920149403510497,-0.007749388249152317,-0.025821079671674785,0.11269540366487767,-0.006861983956736433,-0.014127384020815228,0.04297992398264391,0.06785598230092811,-0.04306426833492717,-0.006861983956736458,0.027273804304550318,-0.005466429625050495,-0.002916915070792701,-0.05556153808273664,-0.0020618634616685534,-0.0020618634616685516,-0.0020618634616685516,0.09433495116281103,-0.004616799922473704,-0.005059189774064045,-0.0020618634616685516,-0.0029169150707927002,-0.014830745909717514,-0.002061863461668551,-0.01644536847607772,0.08850095413679526,-0.0020618634616685516,-0.033173251885005806,0.011175440162437418,-0.0029169150707927002,-0.010395170149199653,-0.05814003096900119,0.04349066084346857,-0.010604730759674039,-0.0035737025330180344,-0.005466429625050517,-0.010395170149199672,-0.002061863461668551,-0.01630418730203371,0.09342081760263535,-0.006540388517157792,-0.03263889250930005,-0.0020618634616685525,0.003681413068994628,-0.004616799922473713,-0.010604730759674016,-0.057183913065582265,0.020122116941097577,0.04208673603694854,0.023892856846263535,-0.024539281466975576,0.0065273764208712975,-0.0077493882491523145,-0.00015246959322601298,0.007485118530962278,-0.011012731609331201,0.061255216486646585,-0.0020618634616685525,-0.05088892382523788,0.0369300094838814,-0.03502633215389419,-0.010181598084661408,-0.005059189774064047,-0.0035737025330180344,0.04486514455589858,0.003372403657862753,-0.021544426582394218,0.025427830626686083,-0.0029169150707927037,-0.07594140845753529,0.005272961428113249,-0.022920149403510497,-0.002040886790658392,0.002541892814737772,-0.030523080213023662,-0.01819792174878305,0.03588963442500718,0.0022744963325100425,-0.011976572060304167,-0.007749388249152307,0.03588997063712809,-0.015434471674407828,-0.026924235612659088,0.011789582719304366,-0.008799159109975191,-0.005466429625050511,-0.002916915070792701,-0.0041279730822687925,-0.014676485898762394,-0.011446715797203319,-0.0020618634616685525,0.045399447022131625,-0.014701860086746258,-0.010810513796863644,-0.003573702533018025,-0.0020618634616685516,0.024099160947693366,-0.013047365033300251,-0.010931456565895803,0.025713409292903236,-0.004616799922473711,-0.01159984753493428,-0.0121609427586756,-0.008024153988668264,-0.0020618634616685516,0.021355910608225438,0.04689815927991156,-0.011785285269308117,-0.009281566920162387,-0.019818510404008352,0.020891302706941103,-0.009043412867890522,-0.019945816942927793,-0.006202618883528594,-0.007645362647649719,0.046302695976764084,-0.021544426582394197,-0.014520809196575517,0.351428606790923,-0.003573702533018023,-0.14869848506917308,-0.012342812694417527,1.0,-0.005466429625050501,-0.40578562908996446,-0.011407228922153623,0.023568165127565047,-0.0029169150707927002,0.004127973082268886,-0.015434471674407825,-0.10156424778524278,-0.00686198395673643,-0.002916915070792701,0.00461679992247375,-0.002061863461668552,-0.004127973082268795,-0.0029169150707927002,-0.006202618883528594,-0.004616799922473718,-0.00461679992247371,-0.023781508935672387,-0.0035737025330180327,0.030738162030104637,-0.004127973082268788,0.08975255627253458,-0.009281566920162382,-0.008778135895739454,-0.02409916094769336,0.001947955225340685,-0.0070649391098836865,-0.010181598084661432,0.009219550355897634,0.12121590771738996,-0.014830745909717552,0.01613322861049027,-0.03441306050852197,0.01703032530104799,0.06398092952320318,-0.0054664296250505045,-0.0020618634616685516,0.04238158771288417,-0.008024153988668261,-0.0020618634616685516,-0.01896238669551023,-0.0029169150707927002,-0.0001205995955416819,-0.02302901308291514,-0.0046167999224737116,0.01748694135354329,-0.012867855258245905,-0.011976572060304164,-0.005530493080693639,0.033894629004941335,-0.029627265113257147,-0.004616799922473712,-0.005411112193355499,-0.007169582897510156,0.01740693819095909,-0.01700032104755588,-0.0029169150707927007,-0.015135190545797247,0.011687813986011802,-0.025749850210853232,0.04397969798022428,-0.012937584518296135,0.013298917141058329,0.007840533911396502,-0.016724749440657015,-0.02006613937469903,-0.018836675440098184,0.028275850682068445,-0.017540764946621757,-0.004127973082268791,-0.007169582897510154,-0.026051986827314154,-0.0182831653917961,0.027777504292353743,0.07576303091769447,0.07358786691073106,0.0660022536544879,-0.015135190545797235,-0.01982494112242553,-0.016724749440657008,-0.006540388517157806,-0.011407228922153638,-0.004616799922473713,-0.010395170149199663,-0.01587435692146567,-0.03635341541042566,-0.0359711524256426,0.11929944686859524,-0.017937382270528244,-0.009741356692318301,-0.008548282057815867,-0.021009972681863352,-0.015559138948668822,0.02981489150275077,-0.021532600349940617,-0.003999584687586691,0.02131371613727893,0.035213061527710025,-0.008799159109975198,-0.006861983956736442,-0.0020618634616685516,0.04130070380245112,0.002716108741216264,-0.04322644003628946,-0.029063974847628543
GarageCond_Po,-0.015027246270451017,-0.009815162193503738,-0.048018630458914066,-0.13427910728518294,-0.09035258335653326,-0.03961523484341316,0.0442294523609432,-0.03303285399413789,-0.03831697737012906,-0.008763115072192958,-0.1606422647702286,-0.057752430535692234,-0.03954584966472738,-0.0018895870678590897,-0.006086329271936492,-0.06329621903329327,-0.014982551782524103,-0.007306217683650357,-0.061135701684941236,0.08220708881566446,0.004458714194602136,-0.011798232315713033,-0.011798232315713048,-0.0057641093578189185,0.052786423470957244,-0.013070483665821482,-0.011036019739136451,0.023399576708402474,-0.001817140746726358,-0.01820768745963787,-0.012658844378587296,-0.0036380236754911003,-0.023065622949206346,-0.014982551782524127,-0.00657890512516074,-0.002570706222025126,-0.007306217683650359,0.0366497300505634,-0.009705629743243413,-0.023486926816531396,0.040799336524004595,0.02043441978858461,-0.016600949146924792,0.051898865956411945,-0.007533685877141781,-0.012934532786091465,-0.02962606648484665,-0.0054664296250505106,-0.015923532271270843,-0.011798232315713074,-0.016377608504494143,0.09121549338467504,-0.009161366694949795,-0.016038009174812753,-0.014243710922284939,-0.01736489142158266,-0.009161366694949786,-0.011346403215660895,-0.006047534612732177,-0.0168219597386767,-0.030023511856667306,-0.005152024245730457,-0.00797004957758691,-0.0060475346127321795,-0.009346054542269088,-0.0025707062220251277,-0.004068831624680428,-0.004458714194602139,0.007071766604281415,-0.0018171407467263568,-0.002570706222025126,-0.001817140746726358,-0.001817140746726358,-0.0025707062220251273,0.0585588231502145,-0.01333879374727326,-0.012091091717039256,-0.020199755307012613,0.1966649735083686,-0.049198320630684966,-0.005152024245730447,0.10862000479751417,0.01866361090241081,-0.011192178420242012,-0.014982551782524122,0.012704556325784617,-0.006047534612732191,-0.00927471118110397,-0.0048176187198898665,-0.0025707062220251277,0.009346054542268976,-0.0018171407467263562,-0.001817140746726356,-0.0018171407467263573,-0.00604753461273217,-0.004068831624680427,-0.004458714194602146,-0.001817140746726358,-0.0025707062220251273,-0.013070483665821473,-0.0018171407467263568,-0.014493466569617985,-0.029392219193589912,-0.001817140746726358,0.026198418552269263,-0.01961732308951207,-0.0025707062220251277,-0.009161366694949805,-0.03048779043782895,0.02883435416433078,-0.009346054542269095,-0.003149539535547658,-0.004817618719889885,-0.009161366694949817,-0.0018171407467263568,-0.01436904219875376,-0.02821147869116229,-0.005764109357818908,0.027305608641889835,-0.0018171407467263573,-0.02278256824749386,-0.004068831624680429,-0.00934605454226908,-0.029540952403652974,0.03063275258449821,-0.011346403215660869,-0.04595821973202338,0.05699629602579183,-0.021516374031441493,-0.006829612829135414,-0.04918050585003047,0.05427589534474322,0.13488844602344385,-0.023136355998226082,-0.0018171407467263568,-0.0347471838984139,-0.04080451438311448,-0.04195827723063598,-0.008973143513323177,0.1505346839987104,-0.003149539535547659,0.1835913572049118,-0.059464039003005974,0.014124822149075825,-0.014982551782524089,0.2655172283605953,-0.054508654725584756,-0.0220646402023431,0.01675719049278494,0.026514387122689356,-0.023312033205679393,-0.043961296720210964,-0.016038009174812757,-0.02197387106553233,0.10121209088983706,-0.01055507190532948,-0.006829612829135412,-0.012519022615135924,-0.0136025531783097,0.0248601141645899,-0.12505439740157714,-0.007754786314863492,0.28227312948579264,-0.0025707062220251277,-0.003638023675491092,0.09717869093223813,0.02255645650203269,-0.001817140746726358,0.020648691216150268,-0.14249525361557555,0.06407059337370129,0.2158184472215754,0.3771865007133414,-0.15595369376793505,0.11149176010692327,-0.05683414154488088,0.00944039800863579,0.16565957329055997,-0.01022306083957892,-0.01071755963293197,-0.007071766604281492,-0.0018171407467263568,-0.020434419788584627,-0.010555071905329463,0.04190411061803878,-0.008179937109145856,-0.03625823610643141,-0.09487408057142682,-0.007970049577586916,-0.017578446569109153,-0.005466429625050508,0.115574118934777,-0.04425616336678461,0.07372667283592772,0.20963250841115144,-0.0068296128291354076,0.6537544207358209,-0.31403740078135733,-0.010877843413592084,-0.005466429625050501,1.0,-0.3576229050873476,0.12973549632274795,-0.15973778890911727,-0.0025707062220251277,0.003638023675491141,-0.013602553178309718,0.021145785689939967,-0.006047534612732167,-0.0025707062220251273,0.004068831624680691,-0.0018171407467263575,-0.0036380236754910934,-0.002570706222025128,-0.00546642962505051,-0.004068831624680435,-0.004068831624680429,-0.020958880017533425,-0.0031495395355476585,0.027089847481549228,-0.003638023675491094,-0.006318624614238604,-0.00817993710914586,-0.019220688634238713,-0.021238829890574837,0.019508825675491472,0.05681482969663123,-0.008973143513323205,0.01627288479161016,-0.0048176187198898865,-0.01307048366582151,0.0526321920092337,-0.056907032472754936,0.02749333178996434,-0.008384853195594198,-0.004817618719889866,-0.0018171407467263566,-0.036778950982629524,-0.007071766604281509,-0.0018171407467263575,-0.016711739724855054,-0.002570706222025127,-0.022274429496334826,-0.020295697948881218,-0.004068831624680431,0.03757955896620905,-0.03340510783740199,-0.010555071905329491,0.09653175807519038,-0.0590067511907207,-0.02611080299555657,-0.00406883162468043,-0.052786423470957286,-0.0063186246142386115,-0.07876718057364894,0.03309332866249833,0.2655172283605951,-0.013338793747273252,-0.019420473449473844,0.010875453090635213,0.0006268422311531982,0.0206169446932633,-0.030323470637381045,-0.020958880017533415,-0.014739687788449812,0.023759095331870487,0.07105686551676509,-0.014243710922284885,0.0779983816216687,-0.003638023675491089,0.10350508891895614,-0.02295987473330609,-0.03522375868534483,0.08553001308781993,0.08793554854964883,-0.014117448197845084,-0.008179937109145862,-0.013338793747273264,-0.017471917507989418,-0.014739687788449779,-0.0057641093578189246,0.059841096089828426,0.1656595732905604,-0.009161366694949819,-0.013990228415381807,-0.01871391617315627,0.02077505917054711,-0.028052481231594158,0.02998576160045198,-0.008585154401874077,-0.007533685877141794,0.021297832722243434,-0.008076916695694426,-0.020586427009915687,-0.01370302645046578,0.003068740146927234,0.028765654858899568,-0.012658844378587298,0.08210226146053884,-0.006047534612732178,-0.0018171407467263566,0.010029379976200948,-0.035593778018134854,0.03242820131493157,-0.025614369689987565
GarageCond_TA,0.04148142472425886,0.02812946103985595,0.14373154529061835,0.2580014586714225,0.15984890897311516,0.06914143547782954,-0.0053742802037332225,0.10528422493740432,0.09886302893655158,0.05236466838228754,0.27866471744352006,0.09293123767133236,0.062426835057158694,0.04566837622267806,0.007420028105891976,0.13598620043305673,0.0418948327117489,-0.014744255588679913,0.10563365435429636,-0.13446081681964347,-0.012467641560914932,-0.011341029815713364,0.03299070654557587,0.016117841658970587,-0.07160244524166395,0.01641222338154852,0.007245807392119446,-0.00494646416969092,0.005081164323863708,0.00615208364041674,0.035397185690596085,-0.05988511924555748,0.03418570508934521,-0.02912572549916941,0.018396207378142838,0.007188315360832995,0.02042994892026241,-0.035520509668739486,0.027139284439493126,0.053614027890004905,-0.06279845160153057,-0.06335286227223393,0.04642026254685807,-0.10850674748061533,0.021066004917391155,0.036168077050132634,0.03212935563399039,0.015285457243616338,0.044526041382560694,0.010824838364931352,0.04579574817920009,-0.20416026712363297,-0.0026100740577694264,0.04484614644829732,0.0026365759634168714,0.048556429620584166,0.02561739352995903,0.008727365906085058,0.01691036711212632,-0.016950428741478687,0.018528849880769933,0.014406303881660178,0.022286183195229792,0.016910367112126318,0.026133825348760457,0.007188315360833088,-0.0513057951659637,-0.044773731643285686,0.05285601265665835,0.005081164323863781,0.007188315360833087,0.005081164323863757,0.0050811643238637474,0.007188315360833054,-0.04762037955307191,0.017539492329014476,0.03380961215022302,0.056483393596052964,-0.09363313119022203,0.053866911517771544,-0.035200308541037534,-0.06778649732596784,-0.006729285394271677,0.00799557000849953,-0.011370585946439806,0.03030668386600177,-0.06778649732596774,0.0035264046897266754,-0.03954222191492752,0.007188315360833048,0.05693305057835931,0.005081164323863786,0.0050811643238637535,-0.13489053214483637,-0.06778649732596784,0.011377435748100769,0.01246764156091489,0.00508116432386374,-0.09182055659026367,-0.0037237817756454465,0.005081164323863821,0.0405272323540854,0.010799103325188181,0.005081164323863751,0.010096139103084404,0.012879946576346378,0.007188315360833025,-0.030837541645497856,0.07430283277065745,-0.0896443319397319,0.026133825348760468,0.00880687307983922,-0.03954222191492761,-0.0026100740577694316,0.005081164323863821,0.040179311767640176,-0.005098008361473156,0.016117841658970476,0.007956864558304206,0.0050811643238637665,0.03898854900257561,-0.0513057951659636,-0.056933050578359,0.07160026886029612,-0.07340688520327468,-0.01427255146374197,0.08873393736495103,-0.10710943790085752,0.03426849542871984,0.019097246658368545,0.09870599545832158,-0.11403572172580342,-0.1063625864555872,0.01586854523051824,0.005081164323863801,0.028409684955919536,0.00011132765076912353,0.12890964991215298,-0.0037084294809704814,-0.04477373164328557,0.008806873079839175,-0.20898417541134032,0.11439394125928574,-0.07408646705159327,0.006384553606289769,-0.09182055659026375,0.13669381049672608,0.03633079353056028,-0.08000411823817004,-0.02372570723763745,0.028786914944637712,0.10672413114018314,0.011457378567362116,-0.040367189699409715,-0.11813871448335254,0.029514529844645816,-0.018479545957828282,-0.02788435617584937,-0.0007708208790732229,0.011235526559332357,0.12101149161149945,-0.04468684024001627,-0.09255566911033097,-0.0918205565902636,0.010172792692354297,-0.10616451727114398,-0.012343638369055263,0.005081164323863838,-0.04394793045850958,0.2160447034285062,-0.08208241734643446,-0.07206126966585409,-0.13489053214483634,0.15001859502194634,-0.08140224991889017,0.11409757214807852,-0.09754618549263393,-0.05130579516596361,0.0031839713036946726,-0.042874464446005046,-0.016540822784318933,0.005081164323863742,0.03435750837961277,0.004876900586107899,-0.0757918017491278,0.022873079416286093,0.07461759247602374,0.1961298442021974,0.022286183195229722,0.049153581381527284,-0.03150021901567049,-0.23190794406969648,0.08336007128521293,-0.14745930784343048,-0.4570955102262352,-0.13120992380641872,-0.23379755515724057,0.5305692024765715,-0.8074873062480549,-0.40578562908996446,-0.3576229050873476,1.0,-0.10095375531717844,0.20857780551263402,0.007188315360833084,-0.010172792692354366,-0.0007708208790731561,0.032821299675754846,0.016910367112126325,0.007188315360833011,-0.011377435748100701,0.0050811643238638194,0.010172792692354273,0.0071883153608330854,-0.03150021901567044,0.011377435748100746,-0.05130579516596363,0.058606089597125426,0.008806873079839139,-0.04331413800268744,0.010172792692354353,-0.022891134873749365,-0.008631350723126827,-0.023962295659658604,0.05938889704334609,-0.03765484403182986,-0.16186139181223838,-0.003708429480970482,0.02993780212397444,-0.03954222191492757,0.036548228538742664,-0.06813159997831808,0.07499018917566198,-0.04427409975802747,-0.007309782366474276,0.013471225280475787,0.005081164323863779,0.05484346887169587,0.01977436708802047,0.005081164323863768,0.030639048613620073,0.007188315360832988,0.05596897776272967,0.05675167239057042,0.011377435748100757,-0.12087078606107977,0.10912422022403702,0.029514529844645816,-0.14834512345419462,0.0732067971648228,0.05078805505029134,0.011377435748100767,0.07160244524166391,0.017668400218088125,0.061369678929675216,-0.046880865051898965,-0.09182055659026374,0.017539492329014448,-0.030370988851594977,0.026264127763821598,-0.037966358076813075,0.02113273173869066,-0.0250095313615895,-0.00755915229260794,0.04121572633847282,-0.027078567886436374,-0.0021397446074859824,0.021232715608772747,-0.14660664314645347,0.010172792692354314,-0.06345066996558688,-0.009488879366963946,0.08941977156221842,-0.1996330584681491,-0.08509266460656442,-0.016771433704762754,-0.00863135072312682,0.017539492329014472,0.04885570040241669,0.04121572633847281,0.016117841658970643,-0.049327666783700014,-0.11398902608002806,-0.059065009233226676,-0.017598198411672882,0.10189027015305242,-0.0082566078720754,-0.048046779494678976,-0.07418316500637269,0.024006164817035984,-0.013069807712343664,-0.007039768814509937,-0.018891863261763092,0.004862695198030591,0.03456065737021778,0.008638838100506328,-0.021190359965379334,-0.026842747398448795,-0.011501292554144544,0.016910367112126328,0.005081164323863779,-0.01802773216653887,0.009340090811658203,-0.023702684307299028,0.060349463088625606
PavedDrive_P,-0.01166871577989599,0.012567801198880053,-0.07675663047341437,-0.1807020328612195,-0.13567635558824037,-0.07334187184277374,0.024459495120184624,-0.07369285532299434,-0.06261320166512811,-0.03094534001742637,-0.1278727083156555,-0.08331843384589138,-0.04224527545062135,-0.02586356653585209,-0.006859892274311303,-0.08862292093317292,-0.031265269974036135,0.031128188065365922,-0.06678953209130006,0.08833224280765944,0.00930434982336631,-0.024620299927641708,0.004603795921428924,-0.01202842064876319,0.060052577109787404,0.052368397343449134,0.0392358379246987,-0.07876116630070111,-0.0037919706103394994,-0.018324029648793184,-0.026416206851858717,-0.007591750326458868,0.047164298186206766,0.015552467628110288,-0.013728719103219936,-0.005364494995391857,-0.015246459460587378,0.04469791622282884,-0.02025350144589437,-0.049012018676004965,0.051330515915447024,0.09452334831056203,-0.013301553369364802,0.06880433385599596,-0.01572113524233983,0.05343216800567707,-0.04845094901913461,-0.011407228922153633,-0.03322888801774505,-0.024620299927641726,-0.03417644463070323,0.06645422843483824,0.0553140086003937,-0.033467775982023926,-0.0297234726020977,-0.036236685595765795,-0.01911774490797013,0.00664629686577617,-0.012619866434564407,0.007078525344922335,-0.02654484327753137,-0.010751134472528784,-0.016631729719123148,-0.01261986643456442,0.017002744039246856,-0.005364494995391862,-0.008490751179843282,0.06616426541060427,-0.03312174235714359,-0.003791970610339498,-0.00536449499539186,-0.003791970610339499,-0.0037919706103394994,-0.00536449499539186,-0.021333265637916793,-0.0017843019688105698,-0.025231432689256986,-0.04215241917734393,0.03529039577269965,-0.047487516541463964,-0.010751134472528782,0.04321348203350856,-0.0015086122227012454,-0.023355599565796786,-0.03126526997403607,0.029849840989469727,0.04321348203350861,-0.03499480511514066,-0.010053304143091149,-0.005364494995391859,0.019503147574430165,-0.0037919706103394977,-0.0037919706103394977,-0.003791970610339498,-0.012619866434564433,-0.008490751179843286,-0.009304349823366233,-0.0037919706103394994,-0.00536449499539186,0.02582052924572844,-0.003791970610339497,-0.030244657367867446,-0.00755176378001005,-0.003791970610339499,0.019966545035560234,-0.022490086855995045,-0.005364494995391858,0.05531400860039357,-0.07661246853802424,0.05224583385082192,0.05350863565292392,-0.006572392026547607,-0.010053304143091158,0.01809813184621177,-0.003791970610339497,-0.029985011240633175,-0.017348492209741974,-0.012028420648763201,0.008227883204541746,-0.003791970610339499,0.0013392162877456826,-0.008490751179843282,0.05350863565292401,-0.06454685936067181,0.05584861130515963,0.036970026315879714,-0.07492774039416024,0.08940626914275185,-0.027828590728430035,-0.0142518906005133,-0.09239398964720283,0.10331219148289493,0.050151527389833694,0.03218696997235117,-0.003791970610339498,-0.04932160061724306,-0.01974824071905096,-0.07089629642956873,0.01924510269175818,-0.009304349823366208,-0.006572392026547603,0.040426999219843315,-0.104544719123964,0.1151565347658608,-0.00785640117296294,-0.005364494995391864,-0.012674112805659594,-0.012599110295073088,0.02982715041203878,0.027265209233496766,0.03133571523039198,-0.09173749774516364,-0.011457436822674865,0.021260907617397705,0.0869927083759947,-0.02202609925903384,-0.01425189060051331,-0.026124429773694245,-0.02838551827680645,0.05187755678894909,-0.07724286381652141,0.027570224245943853,0.059841096089828405,0.12517154989247672,-0.007591750326458865,0.18747162726390465,0.05264394911781854,-0.003791970610339499,0.02339189966452401,-0.07923748935873265,0.08762632393847174,-0.006572392026547597,-0.0037919706103394994,-0.059212505819688774,0.06583351502447961,-0.05950252763493221,0.05694581757581375,-0.008490751179843282,-0.021333265637916786,-0.022365175188468304,-0.014757211941301598,-0.0037919706103395003,0.039275629491923376,-0.022026099259033798,0.05470893273396069,0.024466596588294635,-0.052134085140060196,-0.07640284370067867,-0.01663172971912313,-0.03668232792950691,-0.011407228922153623,0.10991225655790349,-0.060401369892469164,0.10548285578092674,0.05452312220707017,0.08483268214591255,-0.006572392026547603,-0.08254352741370088,0.07199032481394557,-0.011407228922153623,0.12973549632274795,-0.10095375531717844,1.0,-0.48401005595517804,-0.0053644949953918575,0.007591750326458742,-0.0028035079779561802,0.026808080652112445,-0.012619866434564425,-0.00536449499539186,0.008490751179843332,-0.003791970610339497,-0.007591750326458867,-0.005364494995391859,-0.011407228922153618,-0.00849075117984329,-0.00849075117984328,-0.04373654445606184,-0.0065723920265476025,0.056530516787802305,0.08477454531212403,-0.01318557127626213,-0.01706971854997297,0.055153397838485656,-0.04432073788898865,0.04906442889821737,0.12053327308110286,-0.0187249647811701,0.011004878051797179,-0.010053304143091156,-0.02727520694971316,-0.003997075825062632,0.004653604276155644,0.022202233789358244,-0.017497333075043562,-0.010053304143091166,-0.003791970610339498,-0.059873881597861035,-0.014757211941301609,-0.0037919706103394994,0.028770804599878835,-0.0053644949953918575,-0.003459995307384492,0.0293399380496884,-0.008490751179843284,0.09368602678456601,-0.0849035250616442,-0.02202609925903381,0.12684734902593575,-0.07723030493901707,-0.05448746760529569,-0.008490751179843287,-0.019971771358797883,-0.013185571276262133,0.009101757775655224,-0.007856401172962919,-0.00536449499539186,-0.0017843019688105952,-0.003313465378086458,0.0016793091675819632,0.03910617210104412,-0.0025337015445418853,-0.010636535585819402,-0.008842907895487903,-0.006997958001222778,0.0034553944540202703,0.008039400388077659,-0.005205805935960591,0.058752262252343763,0.08477454531212415,-0.013185571276262123,0.09782069596077451,-0.0495764042614498,0.14026321924785115,0.03112818806536589,-0.029459990237773532,-0.017069718549972985,-0.001784301968810567,-0.03646002535352823,-0.030758466563514098,-0.012028420648763211,-0.020979020979020945,-0.008490751179843303,0.018098131846211774,0.02065810406621631,-0.0863215270822334,0.03605245408394283,0.010946376984624596,0.07850069316932728,0.021715536201772738,-0.01572113524233981,0.05829107694310605,-0.04507887206267498,-0.0028131901630280946,0.025881524566912974,0.031170724924709788,-0.03370531215485199,-0.02641620685185871,-0.016182522926967095,-0.012619866434564435,-0.003791970610339498,0.02588152456691299,0.008958768828313682,-0.01081921277057006,-0.02372229415107317
PavedDrive_Y,0.07432154470122943,0.010430963918537832,0.22712859771707655,0.4330601893627685,0.1872765094678277,0.14916933870777382,-0.015492524468648258,0.20912389254475874,0.16384794735061836,0.08046552114243101,0.17741041784243192,0.27897213981127933,0.11470825513285102,0.03216300714386822,-0.03864364232772427,0.2319680345104215,0.06459632313286365,-0.11221980031210849,0.22956856563251754,-0.23847799117709897,0.01975744897748985,-0.06989088626214873,0.03577255421109975,-0.00538451169591679,-0.11889737835463428,-0.012209721884342589,-0.016741498208043566,0.12153691174031464,0.007834487246047375,0.05818003507847553,0.04044950857333201,0.015685108672952686,-0.06410045518452467,-0.03213252996865522,0.001818239281461762,0.011083437067862556,0.007546945635024827,-0.1306530557783197,0.00547972961373338,0.10126239749147643,-0.010977372473071569,-0.1360553111887339,0.06055094997894133,-0.2532267532682391,0.032481009534635945,0.0003793633941172337,0.12082397871176484,0.023568165127565054,0.06865330091576088,0.05086733142156395,0.07061102183767058,-0.2399541284696932,-0.09506008985918453,0.023671898303980393,0.03608321573931609,0.07486762960793013,0.039498652296060054,0.01759378292765116,0.02607356247931572,-0.12356420170139232,0.10561362945661817,0.022212626246600888,0.03436236399324592,0.026073562479315755,0.002583007836736911,0.011083437067862502,0.01754250986188102,-0.05873836182496964,0.04370157917646898,0.007834487246047274,0.01108343706786255,-0.08748510758086195,0.007834487246047394,0.01108343706786248,-0.1635080363400699,-0.023224935649989155,0.037380021681580444,0.08708996571188521,-0.07291252596612967,0.09312504357783329,-0.011569076170104673,-0.11812113911083955,0.01936932356793245,0.0482543684339476,0.0645963231328638,-0.00735764477462678,-0.1469600794288708,0.047168326377738545,-0.0514326007633072,-0.056340805094968006,-0.04029492225309523,0.00783448724604728,0.007834487246047262,0.007834487246047388,0.026073562479315734,0.017542509861880967,0.019223463869989965,0.007834487246047388,0.011083437067862576,0.015215191886642398,0.007834487246047402,0.03756089045544845,0.0850526173218421,0.00783448724604739,-0.041252335132080875,0.055994328663306475,0.011083437067862653,-0.05661473495768603,0.12697271795707463,-0.20106966457183656,-0.07284082099598006,0.013579040240346254,0.020770858000566318,0.001053297394561662,0.007834487246047402,0.03682655583141295,0.08588668859085767,0.02485159244269315,-0.03815207483114666,0.007834487246047276,0.030897254500868464,0.017542509861881068,-0.07284082099597981,0.1228680227585059,-0.18837925870167346,-0.04505724896105764,0.17647605917449574,-0.21522788965534265,0.08394883639423126,-0.17527049511088785,0.18031974190512495,-0.16205905851949867,-0.21271314046037956,-0.01662515560179387,0.007834487246047277,0.10952378597496132,0.05086378592026045,0.16655731039328908,-0.09859847478225445,-0.058738361824969394,0.013579040240346306,-0.11613118637787086,0.20085508303619423,-0.212938625482272,0.04041410985748403,-0.05634080509496822,0.09177809898204167,0.06058048880773658,-0.04303568481084378,-0.07769413602456927,0.017883243302724644,0.16746911649330765,0.03504063893681315,-0.043926582424904485,-0.2385457412358082,0.045507524044239175,0.029445443178629085,0.053974973148313114,0.0322193990300596,-0.0836155036563433,0.17662157779232665,-0.12475935960970838,-0.12363605952718054,-0.05634080509496802,-0.03202376354061164,-0.17962856711449246,-0.07517936547675914,0.007834487246047286,-0.053807695956746934,0.32548179872871497,-0.18104236236485646,-0.09656206393135125,-0.08748510758086193,0.22929095441005684,-0.22881336418001005,0.1534616148050743,-0.10767887605928453,-0.0678310381326067,0.026777403052793948,-0.03646814124591498,-0.0684319301833079,0.007834487246047303,0.04720010298694622,0.028729497502676057,-0.12430501695423328,-0.029095506654167196,0.1198658826787265,0.14738759562458903,0.012358394067746423,0.06531004430155095,-0.008292502544884091,-0.19318624939305362,0.15780063574756353,-0.25790830627361017,-0.1825752512854696,-0.021733541393750055,-0.04149151184550256,0.17054093483823188,-0.1976463460469534,0.023568165127565047,-0.15973778890911727,0.20857780551263402,-0.48401005595517804,1.0,0.011083437067862656,-0.015685108672952742,0.019005825270540733,-0.010660857895233576,-0.002765377838715297,-0.05634080509496801,0.06783103813260653,0.00783448724604742,0.015685108672952756,0.011083437067862538,-0.07201383788978201,0.01754250986188088,-0.02514426413536283,0.08135128475437384,-0.04149151184550234,-0.06525657742433186,-0.1274415079677406,-0.000378365970167998,0.035267280792929914,-0.035965763476583715,0.08265706929478608,-0.10137068082478241,-0.2561652188179908,0.01907490929029995,0.04181059406522142,0.020770858000566435,0.015215191886642337,-0.06130162163316449,0.10569285984402288,-0.06706519313498686,-0.026682706409000473,-0.015330871381370431,-0.08748510758086193,0.13387314042639767,-0.01897122816963,0.007834487246047333,0.028220212911259077,0.011083437067862554,0.11753951546664933,0.03195784248794709,0.017542509861880926,-0.14840223034648886,0.13046800129485078,0.04550752404423918,-0.10714138864834764,0.16962226509663228,0.09744067132033285,-0.025144264135362734,0.11889737835463442,-0.027999081792429086,0.13503859193939824,-0.1167702764324845,-0.12376504725779877,0.03059793109443031,0.01645639570297095,0.0218583222096237,-0.02325353978500367,-0.0013538306338215847,0.0015830066199663455,-0.00876470594470491,0.0021855555429780497,-0.007139096412369254,-0.00558699538459049,0.036083215739315985,-0.20365233251445256,-0.03202376354061174,-0.0556197976146902,-0.1686497076831138,0.13950586837734838,-0.2018577102348006,-0.06431310193325525,0.06086648381640589,0.03526728079292992,-0.023224935649989165,0.07532906580127868,0.05127649543140808,0.024851592442693124,-0.16759751191283737,-0.11051781212985078,-0.1335054447606829,-0.06843092896839473,0.1884000695870271,0.00470063553717926,-0.08721913994661121,-0.1046018873343099,-0.044865878166348815,-0.014011415877686017,-0.08038051685540062,0.010222269184646594,0.07280614922015936,0.012182712360390858,-0.04947631319250677,0.013153774150454257,-0.0019353831853269035,-0.011763909839128783,-0.0027653778387151736,-0.08748510758086193,-0.005723421914277549,-0.03693480282110166,0.010528719295029553,0.025978456169608408
PoolQC_Fa,0.017786896064714557,0.010761514715883514,0.01073413201930831,0.005804952251737085,0.006521927440865974,0.007868446387632653,-0.04198615791171495,0.013391666932454865,0.018005367017061173,0.0374414552185431,-0.005952023758478228,0.008841109525543124,0.011308191493212051,0.005222684125869424,0.07143081172518795,0.016126572327413203,-0.007994766985218954,-0.003898635477582852,0.019190125446325302,-0.015516854389532169,0.0023791929143281414,-0.006295597677267977,-0.006295597677267974,-0.0030757585131014837,-0.010266516035504469,-0.006974477566247307,-0.00588887711114644,0.012486134942289385,-0.0009696356842476744,-0.009715716033719205,-0.006754824717308874,-0.0019412682161517045,0.023065264938134853,-0.007994766985218928,-0.0035105377412993424,-0.0013717421124828562,-0.003898635477582847,-0.00753314324595353,-0.005178974140609908,-0.012532745410970601,-0.007046376220444557,-0.010043076750863722,-0.00885835217455685,-0.005972204189622776,-0.004020013680035244,-0.006901933474916697,-0.015808622034013134,-0.0029169150707926985,0.16144070161261753,-0.006295597677267976,-0.00873917645466078,-0.010727330466560613,-0.004888552568041254,-0.00855796449901076,-0.007600517687601897,-0.009265995716504863,-0.004888552568041239,-0.006054499336712149,-0.0032269956924316874,-0.008976284567380784,-0.03910315820661903,-0.0027491467371303967,-0.004252859603513771,-0.0032269956924316895,0.13503540314077653,-0.001371742112482857,-0.002171149562076112,-0.002379192914327908,0.0037735311711741115,-0.0009696356842476745,-0.001371742112482856,-0.0009696356842476741,-0.0009696356842476744,-0.001371742112482857,-0.005455078045081898,-0.007117649210979693,-0.006451868965832089,-0.010778693722011547,-0.0036443166665298863,0.0002029457153801064,-0.0027491467371303932,-0.003226995692431685,0.015706089547585695,-0.005972204189622778,-0.007994766985218936,-0.02523131548858825,-0.0032269956924316904,0.028379330185249997,-0.0025707062220251243,-0.001371742112482856,0.004987102956903643,-0.0009696356842476744,-0.0009696356842476742,-0.0009696356842476741,-0.0032269956924316856,-0.002171149562076109,-0.0023791929143279103,-0.0009696356842476744,-0.0013717421124828568,-0.006974477566247312,-0.0009696356842476739,-0.00773378859049304,0.035889147186151264,-0.0009696356842476744,-0.015600435910633932,0.06028737812642987,-0.0013717421124828562,-0.004888552568041242,-0.027341601303312098,-0.015011395861773575,-0.0049871029569036815,-0.0016806105570620123,-0.002570706222025129,-0.004888552568041252,-0.0009696356842476739,-0.007667395103803949,0.038034456655373354,-0.0030757585131014832,-0.015349141909586297,-0.0009696356842476746,0.05033982304702614,-0.002171149562076113,-0.004987102956903671,-0.0268919662742531,-0.014627418049533585,-0.0060544993367121405,0.05593572242385782,-0.0451030400442485,-0.011481248270994497,-0.0036443166665298767,-0.02624297183773524,0.028961897979320483,-0.005178974140609898,-0.012345679012345658,-0.0009696356842476744,0.01380073524522712,0.04227480670794072,-0.03304023315754674,-0.004788115706539688,-0.0023791929143279085,-0.0016806105570620119,-0.00580447340718058,0.005750478383177324,0.0022364354831558076,-0.00799476698521894,-0.0013717421124828583,0.010675796852032902,-0.011773805930454755,-0.010778693722011555,0.025479202471460804,0.04891718367136457,-0.023457974899583192,-0.008557964499010758,-0.011725371050416572,-0.02539920082100836,-0.00563224086392069,-0.003644316666529875,0.2053440033662893,-0.0072583926051557135,-0.10340685505325496,0.005544305100482257,-0.004137994015132547,-0.00257070622202513,-0.001371742112482856,-0.0019412682161517047,0.09592278972282178,-0.016468077582163246,-0.0009696356842476752,0.01682989651834191,0.00977083575093257,-0.005083876860598746,-0.0016806105570620086,-0.000969635684247675,0.011333149284483427,-0.006135804313373563,0.04523172431477803,-0.03729159011552989,-0.0021711495620761138,-0.005455078045081891,-0.005718945154284299,-0.0037735311711740295,-0.0009696356842476745,0.010043076750863753,0.11895975400462788,-0.06134735194495436,-0.0043648566739910395,0.025776171527149058,0.027095980340908186,-0.004252859603513766,-0.009379949845798086,-0.0029169150707926946,-0.02224292294606093,0.058086965214759416,-0.034868062305564856,-0.006828723154033362,-0.0036443166665298733,-0.0016806105570620104,0.008185987451268379,-0.005804473407180591,-0.0029169150707927002,-0.0025707062220251277,0.007188315360833084,-0.0053644949953918575,0.011083437067862656,1.0,-0.7066216306792189,-0.007258392605155705,-0.05514355849756044,-0.0032269956924316865,-0.0013717421124828564,-0.3148166865010356,0.7068644138165531,-0.0019412682161517052,-0.0013717421124828568,-0.002916915070792695,-0.0021711495620761107,-0.0021711495620761125,-0.011183766586863217,-0.0016806105570620112,0.014455282479498881,-0.0019412682161517039,-0.003371650716857804,-0.004364856673991041,0.017320422134876095,-0.011333149284483422,0.005069667604818762,-0.015096133885994135,-0.0047881157065396964,0.057593832368343596,0.5336051629432151,-0.006974477566247318,-0.021109937714224147,-0.003773879347805681,-0.015307096172391175,0.15105754655162826,-0.0025707062220251264,-0.0009696356842476745,0.04510304004424843,-0.0037735311711740225,-0.0009696356842476745,-0.008917470598945858,-0.001371742112482856,0.00408344805231962,0.05791636404175043,-0.0021711495620761103,0.00408344805231968,-0.03901789167165746,0.11895975400462784,-0.021539570719687654,0.03253877417302879,-0.013932859287022174,-0.0021711495620761125,0.04870014016841864,-0.003371650716857803,0.00818598745126834,-0.007994766985218928,-0.0013717421124828562,-0.007117649210979695,-0.010362864899440891,-0.012109421449406028,-0.014926448946153246,-0.01695675953224657,0.0342976803558543,-0.011183766586863222,-0.007865173504087867,-0.009436534059849986,-0.008858352174556841,-0.007600517687601891,-0.008248922364374904,-0.0019412682161517052,-0.003371650716857798,-0.012251507698221593,0.027093293516328158,-0.007667395103803948,-0.00389863547758285,-0.007533143245953508,-0.004364856673991033,-0.007117649210979693,-0.009323105388781098,-0.007865173504087854,-0.0030757585131014867,-0.005364494995391861,-0.0021711495620761107,-0.004888552568041244,-0.007465258113202614,-0.004653241798111376,0.03208709461771445,-0.014968948818546301,-0.008435440200012466,-0.004581082713504681,-0.004020013680035249,-0.009880391993036015,0.029520391336793787,-0.022830027179964345,-0.019975740260252096,-0.014195243193683007,-0.00861870430243792,-0.00675482471730889,-0.004137994015132555,0.21092817298712568,-0.0009696356842476745,-0.019975740260252124,-0.018993023719131485,-0.020328164081369383,-0.013667959912113576
PoolQC_Gd,-0.1283646301584057,-0.033891031047522925,-0.06258081016897134,0.008276908711073129,-0.014943953534041808,0.009390065970146758,0.05031095954275403,-0.05851139708918426,-0.061761461799789114,-0.14016895823874698,0.02854895692882177,-0.04684455137761989,-0.006172568282823199,-0.0038299532503542275,-0.04824584476473724,-0.11340733351365019,0.011314070555035497,0.005517288614325527,-0.02715756865223551,0.02195921227972792,-0.003366997005230524,0.008909432437295313,0.008909432437295282,0.004352765864448701,0.01452901466607536,0.009870172753617807,0.008333847784260225,-0.017670185004508367,0.0013722134196706285,0.013749531024659185,0.009559323439923509,0.0027472527472527843,0.025761267567985052,0.011314070555034968,0.004968058701974756,0.001941268216151603,0.005517288614326046,0.010660787780742835,0.007329204082858143,0.01773614741870275,0.009971922616735261,0.014212806847152426,0.012536202954956228,0.008451770976614969,0.005689061168664139,0.009767509477854949,-0.013920428564887902,0.004127973082268897,-0.10822186580487345,-0.0704062465776513,0.012367547319858731,0.015181152119911046,0.00691820396630382,0.012111098963648067,0.01075613504825228,0.013113093789101995,0.0069182039663038845,0.008568233795634523,0.004566794380933159,0.012703099052815912,0.055338184551515235,0.0038905499319172782,0.006018581117345245,0.004566794380933403,-0.09202117125884468,0.00194126821615179,0.00307257727164265,0.003366997005230736,-0.005340242935313344,0.0013722134196708167,0.0019412682161515868,0.0013722134196707066,0.001372213419670695,0.0019412682161518814,0.00771994205702201,0.010072787050317016,0.009130585147288074,0.015253840604413363,0.005157380567344377,0.02592030871663086,0.003890549931917758,0.0045667943809330775,-0.050693191986339384,0.008451770976614426,0.011314070555035366,0.03570696734026632,0.004566794380933405,-0.04016198903785534,0.0036380236754911745,0.0019412682161516362,-0.007057670952005855,0.0013722134196710192,0.0013722134196711552,0.0013722134196707397,0.0045667943809328294,0.0030725772716428774,0.0033669970052305053,0.0013722134196706333,0.0019412682161515777,0.009870172753618506,0.0013722134196707558,0.010944737968266071,-0.014297119134799018,0.0013722134196704843,0.022077495555348572,-0.03525187390234109,0.001941268216151488,-0.09408757394173568,0.03869341117824412,-0.016396987064822333,0.007057670952005857,0.0023783740605938376,0.0036380236754909724,0.006918203966304142,0.0013722134196707558,0.010850778933039207,-0.016260941481098936,-0.15452318818792396,0.0217218681726911,0.0013722134196707397,-0.027017943795716277,0.0030725772716425704,-0.09202117125884456,0.038057094641164954,0.02070049573132032,0.008568233795634643,-0.02222701494785624,0.01039419229363662,0.016248084933316538,0.005157380567343973,-0.018417116304646815,0.013020959700851325,0.007329204082858272,-0.026207120918047975,0.0013722134196710331,0.020518088606486407,-0.0069532186859660415,-0.005998324924114629,0.006776067273707794,0.003366997005230139,0.002378374060593799,0.008214400968169236,0.018383133709981923,-0.0031649688971538306,0.01131407055503546,0.0019412682161517325,-0.015108222545878075,0.016662108006992887,0.015253840604413205,-0.007995753537323735,-0.025811382506821485,-0.02477889308609613,0.01211109896364871,0.016593563714071263,0.0359445560654493,0.007970660137458528,0.005157380567343818,-0.2155863083368631,0.010271964924395019,0.1050615587597929,-0.007846214805444136,0.005856025113687804,0.003638023675491173,0.0019412682161517227,0.0027472527472526937,-0.0629904692857593,-0.011991144023393165,0.001372213419670936,0.004968532380089949,-0.013827535595734079,0.007194623883381897,0.002378374060594406,0.0013722134196707586,-0.016038497538760597,0.00868329534078334,-0.03727885512196193,0.05277448141473472,0.0030725772716424884,0.007719942057022306,0.00809336270782843,0.005340242935312781,0.001372213419670639,-0.014212806847152523,-0.08018967168594472,0.0868178234028669,0.006177077638842311,-0.03647803917688242,-0.010848324077925147,0.006018581117345218,0.013274359909959241,0.004127973082268731,0.0017894379581582485,-0.024391871444021416,0.023089886726962317,0.009663903364336087,0.005157380567343945,0.002378374060594049,-0.01158468280032705,0.008214400968169059,0.004127973082268886,0.003638023675491141,-0.010172792692354366,0.007591750326458742,-0.015685108672952742,-0.7066216306792189,1.0,0.010271964924395121,0.07803831089143885,0.004566794380933186,0.0019412682161513643,0.22122556355827844,-0.49948568476016286,0.002747252747252698,0.0019412682161516225,0.004127973082268659,0.0030725772716432165,0.003072577271642753,0.01582709345610209,0.002378374060593622,-0.02045689213561747,0.002747252747252846,0.004771507933626012,0.006177077638842444,0.043784067691059886,0.016038497538760344,-0.03362601046760834,-0.016125571998556493,0.006776067273708377,-0.03305369583238035,-0.755149771498366,0.009870172753618359,0.029874457273453232,0.03168355349876445,-0.052579544905019676,-0.10372124149032863,0.003638023675491173,0.0013722134196707866,-0.06382912450740359,0.005340242935313009,0.001372213419670536,-0.04495827417313554,0.0019412682161516004,-0.005778832510964419,-0.08196234240109483,0.0030725772716429685,0.02058709082030997,0.028974816690299252,-0.16835000350934806,0.030482467256179806,-0.019621239341963546,-0.020044377417099114,0.003072577271642473,-0.041724349810267666,0.004771507933626107,-0.011584682800326682,0.011314070555035508,0.001941268216151807,0.010072787050317472,-0.03583330015782943,0.01713706589729834,0.021123679630081375,0.023996943761751755,-0.04853754663989981,0.0158270934561018,0.01113067186540531,0.013354437014303158,0.012536202954955951,0.010756135048252593,0.011673747315725264,0.002747252747252791,0.004771507933626581,0.017338144158487282,-0.038342009839531156,0.01085077893303911,-0.12034585789998334,0.010660787780742524,0.006177077638842288,0.010072787050317009,0.01319391451379634,0.011130671865405206,0.004352765864448623,0.007591750326459017,0.003072577271643,0.006918203966303921,-0.05708654525709368,0.0065851958050571115,-0.010734801399423231,0.021183824792000663,0.01193770447120884,0.006483077384853445,0.005689061168663961,0.013982577894677245,-0.008263543080029969,0.03230870127485291,0.028269358583108993,-0.019122043657231698,0.012197056993788327,-0.06467797561480208,0.0058560251136876625,-0.1469677464409402,0.0013722134196707866,-0.003093303674747326,0.026878633337158044,0.028768103322607416,0.01934268541846914
Fence_GdWo,0.02071691066944991,-0.017339415261291284,-0.13220560142319138,-0.0866007002046135,-0.11285014922531741,-0.01497170227236748,-0.080641246700949,-0.05840899135299947,-0.030331403549547668,-0.07880206774648757,-0.1013170212790084,-0.07542462545262674,-0.010983651991280076,-0.04770675127380833,-0.002183637983267676,-0.10004697881045686,-0.0247070297788307,-0.020629115825179383,0.021579048418706125,-0.010824631780118906,0.01258918575032991,-0.011344847948053077,-0.03331232540714788,-0.016274970815273817,0.058657448375165254,-0.03690452886953023,-0.031160217133561523,0.06606873748889312,-0.005130699434093792,-0.021835841829840816,0.005379647415770534,-0.010271964924394954,0.0007312172690218476,-0.0247070297788307,-0.018575547801362512,-0.007258392605155704,-0.020629115825179366,-0.002698101709315232,-0.0009424607635127164,-0.04240908887911491,0.0022473875113858777,-0.02440577967839161,-0.046872803081980226,0.014582704273945193,0.012558914969619833,-0.016369431687788615,0.17769439390816547,-0.015434471674407814,0.004995568398697362,-0.03331232540714785,-0.046242200466418665,0.011144080951995332,0.0021076922083012382,0.020896516849313814,-0.021787438672425757,-0.0336156046061741,-0.02586713164733359,-0.03203658531264997,-0.01707522241802449,0.03177314019334198,-0.016917105073953467,-0.014546747647163608,-0.022503446104047243,-0.017075222418024488,0.0010525366740383054,-0.007258392605155705,-0.011488351770097922,-0.012589185750329891,0.019967142875418946,-0.0051306994340937885,-0.007258392605155701,-0.005130699434093789,-0.005130699434093792,-0.007258392605155702,-0.02886482654622492,-0.018079955313042906,-0.01267355846561878,-0.05703403729690826,-0.01928342135338269,0.044624869938739965,-0.014546747647163575,-0.01707522241802445,-0.082458697441416,-0.03160113138757322,0.0984665528258765,-0.01933384214716267,0.06686358138775243,-0.0052861056804842654,0.038936408833151026,-0.007258392605155705,-0.0010525366740382943,-0.005130699434093786,-0.0051306994340937885,-0.005130699434093789,0.02489417948486396,-0.011488351770097932,-0.012589185750329888,-0.005130699434093792,-0.007258392605155701,0.022962817963263278,-0.005130699434093789,-0.0227843171026766,0.038296212261940445,-0.00513069943409379,0.008755053854330348,-0.0276567794773234,-0.007258392605155704,0.030082516063936127,-0.06872167852548836,0.045670580984571635,0.05593480610603601,0.07125162097006837,-0.013602553178309714,-0.025867131647333647,-0.005130699434093789,-0.02228901205086418,0.066001609789216,-0.01627497081527381,-0.009389684719202042,-0.005130699434093789,-0.015335035080857208,-0.011488351770097929,0.0284936713900371,-0.0659611054925837,0.0500714697756522,0.03634559971142747,0.027918236134389054,0.00553459941198137,-0.060751512102596515,-0.019283421353382645,-0.10808748808786627,0.12333201106119285,-0.027403859123677203,-0.016936249412029973,0.1335882111914049,0.01756484314003048,0.12850580094081013,-0.11638189190201849,-0.025335683231356584,0.044139861149304696,-0.008892729273614074,-0.006987751642748294,-0.13117000162060938,0.16453768362987084,-0.00711080369244397,-0.007258392605155705,0.029216167565449775,-0.024589205790195703,-0.0029276731296008717,0.026010019259987773,0.042398571328880065,-0.07595301691268558,0.004351552315692283,0.1145320917525797,-0.0643683564914451,0.09228331766541512,-0.019283421353382662,0.006204307701689777,0.019282440335071913,-0.06699772462599873,-0.04502408406163518,0.04388140551819989,0.038936408833151116,-0.007258392605155704,-0.010271964924394944,-0.016369431687788608,0.020395294683657396,-0.005130699434093786,0.10499843840534617,-0.021869661712004645,-0.026900664399448784,-0.008892729273614099,-0.005130699434093789,-0.004886270549401422,-0.009958951910439709,-0.10864418717699151,0.13657035752432933,-0.011488351770097915,0.0970092677115061,0.04193033627981575,0.016023015887681853,-0.005130699434093789,-0.09053756977467879,0.019031970913961967,-0.0047191692514706425,0.07057130618477347,-0.013943182162983563,0.02152239182921917,0.009519001568378649,-0.003885393487233023,-0.015434471674407814,-0.019024566145614142,-0.004869322321063329,0.07727832362274725,0.004572422323648977,-0.01928342135338268,-0.008892729273614095,0.008870625127363736,0.01673810277216459,-0.015434471674407825,-0.013602553178309718,-0.0007708208790731561,-0.0028035079779561802,0.019005825270540733,-0.007258392605155705,0.010271964924395121,1.0,-0.6432749001509602,-0.01707522241802448,-0.007258392605155707,0.011488351770097991,-0.005130699434093789,0.05915890910160801,-0.007258392605155702,-0.015434471674407816,-0.011488351770097948,-0.011488351770097927,-0.0591774269763773,-0.008892729273614078,0.04434291290822777,-0.010271964924394961,-0.017840645415567884,0.03934884950908582,0.00652968058397782,-0.05996786583356314,-0.06108742407647286,0.0239523820738294,-0.025335683231356668,-0.0038971550736603346,-0.013602553178309709,-0.0169487465919324,0.006402033016591422,0.0238068682488076,-0.029589898767243664,0.006805938422975129,-0.013602553178309692,-0.005130699434093788,0.01666461800970227,-0.019967142875418925,-0.00513069943409379,-0.015291636251554386,-0.007258392605155702,-0.036811972279945836,-0.01688696048447583,0.05063384669043161,0.12384027631133927,-0.11923907147953669,-0.005385144669855672,0.11150282305683659,-0.06936315667835372,-0.06271131682035486,0.05063384669043164,-0.08125372136401512,-0.017840645415567884,0.04331507376021194,-0.04230325586521748,-0.007258392605155701,-0.03766210275892009,-0.01287500669829577,-0.014929048232168993,0.036163931190396084,-0.013016679577573092,0.013307570615603111,-0.019833600298093598,-0.023756978657797714,-0.004425948213925277,0.049377959927430715,0.033501658306267765,0.02476437275121532,-0.010271964924394958,-0.017840645415567898,0.032547008553633454,-0.06348175049785436,-0.02228901205086417,-0.020629115825179376,0.07162696424540567,-0.023096063842289467,-0.018079955313042906,-0.04933198346483069,-0.04161752903904632,0.02772772805565174,-0.02838551827680641,0.05063384669043159,0.0021076922083012642,-0.02076455908237211,-0.024622015720054274,0.01612861919288073,0.014810919168849329,0.0056482587169405995,0.00554994373567668,-0.021271372586920762,-0.023136096994137104,0.0633840661215728,0.0660660721469995,-0.0535812882297285,-0.03167241007455372,-0.04560473795005781,-0.015181308675917875,0.010992877768419687,-0.017075222418024467,-0.005130699434093788,0.007222705297678255,-0.02005573783594679,0.030102777579444233,-0.02762784898544641
Fence_MnPrv,-0.032966774694598404,0.015117004237862613,0.08586105374614746,0.1263094913398954,0.08873062011223698,0.0299789109728459,0.10998502651194565,0.077351556648049,0.0402284558323789,0.035913233836885695,0.13982218535513444,0.06287351469050786,-0.04540750500014865,0.01705878699139267,-0.009102052288729429,0.08723920391775536,0.05385004639006591,0.03206889592666885,-0.04357029184519505,0.010444364170826241,-0.019570460074496275,0.007170929641768578,0.0071709296417685605,0.02530018008079359,-0.043027773993650965,0.05736976347261447,0.03259714855148687,-0.0702426787849592,0.007975904909222719,0.019856157517762714,-0.00011440556875670552,0.015968235231911636,0.034756337199333194,0.030025480411430747,0.02887653131966342,-0.12157061741376356,0.03206889592666882,-0.02608878150725533,0.024686719364997278,0.062630098463751,-0.00894530517526082,0.00479677083485484,0.062005933382649314,0.002227131965218748,-0.012737503940080271,-0.011436833517638242,-0.18298331271402143,0.023993586055954863,-0.03156437212990026,0.0369139900877404,0.07188559736368834,-0.012897123573805104,0.021273248904674552,-0.030410397656377604,-0.012339797933975346,0.06578394987919521,0.04021162902712876,0.03437121375991631,0.02654420748270667,-0.03349230220381034,0.03582586945197734,0.022613578803945086,0.013304089172123553,0.026544207482706698,-0.03328606204360906,0.011283500418642777,-0.024196286354196503,-0.05723833484153727,0.017689364891600858,0.007975904909222786,0.011283500418642721,0.007975904909222717,0.007975904909222713,0.011283500418642742,0.0448716816705441,0.0187773137756663,0.024007341977304128,0.07034754943882307,-0.020445110701626697,0.022899916194562747,-0.010668502903474006,0.026544207482706708,0.046939442315337795,0.017859885182619495,-0.14865876442833353,0.01133749205038488,-0.058693057014547835,0.007988215304345157,-0.014422010516640974,0.01128350041864272,0.03328606204360917,0.007975904909222765,0.007975904909222719,0.007975904909222708,-0.030280635515462943,0.017859163737621215,-0.057238334841537224,0.007975904909222696,0.011283500418642728,-0.023688160401595732,0.00797590490922269,0.014499379435160732,-0.04888962399573036,-0.08593394321549648,-0.015899389386638162,0.011007519541870707,0.011283500418642652,-0.054480271585142015,0.12206607156258599,-0.08119128517235091,-0.014708978487160624,-0.04043192513899678,0.021145785689940015,0.0023348687822203444,0.00797590490922269,0.013563328112820665,-0.06634238553604148,-0.004488741627237562,-0.005728573734655643,0.007975904909222778,0.0004997660186831425,0.017859163737621205,-0.03328606204360913,0.1230188045895672,-0.0882257218867537,-0.02735322915457043,-0.022446119611851466,-0.014726472683199184,0.08575374284994373,0.029976952853060755,0.132533321717826,-0.15215771403689804,0.024686719364997254,-0.06224124424477114,-0.08593394321549638,0.05167869532792296,-0.13955177432248356,0.148131741823636,0.020063296386016963,-0.05723833484153718,-0.04043192513899689,0.015621862768244623,0.1416594167897276,-0.19069182535800558,0.006200914432795568,0.011283500418642792,-0.023193233371866743,0.037279512303226056,-0.021224688596734844,-0.0359516742641352,-0.03606269379772462,0.07338285740814043,-0.01920979710685403,-0.12554986008056285,0.06143509091789553,-0.08591011375046542,-0.045656142478970464,-0.02943985439260047,-0.018403739658344187,0.09985123204918726,0.004735262416204063,-0.010491932402250066,-0.01442201051664109,0.01128350041864273,0.015968235231911574,0.015847115723786245,-0.029989626074654333,0.007975904909222783,-0.10605336853596775,-0.020604626333766658,0.023582125215235145,0.013824150874730518,0.007975904909222746,0.012149031509512812,0.019996412661658677,0.0740305075981777,-0.10110512811911827,0.017859163737621277,-0.07442815877507526,-0.0018299134747173785,0.006675232034566482,0.007975904909222778,0.053563940989212355,-0.052850344094250386,0.03263240060294981,-0.06978092510438665,-0.0024930766427823576,-0.021809417486112793,-0.008374448987809997,0.0358630136464464,0.023993586055954825,0.004834480784625617,-0.022540460738407857,-0.047932579908221966,0.014835442444111887,-0.020445110701626714,0.013824150874730552,0.0026193027449688926,-0.00044005247234493077,-0.10156424778524278,0.021145785689939967,0.032821299675754846,0.026808080652112445,-0.010660857895233576,-0.05514355849756044,0.07803831089143885,-0.6432749001509602,1.0,-0.2859924290072266,0.011283500418642744,-0.017859163737621277,0.007975904909222693,-0.03103503782976371,0.011283500418642789,0.02399358605595484,-0.024196286354196513,0.017859163737621288,0.0919939934893928,0.0138241508747305,-0.0608731750598832,0.01596823523191158,0.0005218780797587427,-0.048643964388120124,-0.02722441660055813,0.09322276653339076,0.017813803871914374,-0.030466219513915073,0.0007411244047605059,0.007740654434867291,-0.12112539913638425,0.043860109493579526,0.013737513271802558,-0.02328878577268392,-0.0063308347118461086,-0.004466146518442582,0.02114578568994,0.007975904909222762,-0.020339825271669356,-0.017689364891600924,0.007975904909222759,-0.023809883111245395,0.011283500418642766,0.01090291464802428,0.016117421808471546,-0.024196286354196437,-0.12257313983182565,0.11920978026212233,0.013269195218179484,-0.09984140007299369,0.029648750132001987,0.07733070501906107,-0.02419628635419654,0.037928703374273495,-0.026690336079090167,-0.04401706320203818,0.041937763400748305,0.011283500418642716,0.04529073554788372,0.03789953406486472,-0.00020509566216932846,-0.061467694877471966,-0.01630802466812148,0.005853066237605502,0.012089110196781647,0.016331435543371724,0.03654612539656462,-0.035733745677812775,-0.024816324930931014,-0.001617811750307665,0.015968235231911602,-0.026690336079090184,-0.022823796402379932,0.04501913023309222,-0.011189745693077036,-0.015129277513791317,-0.139300997162914,0.014766917760679347,0.018777313775666302,0.07668880513331683,0.028422660641405625,-0.004488741627237566,0.044126575232680605,-0.02419628635419646,0.02127324890467457,-0.014700091015982988,0.1026573972321162,-0.029888501292579507,-0.05366941918059122,-0.06677581778791836,-0.042986762033541175,0.03306731318434615,0.031946964647978734,-0.02289665490445583,-0.05971922067413609,0.06434647028979125,-0.022922035280583522,0.004116462560003526,0.013804938629975462,0.011772924149036431,-0.0018682140163782117,0.007975904909222762,-0.0003383264587094271,-0.0010941431515616527,-0.013357235993065134,0.02165666716042524
Fence_MnWw,0.0010851053952457177,-0.011054300436580799,-0.05782217653882434,-0.061636418697723745,-0.02399587595919502,-0.02636134055954081,-0.06578582938498047,-0.03337201535251078,-0.03955520054959672,-0.0563201822938307,-0.05305986728772026,-0.03942331566830865,0.009186055296644978,0.010612006983660742,2.5881577810562212e-05,-0.0511644644139644,-0.018807528316383205,-0.00917146144164794,0.006361918138743443,0.007946043220569576,0.0055970034134941934,-0.01481026674106761,-0.01481026674106766,-0.007235659955626416,0.016945649028675427,-0.016407318007103034,-0.013853464800707335,0.029373380978264727,-0.0022810484185192656,-0.022856026292692254,0.028984188636195563,-0.004566794380933167,0.018957347523338282,0.019596655378609038,-0.008258469333413766,-0.003226995692431685,-0.009171461441647938,0.022832490132357705,-0.012183432360120197,-0.02948303116709234,-0.016576458143047517,-0.0236261357866587,-0.0208390950815072,-0.014049490074597444,-0.009457001218333825,-0.016236659493301532,0.13831475750598476,-0.006861983956736442,-0.019988736794361597,-0.01481026674106764,-0.020558736600676638,0.034047051502845815,-0.011500221459806005,-0.020132439124658133,-0.01788006478400564,-0.02179806830391045,-0.011500221459806014,-0.014243087750683045,-0.007591442374051069,-0.02111652866044157,0.01167618356430125,-0.00646731233068658,-0.01000476656374956,-0.007591442374051083,0.04815887264632912,-0.0032269956924316887,-0.005107585617360075,-0.0055970034134941015,0.008877156080449103,-0.002281048418519265,-0.003226995692431685,-0.002281048418519266,-0.0022810484185192656,-0.003226995692431687,-0.012832961234597928,-0.01674412641782796,-0.015177891800077002,-0.025356659895798363,-0.008573181560681955,0.008398352228161958,-0.006467312330686575,-0.007591442374051073,-0.040483977933446436,0.03634917210946215,0.019596655378609062,-0.030603674521008078,-0.007591442374051086,0.03682561352582403,-0.006047534612732158,-0.003226995692431688,0.011732059264778636,-0.0022810484185192656,-0.0022810484185192643,-0.002281048418519266,-0.0075914423740510596,-0.0051075856173600715,-0.005597003413494103,-0.0022810484185192656,-0.0032269956924316856,-0.016407318007103013,-0.002281048418519266,-0.01819358189895208,-0.014836933252196535,-0.002281048418519266,0.007582584975949831,0.005638169724188254,-0.003226995692431687,0.04955549974498217,-0.031166805784410768,0.03294519399706482,-0.011732059264778645,-0.003953602487626555,-0.0060475346127321795,-0.011500221459806026,-0.002281048418519266,-0.018037392558695235,-0.012706642550503694,-0.007235659955626411,0.008682004128845636,-0.002281048418519265,-0.0018675307399569705,-0.005107585617360067,-0.011732059264778636,-0.02994257051723599,0.035141159750547914,0.03550549625887975,0.011137513579943801,0.006946758528395966,-0.027009405322679494,-0.00857318156068196,-0.0617360627091167,0.06813228169743286,-0.012183432360120183,0.023762422826087867,-0.0022810484185192656,-0.01595109578622846,0.06748982973200784,-0.0777264830656531,-0.011263945765943808,-0.0055970034134941084,-0.003953602487626555,-0.01365490678703661,-0.0746449345604823,0.09254875318714423,0.019596655378609083,-0.0032269956924316913,-0.0046478312780770074,-0.0002630712201773179,0.004165448116853662,-0.007912128427546919,0.04946751783587208,-0.03766174196847001,0.052087121371658496,0.08252484729565585,-0.05975110838599851,0.04004120473280144,-0.00857318156068196,0.02962881067011793,0.024894179484863974,-0.06860024245603996,0.01304286608537515,-0.009734547580500665,-0.006047534612732178,-0.0032269956924316874,-0.004566794380933163,0.02774390239950044,-0.01740487273560215,-0.0022810484185192665,0.04829221975369956,0.022985694317313385,-0.01195971792417386,-0.0039536024876265456,-0.002281048418519267,-0.02995727520310653,0.03468955969457635,-0.055184513031221155,0.03900817987586518,-0.005107585617360078,-0.012832961234597925,-0.013453703294655651,-0.008877156080449108,-0.002281048418519265,0.0236261357866588,0.04004120473280143,-0.001103539243087115,0.057875519983356764,-0.026214302168167884,-0.019365317807505885,-0.010004766563749582,-0.022066143098011838,-0.006861983956736435,0.019457858286348318,0.031810429948577815,-0.034415005002407593,-0.016064433687895292,-0.008573181560681955,-0.003953602487626552,0.01925737061154271,-0.013654906787036578,-0.00686198395673643,-0.006047534612732167,0.016910367112126325,-0.012619866434564425,-0.002765377838715297,-0.0032269956924316865,0.004566794380933186,-0.01707522241802448,-0.2859924290072266,1.0,-0.003226995692431686,0.005107585617360114,-0.002281048418519266,-0.004566794380933165,-0.003226995692431688,-0.006861983956736442,-0.00510758561736008,-0.005107585617360075,-0.026309585652106438,-0.003953602487626555,0.010619792499776454,-0.004566794380933158,-0.007931740405629885,0.0578755199833568,-0.0005372470093472285,-0.02666100543965791,-0.02804704415741644,0.009809631899522248,0.05102908763662428,0.0036911242001388856,-0.006047534612732179,-0.016407318007103083,0.060808509746066344,-0.01683979563321663,-0.03600963545730708,-0.01052546763688115,-0.0060475346127321595,-0.002281048418519265,-0.02309686593517639,-0.00887715608044911,-0.0022810484185192656,0.08343590334634736,-0.003226995692431685,-0.030237789960563283,-0.025477096252694273,-0.005107585617360072,0.08132546397335612,-0.07592568236853177,-0.013249733197818511,0.07691217892434529,-0.03527543144006789,-0.03277677086190599,-0.0051075856173600715,-0.016945649028675486,-0.007931740405629885,0.019257370611542732,-0.018807528316383184,-0.003226995692431685,-0.01674412641782797,-0.02437843096558373,0.051960157406513524,0.010578065630194432,0.001963704503877112,0.005116728809924254,-0.026309585652106372,0.02047841551948407,-0.022199256321950585,-0.020839095081507247,0.022343193435791272,0.0179225323223969,-0.004566794380933153,-0.007931740405629864,0.024308979766214715,-0.024588467747491217,-0.018037392558695232,-0.009171461441647962,0.022832490132357674,0.05787551998335667,-0.01674412641782796,-0.021932417657739088,-0.018502662262063194,-0.007235659955626417,-0.012619866434564413,-0.005107585617360082,-0.011500221459806021,-0.017561869359388523,-0.05086204251441424,-0.018835170773566962,0.07878287798959646,0.05331876813732888,-0.010776904819518417,-0.009457001218333849,-0.02324342317037547,0.03905910986906709,0.03495460460481585,-0.009076478620032857,-0.033394023717856665,-0.02027532828890773,-0.01589058910383151,-0.009734547580500663,-0.007591442374051073,-0.002281048418519265,0.02883956940642769,-0.005665256952412659,-0.010264022075591175,-0.03215360041756453
MiscFeature_Othr,-0.005414390186897788,-0.006105481880145677,-0.04284478335911908,-0.03896938636384913,-0.06256920362795507,-0.02113889384365317,-0.02840275734559595,-0.054170271175155715,-0.043953785988767625,-0.023652336040505487,-0.004455046206819939,-0.05700817781582711,-0.027858364365235477,-0.018263308144467496,0.12743969306123726,-0.04053757752493361,-0.007994766985218954,-0.0038986354775828527,-0.026145769621045117,0.03644325434605724,0.0023791929143278877,-0.006295597677267979,-0.006295597677267975,-0.0030757585131014854,0.02816710809740968,-0.006974477566247305,-0.005888877111146442,0.012486134942289406,-0.0009696356842476746,-0.009715716033719204,-0.006754824717308877,-0.0019412682161517047,0.02306526493813487,-0.007994766985218928,-0.0035105377412993403,-0.0013717421124828564,-0.003898635477582845,-0.007533143245953531,-0.0051789741406099085,-0.012532745410970603,-0.0070463762204445585,-0.010043076750863722,-0.008858352174556853,0.1118577703623943,-0.004020013680035243,-0.006901933474916699,0.035481573898562706,-0.0029169150707926994,-0.008496879032243016,-0.0062955976772679795,-0.008739176454660784,-0.010727330466560613,-0.004888552568041254,-0.00855796449901076,-0.007600517687601897,-0.009265995716504867,-0.004888552568041239,-0.006054499336712151,-0.0032269956924316874,-0.008976284567380782,0.014755908757214756,-0.0027491467371303967,-0.004252859603513771,-0.0032269956924316887,-0.004987102956903684,-0.001371742112482856,-0.0021711495620761116,-0.0023791929143279072,0.003773531171173992,-0.0009696356842476739,-0.0013717421124828562,-0.0009696356842476746,-0.0009696356842476746,-0.001371742112482856,0.12300321140362085,-0.007117649210979696,-0.006451868965832093,-0.010778693722011545,-0.0036443166665298863,0.00020294571538011016,-0.0027491467371303945,-0.0032269956924316848,0.01570608954758568,-0.005972204189622778,-0.007994766985218938,-0.025231315488588514,-0.0032269956924316917,0.02837933018524993,-0.0025707062220251243,-0.001371742112482857,0.004987102956903635,-0.0009696356842476738,-0.0009696356842476741,-0.0009696356842476745,-0.003226995692431687,-0.00217114956207611,-0.0023791929143279103,-0.0009696356842476746,-0.0013717421124828568,-0.006974477566247314,-0.0009696356842476745,-0.0077337885904930435,0.035889147186151237,-0.0009696356842476746,-0.015600435910633937,-0.010467904883688803,-0.0013717421124828566,-0.004888552568041243,0.011414454913033207,-0.015011395861773578,-0.004987102956903682,-0.0016806105570620119,-0.0025707062220251295,-0.004888552568041254,-0.0009696356842476745,-0.007667395103803951,0.03803445665537338,-0.0030757585131014837,-0.015349141909586311,-0.0009696356842476739,-0.012156896041968894,-0.0021711495620761125,-0.004987102956903671,-0.02689196627425311,-0.014627418049533589,0.11025561950012643,-0.024523543328686448,0.030413517828002345,-0.011481248270994499,0.18638076665967052,0.013013932755598196,-0.04736368153296832,0.1298442802395767,-0.012345679012345656,-0.0009696356842476741,-0.0427977857042995,0.004913294726346636,-0.033040233157546735,0.14085040370070867,-0.002379192914327908,-0.0016806105570620123,-0.00580447340718058,-0.03173031822146069,0.03934093327187639,-0.007994766985218938,-0.001371742112482858,0.010675796852032753,-0.01177380593045475,-0.010778693722011555,0.0254792024714608,-0.012439421277254205,-0.023457974899583203,-0.008557964499010758,0.05263192869999017,0.01430404671504327,-0.005632240863920689,-0.003644316666529875,-0.006680215102439394,-0.007258392605155717,0.013265485269582943,0.0055443051004823475,-0.004137994015132547,-0.0025707062220251303,-0.0013717421124828568,-0.0019412682161517054,0.0959227897228217,0.033414481069202605,-0.0009696356842476748,-0.023851641423345494,-0.06531032317728545,-0.005083876860598744,-0.0016806105570620082,-0.0009696356842476745,0.011333149284483443,0.1087138661677213,-0.03032699135979397,-0.00025368428650017927,-0.0021711495620761133,-0.0054550780450818934,-0.005718945154284298,0.1798716524926286,-0.0009696356842476741,-0.06327138353044143,-0.005632240863920687,0.022360249774329165,-0.00436485667399104,-0.01934758198560587,0.02709598034090817,-0.004252859603513768,-0.009379949845798088,-0.002916915070792695,-0.02224292294606094,-0.023615317264574665,0.039340933271876474,-0.006828723154033364,-0.003644316666529872,-0.00168061055706201,0.008185987451268488,-0.005804473407180592,-0.002916915070792701,-0.0025707062220251273,0.007188315360833011,-0.00536449499539186,-0.05634080509496801,-0.0013717421124828564,0.0019412682161513643,-0.007258392605155707,0.011283500418642744,-0.003226995692431686,1.0,-0.6318045225641475,-0.0009696356842476746,-0.001941268216151706,-0.001371742112482856,-0.0029169150707926946,-0.0021711495620761103,-0.002171149562076111,-0.01118376658686322,-0.0016806105570620128,0.014455282479498885,-0.0019412682161517039,-0.003371650716857803,-0.004364856673991042,0.01732042213487608,-0.011333149284483418,0.005069667604818794,-0.01509613388599414,-0.004788115706539696,-0.010880919470240816,-0.0025707062220251277,-0.006974477566247312,-0.021109937714224147,0.03345493043460139,-0.015307096172391184,-0.004474200955689976,-0.0025707062220251277,-0.0009696356842476739,-0.0304135178280024,-0.0037735311711740247,-0.0009696356842476738,-0.008917470598945858,-0.0013717421124828564,0.0040834480523196425,-0.010829889211059021,-0.00217114956207611,0.004083448052319616,-0.001930572765003871,-0.005632240863920694,0.02107258815665919,-0.042157153960024854,-0.013932859287022174,-0.0021711495620761125,-0.028167108097409705,-0.0033716507168578044,-0.07969299548146565,0.08179261607954762,-0.0013717421124828562,-0.007117649210979695,-0.010362864899440893,-0.012109421449406032,-0.014926448946153246,-0.01695675953224658,0.03429768035585423,-0.011183766586863222,0.08327096392423178,-0.009436534059849984,-0.008858352174556843,-0.007600517687601894,-0.008248922364374902,0.3523401812315335,-0.003371650716857798,-0.012251507698221593,-0.01879557949276593,-0.0076673951038039485,-0.0038986354775828484,-0.007533143245953507,-0.004364856673991035,-0.007117649210979695,-0.0093231053887811,-0.007865173504087856,-0.003075758513101487,0.1251715498924767,-0.0021711495620761103,-0.004888552568041244,-0.007465258113202617,-0.004653241798111403,-0.016916208877958253,0.0383351128279845,-0.008435440200012467,-0.004581082713504681,-0.0040200136800352506,-0.009880391993036015,-0.017841994763996203,0.018627484863254433,0.024347330833924218,-0.01419524319368301,-0.00861870430243792,-0.006754824717308891,-0.004137994015132554,-0.0032269956924316874,-0.0009696356842476739,-0.019975740260252124,-0.01899302371913148,0.023575858934605905,0.043346958578417284
MiscFeature_Shed,0.005946705540174768,-0.015879107985889988,0.029652005912833297,0.024207152039537397,0.04052038431942947,0.021452735991226757,0.03010448405716456,0.019893823701014182,0.021058491198408285,-0.02554820789582241,0.014633282988550225,0.03356569833948996,0.029589639848931024,0.01226729213740973,-0.6875043581833267,0.018469597538048943,0.01265386159752816,0.006170635597479406,-0.0016710349193014748,-0.008336738526857774,-0.003765710483793442,0.009964470738065796,0.009964470738065915,0.004868212244854535,0.02841581568492868,0.011038980123063515,0.009320726428558605,-0.01976265521432945,0.0015347083625049602,-0.03239137763129621,0.010691320615899773,0.003072577271642642,-0.010379430931208296,0.012653861597527634,0.005556366907682485,0.002171149562076165,0.0061706355974794815,0.011923218300781793,0.008197114701856733,0.019836428774056676,0.011152779014380823,0.015895860811670465,0.01402071662704387,-0.06514639284970448,0.006362749135951376,0.010924159654485397,-0.039923004364829665,0.004616799922473653,-0.040345765480241824,0.009964470738065438,0.01383208910755112,0.01697887571780013,0.007737444721353381,-0.03990364095383681,0.01202985641311283,0.014665921793182667,0.0077374447213536725,0.009582867992366075,0.00510758561736009,-0.037009338128017294,0.04484194683961883,0.00435126156738025,0.0067312902197245155,0.005107585617360198,-0.08075583136869388,0.002171149562076201,0.0034364261168384307,0.003765710483793746,0.11029446578118111,0.0015347083625052074,0.002171149562076339,-0.4466001334889534,0.001534708362504905,0.0021711495620762625,-0.07269374639485247,-0.051995019808875845,0.01021181193772958,0.017060171836483073,0.005768107913725889,0.011403167655011854,0.004351261567380404,0.00510758561736019,-0.012124261062967418,0.009452613864467078,0.012653861597527809,0.05412158875367516,0.005107585617360164,-0.03014759723495629,0.00406883162468066,-0.3148166865010361,-0.007893427126263394,0.0015347083625051549,0.0015347083625051547,0.0015347083625047834,0.005107585617360135,0.0034364261168384693,0.0037657104837936156,0.0015347083625048968,0.0021711495620760895,0.01103898012306338,0.0015347083625047702,0.012240793337638618,-0.007827349679541965,0.0015347083625046297,-0.00808097603732864,-0.07302309476539365,0.00217114956207573,0.0077374447213534635,0.01873867374156381,0.023759557467000557,0.007893427126263364,0.0026600166618646554,0.004068831624680416,0.007737444721353289,0.0015347083625047702,0.01213570784945677,-0.009783893642834371,0.004868212244854773,-0.008854870219118715,0.0015347083625051423,-0.05989270079241171,0.0034364261168381557,0.007893427126263213,0.042563744502988686,0.023151809661268407,-0.06405390710686826,0.0133454096592381,-0.02423250500236479,0.018172152716473496,-0.11453814285826486,0.016682707426064064,0.002482308640700982,-0.07728708147464532,-0.019540346058684904,0.0015347083625051553,0.04982250109043517,-0.04325736986557929,0.052295024770406276,-0.08462632055776592,0.00376571048379343,0.002660016661864255,0.00918713494424429,0.0027630079801670964,-0.015285321165012028,0.012653861597528092,0.0021711495620762725,-0.016897309960216555,0.018635203627019606,-0.02663781216573703,-0.015219609979538225,-0.05800189991188351,0.01119185436578257,0.013545272617357782,-0.022186528188903466,0.015064630699317872,0.008914530780917253,0.005768107913725717,-0.05654380004486143,-0.05063384669043184,0.052869914137344015,-0.008775348865786663,0.006549484638601037,0.004068831624680303,0.0021711495620758024,0.0030725772716426463,-0.05417491420489752,-0.005515860925210559,0.001534708362505156,-0.013759934630923482,0.032069456765082646,0.008046597767243218,0.002660016661864824,0.001534708362505079,-0.01793774637523725,-0.06300059980185246,0.02408220847031782,-0.01132295927587219,0.0034364261168385647,0.008634123135021,0.009051763559833682,-0.11029446578118113,0.0015347083625050749,0.030520052758407502,0.008914530780917168,0.017604797870459907,0.006908555602413954,-0.026513613350871938,-0.018283700125101273,0.006731290219724263,-0.034416387365727795,0.0046167999224736396,0.03520538734953828,-0.04021188724625873,0.00820580399384842,0.01080828469906998,0.005768107913725515,0.00266001666186479,-0.01295651923801678,0.009187134944243981,0.00461679992247375,0.004068831624680691,-0.011377435748100701,0.008490751179843332,0.06783103813260653,-0.3148166865010356,0.22122556355827844,0.011488351770097991,-0.017859163737621277,0.005107585617360114,-0.6318045225641475,1.0,-0.44660013348895333,0.0030725772716426094,0.0021711495620763363,0.004616799922473743,0.0034364261168388006,0.0034364261168386067,0.01770130821709634,0.0026600166618641367,-0.022879358984062022,0.0030725772716428653,0.005336540965509631,0.006908555602414033,-0.027414210434237016,0.017937746375237342,-0.01985764054349686,-0.009649370003023808,0.007578476467859649,-0.026129887766855577,-0.1656595732905607,0.011038980123063794,0.006159778994379729,0.017758089572946903,-0.008985816970709408,-0.0913866488528898,0.004068831624680594,0.0015347083625051974,0.024232505002364433,0.005972624500786132,0.0015347083625050321,0.01411428737919557,0.0021711495620761597,0.005332099601774325,-0.02638254633318525,0.0034364261168386883,0.0053320996017745615,0.014795773395853664,-0.06996555976537913,-0.01986398630142071,0.019434464724897137,0.022052484256485406,0.003436426116838166,0.020249393581928926,-0.12451928919522412,0.09831711657083303,-0.10103621798641528,0.002171149562076346,0.011265587625256614,0.016402011269852343,-0.020525724654589295,0.023625106204645047,0.026838616892814592,-0.03830613951348152,-0.024665757351691218,-0.045250200728560445,0.014935844431046919,0.014020716627043685,0.012029856413112832,0.013056130606499879,-0.2212255635582783,0.005336540965509917,0.01939129471327508,0.000696465874195705,0.012135707849456516,0.006170635597479742,0.011923218300781694,0.006908555602414126,-0.05199501980887587,0.014756313156708271,0.012448745178599558,0.0048682122448548935,-0.07415256030396462,0.0034364261168387754,0.00773744472135328,0.011815771882899827,-0.004451375051185706,0.026774434613580665,-0.010054812229396503,-0.04079577661473274,0.007250791265172507,0.0063627491359511314,0.015638368577890374,-0.0017457293148891565,0.009887587283047007,0.003555707093491736,0.022467777115732265,0.0136414096364163,0.010691320615899974,0.006549484638601007,-0.26605877806793843,0.0015347083625051974,-0.024505548887578624,0.03006155074998391,0.0043788146114423524,-0.01446334611061742
MiscFeature_TenC,0.01374436411797441,0.016202596089775638,0.017055833090632563,0.005837527136111203,-0.008709352999709766,0.0117204470284658,-0.02573711414239868,0.019972661347120464,0.01553874360478378,0.0632218976997546,-0.0020909534659590955,0.011149099165081557,-0.019692086396920137,0.025826945765277467,0.103279478957402,0.02277262150996653,-0.005651216278606727,-0.002755806681546019,0.013564816774682888,-0.010968312182333467,0.001681766804743052,-0.004450133961766882,-0.00445013396176688,-0.0021741442384047524,-0.03442439603293317,-0.004930009996542104,-0.0041626376672082455,0.008826004456815742,-0.0006854009595613446,-0.006867693918983013,-0.0047747452142341005,-0.00137221341967078,0.016304014980018187,-0.005651216278606707,-0.0024814742026844465,-0.0009696356842476744,-0.002755806681546016,-0.0053249108847470685,-0.00366083252007331,-0.00885895173843783,-0.004980832596595439,-0.007099093560413937,-0.006261653917248714,-0.004221538613690465,-0.002841604613472636,-0.004878731159947836,-0.011174552347320137,-0.0020618634616685495,0.11411668691153584,-0.00445013396176688,-0.006177412841863213,-0.007582768162061817,-0.003455543845419886,-0.006049320559056115,-0.005372535479949058,-0.006549802630573902,-0.003455543845419875,-0.004279710124597742,-0.0022810484185192673,-0.006345016128972191,-0.06571168880219458,-0.0019432739968373673,-0.003006195110681861,-0.0022810484185192687,0.19442864777944846,-0.0009696356842476754,-0.0015347083625049968,-0.0016817668047428938,0.002667374899330559,-0.0006854009595613452,-0.0009696356842476748,-0.0006854009595613442,-0.0006854009595613446,-0.0009696356842476754,-0.0038560005446603633,-0.00503121293727101,-0.00456059657455411,-0.007619075019517854,-0.0025760377642485436,-0.026037101401181113,-0.0019432739968373645,-0.0022810484185192643,0.03953897164254568,-0.004221538613690465,-0.005651216278606714,0.0138428296141583,-0.0022810484185192687,-0.012921749636099752,-0.0018171407467263549,-0.0009696356842476738,0.0035252056082745267,-0.0006854009595613451,-0.0006854009595613447,-0.000685400959561344,-0.0022810484185192647,-0.0015347083625049946,-0.001681766804742895,-0.0006854009595613446,-0.0009696356842476748,-0.004930009996542107,-0.0006854009595613439,-0.005466739938600008,-0.011086348305829696,-0.0006854009595613444,-0.01102739298525296,0.09262939384924762,-0.0009696356842476739,-0.003455543845419878,-0.019326804978071606,-0.01061102153640081,-0.003525205608274521,-0.00118796379627155,-0.0018171407467263581,-0.003455543845419884,-0.0006854009595613439,-0.0054198087455502855,-0.01064098892746854,-0.0021741442384047532,-0.010849762198506805,-0.0006854009595613453,0.07976013621406536,-0.0015347083625049968,-0.003525205608274512,-0.01900897397682443,-0.010339601285233228,-0.004279710124597736,0.039538971642545676,-0.03188173396222223,-0.008115685828958837,-0.0025760377642485353,-0.01855022290488503,0.020472135038167142,-0.0036608325200733027,-0.008726721158229036,-0.0006854009595613451,0.009755248629354923,0.02988255646281657,-0.023354965043271517,-0.0033845486021890077,-0.001681766804742893,-0.0011879637962715493,-0.004102975692480471,0.030558649852804293,-0.024646992422542095,-0.005651216278606716,-0.0009696356842476765,0.007546340883836932,-0.008322484427420757,-0.007619075019517857,0.018010341519502395,0.0779486169521949,-0.016581607676717288,-0.006049320559056109,-0.008288247534334292,-0.017953791199750994,-0.003981230636748936,-0.002576037764248535,0.14515036857025643,-0.005130699434093792,-0.07309462598183233,0.0039190719748724585,-0.002925000713883073,-0.0018171407467263583,-0.0009696356842476735,-0.00137221341967078,-0.004878731159947836,-0.011640698006801339,-0.0006854009595613456,0.040652786407337715,0.0069066560855807835,-0.0035936116369826706,-0.0011879637962715472,-0.0006854009595613455,0.008010999925671858,-0.004337181719265882,0.03197269629367749,-0.026360097987301198,-0.001534708362504999,-0.0038560005446603577,-0.004042518814132189,-0.0026673748993304215,-0.0006854009595613452,0.007099093560413984,-0.0039812306367489345,-0.04336425997176794,-0.003085361854253946,0.05011663395296929,0.0191531842604609,-0.0030061951106818557,-0.006630352749378731,-0.002061863461668547,-0.015722730689834118,0.04105960861691343,-0.024646992422542143,-0.004826981389391317,-0.0025760377642485327,-0.0011879637962715487,0.005786383221250439,-0.004102975692480479,-0.002061863461668552,-0.0018171407467263575,0.0050811643238638194,-0.003791970610339497,0.00783448724604742,0.7068644138165531,-0.49948568476016286,-0.005130699434093789,0.007975904909222693,-0.002281048418519266,-0.0009696356842476746,-0.44660013348895333,1.0,-0.0013722134196707803,-0.0009696356842476752,-0.002061863461668547,-0.0015347083625049966,-0.001534708362504997,-0.007905406612684218,-0.001187963796271549,0.010217924776423665,-0.0013722134196707796,-0.002383299907565853,-0.0030853618542539462,0.012243190039424466,-0.008010999925671865,0.030007854108606496,-0.010670919830219448,-0.0033845486021890137,0.08911339587611286,0.3771865007133419,-0.0049300099965421135,-0.014921863748068996,-0.028983341816930176,-0.010820041563130892,0.2167170616274081,-0.0018171407467263568,-0.0006854009595613451,0.031881733962222165,-0.0026673748993304154,-0.0006854009595613452,-0.00630344262765021,-0.0009696356842476741,-0.0234523584250577,0.0895332967263895,-0.001534708362504996,-0.023452358425057666,-0.027580359124843915,0.17215806420123417,-0.0152255560306322,0.02300050153212715,-0.009848642412709446,-0.0015347083625049964,0.03442439603293322,-0.0023832999075658516,0.005786383221250405,-0.005651216278606708,-0.0009696356842476745,-0.005031212937271012,-0.007325140422603417,-0.008559719094491984,-0.010550975584685318,-0.01198612988698972,0.0599252232192145,-0.007905406612684223,-0.005559611258532555,-0.006670350116675799,-0.006261653917248708,-0.005372535479949052,-0.005830869671712121,-0.0013722134196707803,-0.0023832999075658486,-0.008660154807472394,0.05158849636005465,-0.0054198087455502855,-0.002755806681546019,-0.005324910884747055,-0.0030853618542539415,-0.00503121293727101,-0.006590171425590696,-0.005559611258532543,-0.002174144238404755,-0.0037919706103395016,-0.0015347083625049966,-0.00345554384541988,-0.0052769253001782295,0.023096767604219803,-0.011957466072516326,-0.010581017232071718,-0.005962712492266398,-0.0032382043469266295,-0.0028416046134726396,-0.006984097494435166,-0.01261187117017018,-0.01613773377998146,-0.014120139929614814,-0.010034112259086151,-0.0060922553646009835,-0.004774745214234111,-0.0029250007138830777,0.3004762871304016,-0.0006854009595613451,-0.014120139929614835,-0.013425492577827767,-0.014369255787343875,-0.009661394471344311
SaleType_CWD,-0.0017991288421651422,-0.007818279336745643,0.03414679061087046,-0.028674893043562688,-0.009182764603214127,-0.017730763851831095,-0.02868506391004437,0.008494050693248123,0.033381259817154736,0.030311663310421635,-0.05344132572749723,-0.038067696273493025,0.014748206248979316,-0.02109780644166266,-0.004596090158966657,0.01958806646757452,0.05221878717708681,-0.005517288614325886,-0.03700108868152431,0.014807358739082293,0.003366997005230431,-0.008909432437295353,-0.008909432437295353,-0.004352765864448561,0.012666320478116994,-0.009870172753618229,-0.008333847784260358,0.017670185004508607,-0.0013722134196707807,0.03963960540087915,-0.00955932343992357,-0.0027472527472527544,0.0034401692715011396,-0.011314070555035525,-0.004968058701974549,-0.0019412682161517054,-0.005517288614325889,-0.010660787780742732,-0.007329204082857997,-0.017736147418702556,0.06139575885597872,-0.014212806847152567,-0.012536202954956261,-0.008451770976614707,-0.005689061168664087,-0.009767509477855102,0.013920428564888126,-0.004127973082268795,-0.012024651756097028,-0.008909432437295367,-0.012367547319858455,0.03385531269219027,-0.0069182039663041,-0.012111098963648578,-0.010756135048252251,0.04254131589720337,-0.006918203966304085,-0.00856823379563466,-0.004566794380933164,-0.01270309905281642,-0.017227925379245237,-0.0038905499319174005,-0.006018581117345412,-0.004566794380933168,-0.007057670952005774,-0.001941268216151707,-0.003072577271642758,-0.003366997005230331,0.005340242935313044,-0.0013722134196707816,-0.001941268216151706,-0.0013722134196707807,-0.0013722134196707807,-0.001941268216151707,-0.007719942057021897,-0.010072787050317233,-0.009130585147287984,0.03358521045357706,-0.005157380567343934,-0.025920308716630876,-0.003890549931917397,-0.004566794380933162,-0.006239162090626369,-0.00845177097661471,0.05221878717708699,-0.003996400237596666,-0.0045667943809331755,0.007145939490969696,-0.0036380236754910925,-0.0019412682161517054,0.007057670952005801,-0.0013722134196707811,-0.0013722134196707803,-0.0013722134196707805,-0.004566794380933161,-0.0030725772716427586,-0.0033669970052303323,-0.0013722134196707807,-0.001941268216151706,-0.009870172753618223,-0.0013722134196707805,-0.010944737968266217,0.014297119134798647,-0.0013722134196707807,0.014551076616025508,-0.014814017048454668,-0.0019412682161517052,0.0940875739417357,-0.038693411178243764,0.016396987064822458,-0.00705767095200578,-0.002378374060593887,-0.0036380236754911008,-0.00691820396630411,-0.0013722134196707805,-0.010850778933039276,0.016260941481098693,-0.00435276586444856,0.015327112589142128,-0.0013722134196707816,-0.01720425120624093,-0.0030725772716427586,0.09202117125884456,-0.03805709464116457,0.01765321463381607,-0.008568233795634634,0.022227014947856415,-0.01039419229363687,-0.01624808493331643,-0.005157380567343916,-0.009360765725088982,0.013982735133300365,-0.00732920408285798,0.026207120918047964,-0.0013722134196707811,-0.020518088606486528,0.006953218685966167,-0.020379850946991483,-0.006776067273708061,-0.003366997005230342,-0.0023783740605938884,-0.008214400968169076,-0.018383133709982107,0.0031649688971537395,-0.011314070555035517,-0.0019412682161517082,0.015108222545878075,0.028723484698622397,-0.01525384060441351,-0.02006626608886164,0.025811382506821308,-0.004209235043471494,0.04762607835705055,0.02894516377191385,-0.03594455606544931,-0.007970660137458384,-0.005157380567343914,0.06555961140081923,-0.010271964924394954,-0.06378333599625755,-0.08164967281915306,0.1128911508027597,-0.003638023675491101,-0.0019412682161517054,-0.0027472527472527483,-0.009767509477855103,-0.023305368626111475,-0.0013722134196707818,0.023817409187098713,-0.03929931169313864,-0.007194623883381574,-0.0023783740605938823,-0.0013722134196707818,0.016038497538760268,-0.008683295340783301,0.03727885512196181,-0.026566745746192943,-0.003072577271642758,0.0831761499046877,-0.008093362707828698,-0.005340242935312965,-0.0013722134196707816,-0.03766393814495436,-0.00797066013745839,0.0020284538178239556,-0.006177077638842515,0.00454882023308844,0.010848324077925152,-0.006018581117345412,-0.013274359909959023,-0.004127973082268795,-0.0017894379581583333,-0.004514080104900071,0.003164968897153651,-0.009663903364335822,-0.00515738056734392,-0.002378374060593884,0.011584682800326662,-0.008214400968169073,-0.004127973082268795,-0.0036380236754910934,0.010172792692354273,-0.007591750326458867,0.015685108672952756,-0.0019412682161517052,0.002747252747252698,0.05915890910160801,-0.03103503782976371,-0.004566794380933165,-0.001941268216151706,0.0030725772716426094,-0.0013722134196707803,1.0,-0.0019412682161517067,-0.004127973082268797,-0.0030725772716427547,-0.003072577271642757,-0.015827093456102045,-0.002378374060593888,-0.1342947271286393,-0.0027472527472527514,-0.004771507933626237,0.10655458927003332,-0.04378406769105994,-0.01603849753876026,0.007174515164425006,-0.021363815131845643,-0.006776067273708072,-0.015398508901831753,-0.003638023675491104,-0.009870172753618234,0.0005841374327211743,-0.0053407356694956075,-0.021662365695878413,0.10372124149032867,-0.0036380236754910943,-0.0013722134196707816,-0.01632327381324657,-0.005340242935312964,-0.001372213419670782,0.04495827417313582,-0.0019412682161517054,0.00577883251096422,0.03331802536629892,-0.0030725772716427594,-0.020587090820309992,0.023510583269796194,-0.007970660137458388,0.05997363476419114,-0.03323302161609305,-0.019717566915733408,-0.003072577271642759,-0.012666320478116978,-0.004771507933626242,0.011584682800326696,-0.011314070555035517,-0.0019412682161517052,-0.010072787050317252,-0.014665366087760263,-0.017137065897298125,-0.021123679630080994,-0.023996943761751776,0.012819392358521834,0.03152445663797369,-0.011130671865405126,0.041413759729749984,-0.012536202954956275,-0.010756135048252218,-0.011673747315725212,-0.0027472527472527505,-0.004771507933626221,0.026609235132122697,-0.026599213322551732,0.05515812624294974,-0.005517288614325896,0.05642865256358664,-0.00617707763884251,-0.010072787050317236,0.042159864768223344,-0.011130671865405098,-0.004352765864448569,-0.007591750326458873,-0.0030725772716427542,-0.0069182039663041005,-0.010564717791085516,-0.03299834381435205,0.010734801399423413,0.054251258613660015,-0.011937704471209233,-0.006483077384853409,-0.005689061168664096,-0.013982577894677207,0.008263543080029988,-0.0029736864357451983,0.0030933036747475165,-0.020088888561249168,-0.012197056993788116,0.06467797561480207,-0.0058560251136878325,-0.004566794380933168,-0.0013722134196707816,0.06581862819046069,0.005393409978837625,-0.028768103322607794,-0.01934268541846881
SaleType_Con,-0.02695844170625221,-0.0028723934041022135,0.03752358970852166,0.036472307467892366,0.028954112852822556,-0.021138893843653167,-0.012681228912587978,0.0152073940190968,0.007559044236496012,0.008287060890076232,0.031472415032986506,0.012220217691745036,0.015150947917059723,-0.005122336278921811,-0.00324769672287773,0.04135727608882871,0.08179261607954746,-0.0038986354775828506,-0.026145769621045097,-0.015516854389532174,0.002379192914327827,-0.006295597677267978,-0.00629559767726797,-0.0030757585131014845,-0.01026651603550448,-0.0069744775662473005,-0.005888877111146437,0.012486134942289402,-0.0009696356842476753,0.06573612124941931,-0.0067548247173088724,-0.0019412682161517047,-0.01820346889725342,-0.007994766985218926,-0.0035105377412993416,-0.0013717421124828557,-0.0038986354775828445,-0.0075331432459535335,-0.005178974140609906,-0.012532745410970601,-0.0070463762204445585,-0.010043076750863715,-0.008858352174556852,-0.005972204189622778,-0.004020013680035239,-0.006901933474916706,-0.01580862203401313,-0.0029169150707926976,-0.008496879032243013,-0.006295597677267978,-0.008739176454660776,-0.010727330466560625,-0.0048885525680412555,-0.008557964499010756,-0.0076005176876018914,0.06938722373754792,-0.00488855256804124,-0.006054499336712149,0.21092817298712543,-0.008976284567380786,0.014755908757214732,-0.002749146737130397,-0.004252859603513771,-0.0032269956924316843,-0.004987102956903681,-0.0013717421124828549,-0.002171149562076111,-0.0023791929143279072,0.0037735311711739436,-0.0009696356842476735,-0.0013717421124828557,-0.0009696356842476753,-0.0009696356842476753,-0.0013717421124828549,-0.005455078045081894,-0.0071176492109796975,-0.0064518689658320865,0.05824276607683423,-0.003644316666529881,0.0002029457153801204,-0.0027491467371303932,-0.0032269956924316835,0.015706089547585678,-0.005972204189622784,-0.007994766985218942,0.01958342978311355,-0.0032269956924316887,-0.01828037935356191,-0.0025707062220251225,-0.0013717421124828577,0.004987102956903615,-0.0009696356842476722,-0.0009696356842476719,-0.0009696356842476752,-0.00322699569243169,-0.002171149562076109,-0.0023791929143279077,-0.0009696356842476753,-0.0013717421124828555,0.09485289490096321,-0.0009696356842476752,-0.007733788590493038,-0.015683839912058236,-0.0009696356842476753,-0.015600435910633932,-0.010467904883688798,-0.0013717421124828577,-0.00488855256804124,0.011414454913033214,-0.015011395861773564,-0.004987102956903685,-0.0016806105570620123,-0.0025707062220251286,0.13785718241876296,-0.0009696356842476752,-0.007667395103803945,-0.015053790683866716,-0.0030757585131014832,-0.015349141909586297,-0.0009696356842476738,-0.012156896041968903,-0.0021711495620761138,-0.00498710295690367,0.012058699162661068,-0.014627418049533582,-0.006054499336712136,-0.024523543328686424,0.03041351782800233,-0.01148124827099449,-0.003644316666529876,0.013013932755598227,-0.009200891776823837,-0.005178974140609894,-0.01234567901234565,-0.0009696356842476728,0.013800735245226998,-0.03244821725524745,0.04151732543599001,-0.0047881157065396895,-0.0023791929143279103,-0.0016806105570620123,-0.0058044734071805775,0.043231274987815406,-0.03486806230556479,-0.007994766985218935,-0.0013717421124828553,0.010675796852032798,0.0523670771235151,0.0582427660768344,-0.053837717802169824,-0.012439421277254208,0.0584765785774299,-0.008557964499010754,-0.011725371050416565,-0.02539920082100836,-0.0056322408639206826,-0.0036443166665298746,-0.006680215102439397,-0.0072583926051557135,0.013265485269582938,0.0055443051004824264,-0.0041379940151325435,-0.0025707062220251308,-0.0013717421124828577,-0.0019412682161517054,-0.006901933474916699,-0.016468077582163235,-0.0009696356842476728,-0.023851641423345487,0.009770835750932474,-0.0050838768605987435,-0.0016806105570620058,-0.0009696356842476731,0.01133314928448344,-0.0061358043133735605,0.04523172431477804,-0.037291590115529905,-0.002171149562076112,-0.005455078045081893,-0.0057189451542842985,-0.0037735311711740295,-0.0009696356842476738,0.010043076750863677,-0.005632240863920684,0.02236024977432919,-0.004364856673991038,-0.019347581985605867,0.027095980340908196,-0.004252859603513766,-0.009379949845798083,-0.0029169150707926933,-0.022242922946060926,-0.023615317264574665,0.0022364354831557643,-0.006828723154033367,-0.00364431666652987,-0.001680610557062011,0.00818598745126841,-0.005804473407180588,-0.0029169150707927002,-0.002570706222025128,0.0071883153608330854,-0.005364494995391859,0.011083437067862538,-0.0013717421124828568,0.0019412682161516225,-0.007258392605155702,0.011283500418642789,-0.003226995692431688,-0.001371742112482856,0.0021711495620763363,-0.0009696356842476752,-0.0019412682161517067,1.0,-0.0029169150707926937,-0.0021711495620761077,-0.002171149562076108,-0.011183766586863219,-0.0016806105570620134,-0.09489555907525969,-0.0019412682161517006,-0.0033716507168578026,-0.00436485667399104,0.017320422134876085,-0.011333149284483417,0.005069667604818826,-0.015096133885994139,-0.004788115706539694,-0.010880919470240807,-0.0025707062220251286,0.09485289490096344,-0.021109937714224168,-0.0037738793478056384,-0.015307096172391177,-0.004474200955689973,-0.002570706222025128,-0.0009696356842476738,-0.03041351782800238,0.1798716524926282,-0.0009696356842476742,-0.008917470598945853,-0.0013717421124828555,-0.03317801542509692,0.05791636404175048,-0.002171149562076109,0.00408344805231964,-0.0019305727650038972,-0.005632240863920694,-0.021539570719687658,0.03253877417302887,-0.013932859287022162,-0.0021711495620761125,0.04870014016841859,-0.003371650716857805,0.008185987451268419,-0.00799476698521893,-0.0013717421124828544,-0.007117649210979689,-0.010362864899440887,-0.012109421449406025,0.03848682424351278,0.03196985888095494,-0.01618076049046353,-0.011183766586863226,-0.007865173504087863,-0.009436534059849984,-0.00885835217455684,-0.00760051768760189,-0.0082489223643749,-0.0019412682161517047,-0.0033716507168577974,-0.012251507698221592,0.027093293516328176,-0.00766739510380394,-0.0038986354775828475,-0.007533143245953504,-0.004364856673991033,-0.0071176492109796975,0.06890525017225561,-0.007865173504087853,-0.003075758513101488,-0.00536449499539186,-0.0021711495620761086,-0.0048885525680412425,-0.007465258113202609,0.03267496163728766,-0.01691620887795825,-0.014968948818546313,-0.008435440200012462,-0.004581082713504679,-0.004020013680035248,-0.009880391993036012,-0.0178419947639962,0.018627484863254485,0.02434733083392424,-0.01419524319368301,-0.008618704302437916,-0.006754824717308892,-0.004137994015132554,-0.003226995692431689,-0.0009696356842476738,-0.019975740260252114,0.02661522402746717,-0.020328164081369376,0.04334695857841729
SaleType_ConLD,0.03508172337434358,-0.006018490846891151,-0.03730531781141751,-0.04330375732154406,-0.017295895060152246,0.001547302651448814,-0.0008352971452380025,-0.031424202577972196,-0.011789180587362873,-0.01662812407007352,0.027310522207687447,-0.002572069745707793,-0.03954382709839883,-0.030379988880941754,0.002974804844672328,-0.04179084064107886,-0.017000321047555864,-0.008290179674884508,-0.04488565990431718,0.016110963117012086,-0.13172631152470465,-0.013387154609718925,-0.01338715460971894,-0.006540388517157801,0.02357254622162907,-0.014830745909717525,0.04390531783502379,-0.03126314673619227,-0.0020618634616685477,-0.020659800602755084,0.03521306152771003,-0.004127973082268792,-0.02895785342138426,-0.017000321047555864,-0.007464916583809124,-0.0029169150707926933,-0.008290179674884495,-0.016018709978065763,-0.011012731609331207,0.002171483065679475,-0.014983633443087814,0.04793215492068366,-0.018836675440098146,0.0986593286096714,-0.008548282057815854,-0.014676485898762394,-0.009379263758617907,-0.006202618883528606,-0.018068027713308173,-0.013387154609718954,-0.018583256484542312,0.04268357704003999,-0.010395170149199674,-0.018197921748783052,-0.01616197708522969,0.017463309973135163,-0.010395170149199646,-0.012874475603431473,-0.006861983956736456,0.09559435108999126,-0.04497430643257007,-0.005845871083480666,-0.009043412867890515,-0.006861983956736446,-0.010604730759674018,-0.0029169150707926946,-0.004616799922473716,0.13172631152470457,-0.07875558544433692,-0.002061863461668547,-0.002916915070792694,-0.0020618634616685473,-0.0020618634616685477,-0.0029169150707926954,0.17050528580919483,-0.015135190545797279,-0.013719454735665973,0.009695267876338745,-0.007749388249152337,-0.008319326505172819,-0.005845871083480669,-0.006861983956736458,-0.05214762488789397,0.042979923982643733,0.025427830626686087,-0.0007107272308560104,-0.00686198395673646,0.005225213892233859,-0.005466429625050509,-0.002916915070792695,0.010604730759674018,-0.002061863461668546,-0.0020618634616685456,-0.002061863461668547,-0.006861983956736445,-0.004616799922473706,-0.0050591897740640485,-0.0020618634616685477,-0.0029169150707926937,-0.014830745909717514,-0.002061863461668547,-0.01644536847607773,0.015390018806888953,-0.0020618634616685473,0.04021000228485553,0.01117544016243736,-0.002916915070792694,-0.010395170149199663,-0.021512438643330575,-0.006783578928078624,-0.010604730759674044,-0.0035737025330180344,-0.00546642962505052,-0.010395170149199662,-0.002061863461668547,-0.01630418730203372,0.01816181795217691,-0.006540388517157796,0.041586626281320024,-0.0020618634616685473,0.003681413068994653,-0.004616799922473709,-0.010604730759674049,-0.02037239936375237,-0.0054910397581199215,-0.012874475603431471,0.004882736412724147,-0.0066969752210670214,0.006527376420871278,0.1718396092708851,-0.0001524695932260713,-0.028581789241991395,0.18039903207666308,-0.02625223563713425,-0.002061863461668546,-0.05088892382523776,0.019275191590473827,-0.0350263321538942,0.05863846304314252,-0.005059189774064047,-0.0035737025330180344,-0.012342812694417537,-0.032049965698105747,0.04858904679619119,-0.017000321047555896,-0.0029169150707926963,-0.04306049020486589,0.03558210979443365,-0.02292014940351053,0.016699331538657877,0.0025418928147377387,-0.030523080213023673,-0.018197921748783045,-0.02493319350361785,0.03979726068804247,-0.011976572060304135,-0.007749388249152317,-0.014205017059054543,-0.015434471674407828,0.02820814025617999,-0.047977051899391145,0.07050190447375179,-0.005466429625050511,-0.002916915070792695,-0.004127973082268796,-0.01467648589876236,-0.011446715797203284,-0.0020618634616685464,0.04539944702213158,-0.08565959802608368,-0.010810513796863635,-0.0035737025330180305,-0.002061863461668546,-0.007176194593313142,0.04122372598840444,-0.010931456565895717,0.008211508328969146,-0.004616799922473714,-0.011599847534934267,-0.012160942758675597,0.07875558544433679,-0.0020618634616685473,-0.013288122156229102,-0.011976572060304157,0.027769925059864052,-0.00928156692016239,-0.041141299784886884,0.0025280866009001783,-0.009043412867890524,0.016822987017519872,-0.006202618883528606,-0.007645362647649676,0.026998887831111484,-0.004011058237747913,-0.01452080919657551,-0.007749388249152315,-0.0035737025330180305,0.01740693819095905,0.044865144555898545,-0.006202618883528594,-0.00546642962505051,-0.03150021901567044,-0.011407228922153618,-0.07201383788978201,-0.002916915070792695,0.004127973082268659,-0.015434471674407816,0.02399358605595484,-0.006861983956736442,-0.0029169150707926946,0.004616799922473743,-0.002061863461668547,-0.004127973082268797,-0.0029169150707926937,1.0,-0.004616799922473713,-0.004616799922473713,-0.02378150893567237,-0.0035737025330180344,-0.20178886679866637,-0.004127973082268789,-0.007169582897510161,-0.009281566920162389,-0.03158254587399514,0.007176194593313128,-0.015716731911289212,0.017971010163005088,-0.010181598084661432,-0.02313752541239698,-0.005466429625050511,0.033286785264032635,0.016133228610490286,-0.03441306050852203,0.017030325301047994,-0.009514079999909832,-0.0054664296250505106,-0.002061863461668547,-0.01114533102484147,-0.008024153988668273,-0.0020618634616685477,-0.018962386695510244,-0.0029169150707926937,-0.017728140544626618,-0.02302901308291515,-0.00461679992247371,0.03509448230262832,-0.047918356521378505,0.04689815927991154,-0.0055304930806936315,-0.036699034828459966,0.023479925881654398,-0.004616799922473715,-0.05989541427817639,-0.0071695828975101615,-0.024119417624073963,0.02542783062668604,-0.002916915070792693,-0.015135190545797251,0.011687813986011802,-0.02574985021085322,-0.0065001440411023475,0.010182211560911132,-0.010554177485409908,0.03946257675846548,0.02634074294621997,0.01650884625209319,-0.01883667544009817,-0.016161977085229658,0.023698392576836744,-0.004127973082268789,-0.007169582897510151,0.03264539090089364,-0.03996750452422689,-0.016304187302033698,-0.00829017967488451,-0.016018709978065714,0.06600225365448799,-0.015135190545797279,0.017141104904063956,-0.016724749440657036,-0.006540388517157799,0.17364337359278276,0.14517270867334028,-0.010395170149199662,0.07448260645217931,-0.0010752588805343609,-0.03597115242564257,-0.006642123939900079,-0.01793738227052827,-0.009741356692318303,-0.008548282057815867,0.014126980485972239,-0.01555913894866883,0.010224548751168348,0.020356269084987205,-0.03018520640900638,-0.018327080754985077,0.03521306152771004,-0.008799159109975196,-0.006861983956736448,-0.002061863461668547,-0.04247703506740455,0.06737130595060357,-0.0017336047614816869,-0.029063974847628554
SaleType_ConLI,0.011889817904796733,0.0010761569053218767,0.0042691918405350655,0.002974861237843889,0.011174816954619353,0.01560124228817761,0.0018526074078060845,0.01927107453600358,0.006093847579076208,0.017267839013618027,0.039388312234125755,-0.005534888317763548,0.0028799083067713024,0.023489475970564635,0.01377145037439863,0.014371054765972297,-0.012653861597527905,-0.006170635597479475,0.001671034919301131,0.008336738526857922,0.0037657104837932652,-0.009964470738065632,-0.009964470738065659,-0.004868212244854896,-0.004083211051500058,-0.011038980123063607,-0.009320726428558525,0.019762655214329614,-0.0015347083625049962,-0.015377724734049802,0.05573135214671257,-0.0030725772716427577,-0.04187563513625369,-0.012653861597527946,-0.005556366907682172,-0.0021711495620761094,-0.006170635597479483,-0.011923218300781782,-0.008197114701856363,-0.01983642877405667,-0.011152779014381218,0.030520052758407665,0.03780269166532169,-0.009452613864466962,-0.006362749135951437,-0.010924159654485462,0.007450811399564349,-0.004616799922473717,-0.013448588493413837,-0.009964470738065632,0.038622066988615505,-0.01697887571779994,-0.007737444721353524,0.03990364095383682,-0.012029856413112676,-0.014665921793182627,-0.007737444721353525,-0.00958286799236612,-0.005107585617360076,-0.01420737624819621,-0.010743383096992083,-0.004351261567380228,-0.006731290219724523,0.13047559622528923,-0.0078934271262633,-0.00217114956207611,-0.003436426116838492,-0.0037657104837934222,0.005972624500785951,-0.0015347083625049944,-0.00217114956207611,-0.0015347083625049966,-0.0015347083625049962,-0.0021711495620761107,-0.008634123135020846,0.05199501980887566,-0.010211811937729609,-0.017060171836483094,-0.005768107913725571,-0.01140316765501193,-0.004351261567380237,-0.005107585617360081,0.01212426106296753,-0.009452613864466938,-0.012653861597527908,0.03099602659321776,-0.005107585617360075,-0.028933600030863815,-0.004068831624680437,-0.0021711495620761125,0.0078934271262634,-0.0015347083625049933,-0.0015347083625049979,-0.0015347083625049966,-0.005107585617360082,-0.0034364261168384935,-0.003765710483793424,-0.0015347083625049962,-0.002171149562076109,-0.011038980123063594,-0.0015347083625049966,0.046354479688434085,0.04047857977134502,-0.0015347083625049966,-0.02469187122516998,-0.016568265198870908,-0.002171149562076112,-0.007737444721353538,-0.01873867374156384,0.009919038554184625,-0.007893427126263307,-0.0026600166618645483,-0.004068831624680431,-0.00773744472135351,-0.0015347083625049966,0.04692473701789905,0.043394445921747425,-0.00486821224485489,-0.024294131113991667,-0.0015347083625049946,-0.019241546408421975,-0.003436426116838487,-0.007893427126263314,-0.017903797290939567,0.011164578263048147,-0.009582867992366175,-0.01334540965923761,0.0003274662838158564,0.023283070667982037,-0.005768107913725585,-0.01668270742606427,-0.0024823086407009544,-0.008197114701856354,-0.019540346058685005,-0.001534708362504993,0.021843362547038017,-0.004050315530484999,-0.005092096693254437,-0.007578476467859635,-0.0037657104837934257,-0.00266001666186455,-0.009187134944244198,-0.026492370633364758,0.015285321165011665,-0.012653861597527948,-0.0021711495620761077,-0.027156391007490472,0.021972852037828974,0.02663781216573688,-0.009888447161846862,-0.019688718318712647,-0.01119185436578233,-0.013545272617357466,0.02218652818890344,0.010071781667543963,-0.008914530780917057,-0.005768107913725592,-0.010573230902697706,-0.011488351770097957,0.020996185997127107,0.0087753488657872,-0.0065494846386010405,-0.004068831624680437,-0.0021711495620761125,-0.0030725772716427542,-0.010924159654485458,0.005515860925210849,-0.0015347083625049916,0.013759934630923383,0.01546496646031901,-0.0080465977672431,-0.0026600166618645626,-0.0015347083625049935,0.017937746375237096,-0.009711554910166975,-0.00016382454741713047,-0.01212600603302637,-0.0034364261168384883,-0.008634123135020875,-0.009051763559833725,-0.005972624500786011,-0.0015347083625049949,0.015895860811670624,-0.008914530780917024,-0.017604797870459824,0.09395635619283026,-0.002054560444163528,-0.05552515383613721,-0.006731290219724539,0.08367905947745595,-0.004616799922473711,0.017921088650798618,0.01434873509668259,0.015285321165011702,-0.01080828469907009,-0.005768107913725592,-0.002660016661864552,0.012956519238016866,-0.009187134944244169,-0.004616799922473718,-0.004068831624680435,0.011377435748100746,-0.00849075117984329,0.01754250986188088,-0.0021711495620761107,0.0030725772716432165,-0.011488351770097948,-0.024196286354196513,-0.00510758561736008,-0.0021711495620761103,0.0034364261168388006,-0.0015347083625049966,-0.0030725772716427547,-0.0021711495620761077,-0.004616799922473713,1.0,-0.003436426116838485,-0.0177013082170961,-0.002660016661864549,-0.1501976571647994,-0.003072577271642757,-0.005336540965509588,-0.006908555602413991,-0.0031390317291110433,-0.017937746375237082,0.01985764054349686,-0.02389367810272595,-0.007578476467859635,-0.01722197148270028,-0.004068831624680435,-0.011038980123063613,-0.03341213454527131,0.005811738405691749,0.008985816970709158,-0.007081622235832777,0.16565957329056016,-0.0015347083625049946,-0.0003274662838157282,-0.005972624500786009,-0.0015347083625049955,-0.01411428737919568,-0.0021711495620761094,0.018258401666682786,-0.017141202419866317,-0.003436426116838486,-0.005332099601774619,0.008684475688870544,-0.008914530780917047,-0.03409214393127535,0.004210800690394463,0.013523899184916532,-0.003436426116838488,0.004083211051500028,-0.0053365409655096,-0.042680298666408135,0.04419117819444363,-0.0021711495620761125,-0.011265587625256404,-0.016402011269852447,0.02052572465458941,-0.023625106204645425,0.004137178098101848,-0.025610390417584724,0.02466575735169128,-0.012448745178599601,-0.014935844431046962,0.03780269166532158,0.04750773803822464,-0.01305613060650003,-0.0030725772716427542,-0.005336540965509603,0.01992994178864412,0.028356110592244715,-0.012135707849456666,-0.0061706355974794755,-0.011923218300781769,-0.006908555602413965,0.05199501980887566,-0.014756313156708306,-0.012448745178599618,-0.0048682122448548935,-0.008490751179843308,-0.0034364261168385022,-0.007737444721353549,-0.011815771882900157,0.028084129868390737,-0.026774434613580565,-0.02369237364398019,0.0407957766147327,-0.007250791265172631,-0.006362749135951449,-0.01563836857789009,0.0017457293148891238,-0.03613463716168067,-0.0035557070934917885,0.012615596776213345,-0.013641409636416257,0.12215402490932478,-0.0065494846386010466,-0.005107585617360083,-0.0015347083625049946,-0.03161696307456233,-0.030061550749983977,0.05121309262947825,0.014463346110617645
SaleType_ConLw,-0.046341185106728515,-0.015040470894414218,-0.021171706474491115,-0.02343052308875459,-0.039952305184548016,-0.02268570549614519,-0.033900052229498975,-0.0395431071168558,-0.04372083428978394,-0.022348481110137167,-0.016054903915462177,-0.04190363008763572,-0.008723042619185627,-0.019524853981107215,-0.005140350546553723,-0.027475125928901892,-0.012653861597527924,-0.006170635597479465,-0.027031447223990146,0.04123305811932417,0.003765710483793299,-0.009964470738065615,0.0610020037866945,-0.004868212244854892,-0.004083211051500013,-0.011038980123063591,-0.00932072642855851,-0.018966843594960602,-0.001534708362504997,0.03239137763129634,-0.010691320615899917,-0.003072577271642759,-0.01574810210252278,-0.012653861597527913,-0.005556366907682145,-0.0021711495620761116,-0.00617063559747946,0.0481040186617748,-0.008197114701856347,0.018778485906106965,-0.011152779014381184,0.03052005275840756,-0.014020716627044152,-0.009452613864466955,-0.006362749135951435,-0.010924159654485439,-0.025021381565701037,-0.004616799922473706,-0.01344858849341383,-0.009964470738065629,0.038622066988615485,0.026895741181293713,-0.007737444721353525,-0.01354527261735749,-0.01202985641311266,-0.014665921793182619,-0.007737444721353511,-0.009582867992366153,-0.005107585617360067,-0.014207376248196173,-0.044841946839618924,-0.004351261567380238,0.09671801210446294,-0.005107585617360074,-0.007893427126263305,-0.0021711495620761094,-0.003436426116838492,-0.00376571048379341,0.005972624500785777,-0.001534708362504995,-0.0021711495620761107,-0.0015347083625049972,-0.001534708362504997,-0.0021711495620761094,-0.008634123135020827,-0.011265587625256436,0.059133515639410675,-0.017060171836483146,-0.0057681079137255975,-0.011403167655011927,-0.004351261567380229,0.13047559622528918,-0.013345409659237603,-0.009452613864466951,-0.012653861597527934,0.030996026593217808,-0.005107585617360083,-0.028933600030863812,-0.00406883162468042,-0.0021711495620761133,0.007893427126263257,-0.001534708362504994,-0.001534708362504993,-0.001534708362504997,-0.005107585617360074,-0.0034364261168384905,-0.003765710483793414,-0.001534708362504997,-0.0021711495620761107,-0.011038980123063591,-0.001534708362504997,-0.012240793337638415,-0.024823880412261246,-0.0015347083625049972,0.008080976037328361,-0.016568265198870894,-0.002171149562076113,-0.007737444721353505,0.03033480368028931,-0.02375955746700037,-0.007893427126263316,-0.0026600166618645465,-0.004068831624680432,-0.007737444721353531,-0.001534708362504997,-0.012135707849456652,-0.02382665863607885,-0.004868212244854891,0.008854870219118459,-0.0015347083625049955,-0.01924154640842191,-0.0034364261168384875,-0.00789342712626331,0.03141609713315818,-0.023151809661268216,-0.009582867992366143,-0.03881508038144278,0.024232505002364506,0.0232830706679821,0.11453814285826508,0.008171122004602885,-0.026643446076857594,0.07728708147464558,-0.019540346058684935,-0.0015347083625049933,-0.013989569271698636,-0.027704158228517083,-0.0050920966932544035,-0.007578476467859629,-0.003765710483793423,-0.002660016661864549,-0.00918713494424416,-0.0027630079801668813,0.015285321165011644,-0.012653861597527929,-0.002171149562076109,-0.07121009197519729,-0.018635203627019536,0.026637812165736824,-0.009888447161846866,-0.019688718318712658,0.01474482400571319,0.039903640953836875,-0.018558542447321767,0.010071781667543958,-0.008914530780917045,-0.005768107913725579,-0.01057323090269767,0.05063384669043157,-0.0528699141373443,-0.071299709534519,-0.006549484638601036,0.1656595732905605,-0.0021711495620761133,-0.003072577271642756,0.054174914204897125,-0.026065146725016072,-0.0015347083625049927,-0.011995840447471678,-0.07960387999048472,-0.0080465977672431,-0.002660016661864541,-0.001534708362504994,-0.023964829157316694,0.06300059980185252,-0.000163824547417142,-0.012126006033026288,-0.003436426116838491,-0.008634123135020839,-0.009051763559833713,-0.005972624500785986,-0.0015347083625049957,-0.030520052758407697,-0.00891453078091703,-0.01760479787045989,0.09395635619283034,-0.0020545604441635132,-0.006319251195311565,-0.006731290219724531,-0.014846284746000265,-0.004616799922473714,0.017921088650798576,0.014348735096682629,0.015285321165011717,-0.010808284699070117,-0.005768107913725589,-0.002660016661864549,0.012956519238016814,0.06745981944773567,-0.00461679992247371,-0.004068831624680429,-0.05130579516596363,-0.00849075117984328,-0.02514426413536283,-0.0021711495620761125,0.003072577271642753,-0.011488351770097927,0.017859163737621288,-0.005107585617360075,-0.002171149562076111,0.0034364261168386067,-0.001534708362504997,-0.003072577271642757,-0.002171149562076108,-0.004616799922473713,-0.003436426116838485,1.0,-0.017701308217096118,-0.00266001666186455,-0.15019765716479969,-0.0030725772716427534,-0.005336540965509599,-0.006908555602413995,0.02741421043423693,-0.017937746375237054,0.019857640543496827,0.009649370003023969,-0.007578476467859649,-0.017221971482700254,-0.004068831624680437,0.05342866379562786,-0.006159778994379611,0.005811738405691711,-0.024227582465329762,-0.0070816222358327545,-0.004068831624680422,-0.0015347083625049955,-0.00032746628381571133,-0.005972624500785985,-0.0015347083625049957,0.037402861554868404,-0.0021711495620761107,0.0418489029351401,-0.01714120241986627,-0.003436426116838492,0.018258401666682706,-0.014795773395853648,-0.008914530780917038,0.019863986301420614,-0.019434464724896995,-0.022052484256485486,-0.0034364261168384896,-0.020249393581928787,-0.005336540965509596,0.01295651923801681,-0.012653861597527911,-0.0021711495620761094,-0.011265587625256424,0.02878088769992965,0.06021785445021898,-0.02362510620464541,-0.026838616892814266,0.0063478745479483316,-0.01770130821709611,-0.012448745178599608,-0.014935844431046952,-0.01402071662704416,-0.012029856413112652,0.04219590036593486,-0.003072577271642752,-0.0053365409655095715,0.019929941788644132,-0.0006964658741954882,-0.012135707849456664,0.1064434640565208,-0.011923218300781758,-0.006908555602413982,-0.011265587625256436,0.0347706229554619,-0.012448745178599617,-0.004868212244854893,-0.008490751179843296,-0.0034364261168384857,0.08263590962405575,-0.011815771882900143,-0.04281413458322394,0.0662985999955328,-0.023692373643980195,-0.01335134507391252,-0.007250791265172619,-0.006362749135951444,0.031437957450397604,0.0017457293148891143,0.016359462595586755,-0.0035557070934918067,-0.022467777115732425,-0.013641409636416243,-0.010691320615899925,-0.006549484638601039,-0.0051075856173600775,-0.0015347083625049955,-0.0316169630745623,-0.0011866401611835772,0.051213092629478145,-0.021633209994513555
SaleType_New,0.1476739320799376,0.02003945084477463,0.32741184352939645,0.3469535717842684,0.3256474435884277,0.16569246353064046,0.24923603905882236,0.2656435336255995,0.22121871834368628,0.16836778259796256,0.3275214595830994,0.29667139364348355,0.026611981585973245,0.17146721529353748,-0.026478360446223568,0.35750940508319323,0.19883100797719558,-0.03178544187845332,0.004972009439293967,-0.10567417110587621,0.019397478561623372,0.05354426687668214,0.008599098436692154,0.03494273931272382,-0.04260773163617936,0.09284463385693185,-0.04801181393387197,-0.004491298460120265,-0.00790540661268422,-0.018704728616793374,-0.027026892308729053,-0.015827093456102045,0.03912425837041636,-0.05318051350196191,-0.028621294291245068,-0.011183766586863212,-0.03178544187845331,-0.06141745956582104,-0.04222399926407862,0.04455676398986277,-0.04396841745206179,-0.04268543281888401,0.05906334966944724,-0.048691176758388396,-0.032775034216989615,-0.042528171209006406,-0.12888715544960402,-0.02378150893567243,-0.06927476451198192,-0.05132779281662781,0.2831046658484528,-0.07819719444398182,-0.039856202103197846,-0.06977279223597094,-0.04939778759631948,0.26085177425033673,0.11277345054117936,0.05945602095690423,-0.02630958565210648,-0.04074628058457849,0.041120445218129395,-0.022413699441984035,0.009004917292780726,0.0023133614805875917,0.034199251700143124,-0.01118376658686322,0.024665757351691287,-0.019397478561623407,-0.01832478858381685,-0.007905406612684218,0.12265475158379503,-0.00790540661268422,-0.00790540661268422,-0.011183766586863219,-0.027305949458257088,-0.05802995089119795,-0.05260186729434871,0.0689479613727857,-0.029711989299005367,0.0709583346456331,-0.02241369944198401,-0.026309585652106466,0.047397730605820615,-0.03294259056715068,-0.06518106214382653,-0.05596698471199105,-0.026309585652106438,0.07546791532755723,-0.02095888001753337,-0.011183766586863217,0.02194494711793288,-0.00790540661268422,-0.007905406612684221,-0.007905406612684218,-0.02630958565210642,-0.01770130821709609,-0.019397478561623445,-0.00790540661268422,-0.011183766586863216,-0.05686267736217718,-0.007905406612684218,0.1348673280749601,-0.12786981107163548,-0.00790540661268422,-0.08567779304891532,-0.08534447095216993,-0.011183766586863217,-0.020777495522650655,0.2795397739572428,-0.1223873976991281,-0.003230214178574244,-0.013701960465134166,-0.020958880017533446,-0.039856202103197805,-0.007905406612684218,0.13697986973337553,-0.12273304123552292,-0.025076554095013557,-0.08315254263309377,0.08670027908009417,-0.09911475817276882,-0.017701308217096104,-0.021944947117932895,0.28052269628509185,-0.11925683971191693,-0.018271227070567286,-0.02250195291387437,-0.16081337607424476,0.32647089120348044,-0.02971198929900533,0.2320274746819464,-0.33514793320415015,-0.04222399926407861,-0.10065389928176882,-0.007905406612684216,0.11251692304638256,-0.2595556473857524,0.32852433237819495,-0.039037343802115536,-0.01939747856162341,-0.013701960465134165,-0.04732367341851503,0.08194997155503354,-0.27931891270112336,0.09082607020041397,-0.011183766586863222,-0.03386281381572792,0.04974550153972591,0.022822583988132562,-0.15800747171424503,-0.09321754882589156,0.13180176249932346,-0.06977279223597095,-0.09559654965674985,0.1113138596615124,-0.04591946737646676,-0.02971198929900531,-0.054463565546220526,-0.05917742697637719,0.10815304827811963,0.04520253010087946,-0.03373692385904487,-0.020958880017533422,-0.011183766586863217,-0.015827093456102042,-0.05627122786353244,-0.08092717606855056,-0.007905406612684218,-0.19446161779595322,0.07966129012341834,-0.04144867438849741,-0.01370196046513415,-0.00790540661268422,0.09239877899667732,-0.050025002979046655,0.1516482114878299,-0.27433521308016573,-0.017701308217096107,-0.04447506496603287,-0.04662636449414073,-0.030765470741637217,-0.00790540661268422,0.08188086169660154,-0.04591946737646667,0.12636258069701548,-0.035586527367503326,-0.13361608186728433,0.0962583849644049,-0.012834250892368585,0.12112247386237777,-0.0237815089356724,-0.1589147447133859,0.08592341869403278,-0.25948207971427445,-0.05567434661810181,-0.004314153012970337,-0.013701960465134153,0.05499459498875644,-0.04732367341851486,-0.023781508935672387,-0.020958880017533425,0.058606089597125426,-0.04373654445606184,0.08135128475437384,-0.011183766586863217,0.01582709345610209,-0.0591774269763773,0.0919939934893928,-0.026309585652106438,-0.01118376658686322,0.01770130821709634,-0.007905406612684218,-0.015827093456102045,-0.011183766586863219,-0.02378150893567237,-0.0177013082170961,-0.017701308217096118,1.0,-0.013701960465134168,-0.7736802516813163,-0.015827093456102025,-0.027488953125100662,-0.035586527367503284,-0.6456982687704707,0.9868189596845142,-0.03361243789885863,-0.10891572724227506,0.03882402498352484,-0.024647728877173196,0.014872460527664251,0.024795856030064116,0.029254836858206193,-0.0009133702838839558,-0.02663476471766248,-0.036478007561193466,-0.020958880017533394,-0.007905406612684218,-0.010770666319476976,-0.006220341078910225,-0.007905406612684223,-0.061828054863315,0.05573549249846582,0.12293558791461849,-0.042354253322962936,0.02466575735169128,-0.2306577262704355,0.19245041859917308,0.12060418480843495,-0.17561138432515044,-0.05418440725456521,0.3520584541549708,-0.017701308217096104,0.06315514309408923,-7.510642930355142e-05,0.05499459498875646,-0.06518106214382645,0.055735492498465926,-0.031320074377594875,-0.017718193828002188,-0.03169249833243691,-0.05030522318208003,-0.05323703481468308,0.01650632205452026,0.05192482050528072,0.06986449218766352,0.0368594325590843,0.03718248427553879,0.026016053348915512,-0.06725318226860069,-0.015827093456102028,-0.027488953125100614,-0.09988612377443577,0.10435827249758638,-0.0625120103770766,-0.03178544187845339,-0.061417459565821016,-0.03558652736750327,-0.05802995089119794,0.059912162188906784,-0.027582040980704076,0.004933092608855108,-0.026289726175774845,0.024665757351691384,-0.039856202103197826,-0.06086399439733502,0.24644141545297585,-0.11826863744022126,-0.12204132840560913,-0.06877385581144466,-0.03734941088177069,-0.032775034216989636,-0.04080139120734696,-0.08216289253839441,-0.02544310868934518,0.032630734172904664,0.032395593220670614,0.05306578057811968,0.01504055200976172,0.14570172398869832,0.030936308613281668,-0.007905406612684218,0.07409878978681761,-0.06950857519259128,-0.060110827391864644,-0.058092036840159504
SaleType_Oth,-0.01949263415700357,-0.005721770214430983,-0.0579621845388525,0.012121701310073951,-0.011430974427954783,-0.025898634907369072,-0.0025928926149444455,0.0036459297767782333,-0.00821450962693178,-0.03652204230426834,0.025720591866788125,-0.08060126277925643,0.004619456778686809,-0.025572703008648633,-0.003978964667582317,-0.034894994917515264,-0.009794909461728509,-0.004776472109544655,0.02351107188658375,-0.019010708399293013,0.0029149041155188287,-0.007713146533265638,-0.0077131465332656345,-0.003768311974278842,0.0031176678295020284,-0.008544886477686156,-0.007214846691788247,0.01529757671646507,-0.001187963796271549,-0.011903356168114453,-0.008275775473908245,-0.0023783740605938923,0.028258757534460527,-0.009794909461728504,-0.004300988309175378,-0.0016806105570620115,-0.004776472109544661,-0.009229344168850195,-0.006345098350670453,-0.015354682235806117,-0.008632974199265056,0.04757711809136188,-0.010852943893212667,-0.007316936119897288,-0.004925180446616471,0.07552883326282595,0.022524466618938137,-0.003573702533018034,-0.010410079616072812,-0.0077131465332656544,-0.01070693396089364,-0.01314275086194091,-0.005989283976805373,-0.010484919397835525,-0.009311888983126886,-0.01135237453245723,-0.005989283976805359,-0.007417761261689456,-0.0039536024876265586,-0.010997430544599895,0.018078424370549323,-0.0033681586263844226,-0.005210455144831117,-0.003953602487626562,-0.006110024473446527,-0.0016806105570620134,-0.0026600166618645496,-0.0029149041155187108,0.0046231986799609775,-0.0011879637962715504,-0.0016806105570620125,-0.001187963796271549,-0.001187963796271549,-0.0016806105570620134,-0.006683371217325968,0.07289272548045178,-0.007904604661536694,-0.013205679329741387,-0.004464889578961374,0.0456258082636517,-0.0033681586263844187,-0.003953602487626556,-0.03004538931895857,-0.0073169361198972835,-0.009794909461728521,0.023992934632160862,-0.003953602487626569,-0.022396482727418277,-0.0031495395355476577,-0.0016806105570620112,0.006110024473446601,-0.0011879637962715502,-0.0011879637962715498,-0.001187963796271549,-0.0039536024876265525,-0.0026600166618645526,-0.002914904115518713,-0.001187963796271549,-0.0016806105570620128,-0.00854488647768614,-0.0011879637962715487,-0.009475167841674605,0.022908322563120528,-0.001187963796271549,0.06544792062011215,-0.012824911692771434,-0.0016806105570620106,-0.005989283976805358,-0.033497975588251204,-0.018391438253557997,-0.006110024473446534,-0.0020590253946465307,-0.003149539535547664,-0.00598928397680538,-0.0011879637962715487,-0.00939382485917485,0.02491786619220172,-0.0037683119742788424,0.06672635607145246,-0.0011879637962715506,-0.01489420470751467,-0.0026600166618645487,-0.006110024473446523,-0.032947098444664924,-0.017921002040325408,-0.007417761261689433,-0.030045389318958622,0.03726158049242887,-0.014066424641260317,-0.0044648895789613586,-0.03215197311348135,0.0354831065210206,-0.0063450983506704375,-0.015125495013558038,-0.0011879637962715502,0.016908179122944615,-0.00923840960020471,0.020417138527825732,-0.005866232239732003,-0.002914904115518718,-0.00205902539464653,-0.0071114382197078685,0.022352006658922275,-0.01241304250602647,-0.009794909461728502,-0.0016806105570620158,0.013079613676145777,0.03796392469286654,0.04316944295511954,-0.033567985288384714,0.03487430243420279,0.00472122628935895,-0.010484919397835512,-0.014365515349770723,0.0013104744072566844,-0.006900424919293622,-0.004464889578961357,-0.008184366377936826,-0.008892729273614081,0.016252409535097927,0.00679268909123009,-0.005069725835203662,-0.0031495395355476633,-0.001680610557062011,-0.002378374060593888,-0.008456007989059725,0.020566799322312916,-0.0011879637962715515,0.03723326856580063,0.011970886921750967,-0.006228588482466897,-0.0020590253946465263,-0.001187963796271551,0.013884978932219379,-0.007517373281234094,-0.03715557128369136,0.04506674432105082,-0.002660016661864552,-0.006683371217325965,-0.007006651989529064,-0.004623198679960993,-0.0011879637962715506,0.012304427092593597,-0.006900424919293616,0.027394997563545753,-0.005347670046445108,-0.023703982142662693,0.03319704935824377,-0.005210455144831115,-0.011491987154223544,-0.003573702533018034,-0.027251252828715718,-0.028932662445842118,0.04819913829263141,-0.008366313259239321,-0.004464889578961359,-0.002059025394646528,0.010029186102391847,-0.007111438219707871,-0.0035737025330180327,-0.0031495395355476585,0.008806873079839139,-0.0065723920265476025,-0.04149151184550234,-0.0016806105570620112,0.002378374060593622,-0.008892729273614078,0.0138241508747305,-0.003953602487626555,-0.0016806105570620128,0.0026600166618641367,-0.001187963796271549,-0.002378374060593888,-0.0016806105570620134,-0.0035737025330180344,-0.002660016661864549,-0.00266001666186455,-0.013701960465134168,1.0,-0.11626272675373352,-0.002378374060593891,-0.00413082877452867,-0.005347670046445121,-0.09703057719811327,-0.013884978932219414,-0.039588428815069084,-0.018495256323145363,-0.005866232239732016,-0.013330922748394416,-0.003149539535547666,-0.008544886477686158,-0.02586315886827447,0.01058018751774413,0.024095155057025572,-0.005481634843840587,-0.0031495395355476577,-0.0011879637962715506,-0.037261580492428975,0.14537391404766228,-0.0011879637962715504,-0.010925373723310417,-0.001680610557062011,-0.04064854645663655,-0.013268402256000029,-0.002660016661864553,0.02022004618612181,-0.017511299911258833,-0.006900424919293622,0.008415089585760772,-0.051649473582660595,-0.01707005288730727,-0.00266001666186455,-0.03450935769897143,-0.004130828774528672,-0.06174832227747175,0.0635413357389054,-0.0016806105570620125,-0.008720295379563248,-0.01269622037037618,-0.014836040493755186,-0.018287364257518764,-0.020774829921839003,0.021405512905670252,0.040956133193597685,0.0648017403282927,-0.011561312158270077,-0.010852943893212664,-0.009311888983126862,-0.010106291761255994,-0.002378374060593889,-0.004130828774528653,-0.015010119606439536,-0.023027687955475964,-0.009393824859174851,-0.004776472109544656,-0.009229344168850174,-0.005347670046445114,0.07289272548045178,-0.011422343309579685,-0.009636136051964847,-0.003768311974278847,-0.006572392026547606,-0.0026600166618645483,0.11060211077167269,-0.009146173673659766,0.00954341454828345,-0.020725148675581014,-0.018339433617763374,-0.010334806903278941,-0.00561258264292479,-0.004925180446616473,-0.012105111405635896,0.055509600528537664,-0.027970552443865575,-0.024473579735584502,0.027869827675368723,-0.010559335684938354,-0.008275775473908255,-0.005069725835203658,-0.003953602487626559,-0.0011879637962715506,0.04793052647303436,-0.023269589730045167,-0.02490535710025099,-0.016745507419191032
SaleType_WD,-0.10699459853676116,-0.002292067264277447,-0.22501317729611348,-0.2384631622752326,-0.18273265199307642,-0.1281871812256839,-0.1989601199422069,-0.21285105340115418,-0.19805630190374193,-0.12110152224398543,-0.2242524066720218,-0.21866531224827998,0.019758137774640257,-0.10660481502536155,0.025008788821477276,-0.24259751727295026,-0.15106896487390212,0.02165927177082252,0.015608354181624515,0.07840360099362123,0.006538560590721752,-0.03158242926813124,0.005139375933465571,-0.016625864302209806,0.022149193830600704,-0.04881985768594554,0.03597628002119087,-0.011333513456064308,-0.06707829373952753,0.011749638008679873,0.013897337012592988,0.02045689213561745,-0.013223443037573099,0.06463831015387009,0.03699369892025417,-0.040220138297880494,0.0022351091262274303,0.06902976205238921,0.02508615520686268,-0.0011404907555360028,0.041211996471037876,-0.0062512725648503145,-0.02285496934145156,0.011465870240337957,0.04236250588762587,0.039046189220271206,0.06577271808820634,0.004901825493574521,0.03386718481227531,0.06634238460279336,-0.21552302598375966,0.04493440769617043,0.05151508264116181,0.08096388430301475,0.05955490337549588,-0.20297133906557888,-0.08877676935984644,-0.05050896543593184,0.010619792499776529,0.032752648365477754,-0.026104042841336387,0.02897023595119025,-0.008713924184218087,-0.012766175900937933,-0.023899423688638025,0.01445528247949895,-0.011736044245710515,-0.006538560590721667,0.02039764075263361,0.010217924776423653,-0.0948955590752597,0.010217924776423602,0.01021792477642361,0.01445528247949895,0.001373953751418192,0.020447778493469845,0.020145238523246,-0.05977115218976429,0.038403447980528305,-0.08909631566524945,0.028970235951190384,0.010619792499776508,0.008018944816022968,0.03720018315485479,0.045028557878617995,0.038322609852734744,0.034005760900490914,-0.06212762756206819,0.02708984748154928,0.014455282479498814,-0.021972388649764425,0.010217924776423744,0.010217924776423734,0.010217924776423623,0.03400576090049087,-0.011736044245710425,0.025071699218727657,0.010217924776423618,-0.04022013829788048,0.0512570424690192,0.010217924776423653,-0.09031708780265611,0.08642921333196693,0.010217924776423585,0.03438142088341941,0.05622388823900466,-0.040220138297880494,0.020339115529826507,-0.16895471655580943,0.08848025905805768,0.0066817845369636425,0.017710107548121922,-0.002185635363056178,0.03592709908549409,0.010217924776423653,-0.09238072795218186,0.07167597280890459,0.03241203848814633,0.030241054266344915,-0.06707829373952752,0.07351050936745775,0.022879358984061737,0.021972388649764456,-0.1717346378279267,0.0831138299370453,0.025698154305501632,0.0211982987725635,0.12481566572478045,-0.25083122411326453,-0.023849365548233224,-0.15214366669515664,0.240733957141058,-0.019147886583015743,0.07617109990492417,0.010217924776423736,-0.06508275086224559,0.14202020569064994,-0.19325256091817902,0.034552810305294196,0.02507169921872764,0.017710107548121908,0.03472617519840607,-0.02580796287556582,0.17294738777109986,-0.05302020349764217,0.014455282479498954,0.04706950534256942,-0.03702658436935755,-0.02962228979658574,0.1039467865914247,0.08418395099097531,-0.07043271668690936,0.025649297928470427,0.0603098384824856,-0.09653917519843042,0.04574642007602632,0.01765251013760775,0.04724217851529029,0.02291270673609509,-0.06971629078903886,-0.016990269883159166,0.006953827610113878,-0.002185635363056244,0.014455282479498836,0.020456892135617414,0.016589054588955068,0.07004164608470576,0.010217924776423706,0.09585990708341603,-0.037372570475146326,0.03856338293206214,0.01771010754812209,0.010217924776423705,-0.05437978171450605,0.03957508969385482,-0.09297170847559778,0.17861244521773803,0.022879358984061817,0.015401733311351634,0.04685697749608694,-0.00034339462546514844,0.010217924776423644,-0.04979083762178979,0.05935199622412144,-0.12593860496562853,0.011201202477171972,0.13489704706443673,-0.06486638596305468,-0.04440068241411522,-0.0880898286789522,0.004901825493574566,0.124431930568483,-0.07233521540819919,0.18105108770196401,0.049278586865897735,0.017652510137607713,0.017710107548122023,-0.057473694213928554,0.02150577994686156,0.030738162030104637,0.027089847481549228,-0.04331413800268744,0.056530516787802305,-0.06525657742433186,0.014455282479498881,-0.02045689213561747,0.04434291290822777,-0.0608731750598832,0.010619792499776454,0.014455282479498885,-0.022879358984062022,0.010217924776423665,-0.1342947271286393,-0.09489555907525969,-0.20178886679866637,-0.1501976571647994,-0.15019765716479969,-0.7736802516813163,-0.11626272675373352,1.0,0.020456892135617518,0.03553012121656631,0.02859881483533269,0.6343220052844238,-0.7695593050913535,0.05475456298675675,0.06651118369087808,-0.029062704254263837,0.024931877171189196,-0.002185635363056229,-0.037700202113171696,-0.031378135531446014,0.013343504406191113,0.023813714745263247,0.03016445690547111,-0.0021856353630561134,0.010217924776423633,0.0318675891944616,-0.020397640752633443,0.010217924776423679,0.04065602959389707,-0.04022013829788049,-0.06947941110639501,0.04655983476182668,-0.04635144747548268,0.15024609116509205,-0.12342989294974574,-0.09030934140492368,0.119956138985217,0.05679642174588722,-0.26431350618050886,0.02287935898406175,-0.01375520992594739,0.01313203098505206,-0.0190877868249369,0.0254188056033661,-0.04022013829788034,0.053182160730823096,0.03906278276116064,0.01806758443454898,0.04063773426956117,0.06114621815562844,-0.016906899204926794,-0.0721455558356158,-0.06640000370734075,-0.05269917908162298,-0.02285496934145169,-0.0020608936682436864,0.04880589804377445,0.020456892135617407,0.035530121216566304,0.0680645154859746,-0.032445240067188685,0.05023725387127692,0.021659271770822646,0.05867600690584214,0.028598814835332616,0.020447778493469855,-0.072606403972812,0.023169450015527306,0.007893087092968253,-0.00048817372010187055,-0.04635144747548265,-0.010836851581508714,0.04734677063621089,-0.1975794697287016,0.07658830535169808,0.12281614395031254,0.07955230544988705,0.03167549181147107,0.042362505887625905,0.02291932682109844,0.06388864282946778,0.018747584532602307,-0.04602429135135254,0.010407459886801041,-0.019105781936564734,-0.06630073428537489,-0.10300200247038753,-0.012766175900938037,0.010217924776423633,-0.03150391419087395,0.02084974149603417,0.02244156985873139,0.05686636521552296
SaleCondition_AdjLand,-0.032287937256713285,-0.013207920703780785,-0.04167726154406613,-0.045600880042861974,-0.04029353272756912,-0.011783483623151625,-0.03461809426195361,-0.05589506608288252,-0.03745057045969519,-0.04020754031409613,0.01858765632824299,-0.10127674127587352,-0.039424726268933216,-0.007051211694573744,-0.004596090158966659,-0.05068563355867178,-0.011314070555035527,-0.005517288614325888,0.027157568652235124,-0.021959212279727452,0.0033669970052300864,-0.008909432437295339,-0.00890943243729534,-0.004352765864448556,0.012666320478116999,-0.009870172753618197,-0.008333847784260339,0.017670185004508586,-0.0013722134196707794,0.03963960540087916,0.06467797561480206,-0.002747252747252749,-0.02576126756798533,-0.011314070555035513,-0.004968058701974552,-0.001941268216151703,-0.005517288614325883,-0.010660787780742736,-0.007329204082857987,-0.017736147418702494,-0.009971922616735393,0.19329417312127475,-0.012536202954956261,-0.008451770976614698,-0.00568906116866408,-0.009767509477855095,-0.02237211733642732,-0.004127973082268794,-0.012024651756097028,-0.008909432437295361,-0.012367547319858422,-0.015181152119910722,-0.006918203966304096,-0.012111098963648573,-0.01075613504825224,-0.013113093789102087,-0.006918203966304075,-0.008568233795634645,-0.004566794380933157,0.04453926087654148,-0.01722792537924516,-0.0038905499319173958,-0.006018581117345401,-0.004566794380933163,-0.007057670952005768,-0.0019412682161517008,-0.0030725772716427547,-0.003366997005230335,0.005340242935312815,-0.0013722134196707781,-0.0019412682161517026,-0.0013722134196707794,-0.0013722134196707794,-0.0019412682161517002,-0.007719942057021906,0.13133364654067523,-0.00913058514728796,-0.0152538406044135,-0.005157380567343905,-0.02592030871663089,-0.0038905499319173927,-0.004566794380933159,-0.034705339129109135,0.07492380757647626,-0.011314070555035508,-0.035706967340266065,0.1469677464409399,-0.02587011005591553,-0.003638023675491089,-0.0019412682161517036,-0.0920211712588446,-0.0013722134196707766,-0.0013722134196707768,-0.0013722134196707796,0.14696774644093974,-0.003072577271642748,-0.003366997005230337,-0.0013722134196707794,-0.0019412682161517008,-0.009870172753618222,-0.0013722134196707794,-0.010944737968266212,-0.022195527607869286,-0.0013722134196707794,0.014551076616025456,-0.014814017048454663,-0.0019412682161517032,-0.0069182039663040875,-0.03869341117824378,0.016396987064822434,0.09202117125884438,-0.0023783740605938884,-0.0036380236754910995,-0.0069182039663041005,-0.0013722134196707794,-0.010850778933039294,-0.021303891687262214,-0.004352765864448553,0.015327112589142168,-0.0013722134196707781,0.07124013879767382,-0.003072577271642757,-0.007057670952005755,-0.01049590506968622,-0.020700495731320042,-0.008568233795634629,-0.006239162090626347,0.016323273813246598,-0.016248084933316444,-0.005157380567343921,-0.03713864775482451,0.04098642996745212,0.08821220628296934,-0.017471413945365284,-0.0013722134196707762,-0.02051808860648665,-0.019483498192967703,0.0059983249241145,-0.006776067273708064,-0.0033669970052303388,-0.002378374060593888,-0.008214400968169059,-0.018383133709982083,0.029419824521269632,0.05221878717708698,-0.0019412682161517008,-0.0341283955723852,0.028723484698622414,-0.015253840604413475,0.007995753537324157,-0.017604076548431134,-0.004209235043471445,-0.012111098963648568,-0.01659356371407133,0.02024286562144156,-0.007970660137458379,-0.005157380567343918,-0.009453737067202766,-0.010271964924394965,0.018773109530813327,0.00784621480544424,-0.0058560251136878195,-0.0036380236754910977,-0.0019412682161517039,-0.0027472527472527496,0.06299046928575931,-0.02330536862611156,-0.0013722134196707762,0.05260335075428749,-0.09242615898201122,0.09006603231788782,0.28699046997832856,-0.0013722134196707762,-0.0776263280875995,0.07258344310500929,-0.04291828900092264,0.025848725590890374,-0.003072577271642754,-0.007719942057021895,-0.008093362707828695,-0.005340242935312958,-0.0013722134196707792,0.014212806847152589,-0.007970660137458353,0.031643879558054394,-0.006177077638842507,-0.027380398710705457,0.010848324077925143,-0.006018581117345401,-0.013274359909959005,-0.004127973082268782,-0.0017894379581583077,-0.03342003165382181,0.05567468014538576,-0.009663903364335803,-0.0051573805673439084,-0.0023783740605938853,0.01158468280032687,-0.00821440096816907,-0.004127973082268788,-0.003638023675491094,0.010172792692354353,0.08477454531212403,-0.1274415079677406,-0.0019412682161517039,0.002747252747252846,-0.010271964924394961,0.01596823523191158,-0.004566794380933158,-0.0019412682161517039,0.0030725772716428653,-0.0013722134196707796,-0.0027472527472527514,-0.0019412682161517006,-0.004127973082268789,-0.003072577271642757,-0.0030725772716427534,-0.015827093456102025,-0.002378374060593891,0.020456892135617518,1.0,-0.004771507933626237,-0.006177077638842499,-0.11207972883309787,-0.016038497538760264,0.007174515164425074,-0.021363815131845595,-0.006776067273708078,-0.015398508901831682,-0.003638023675491098,-0.009870172753618237,0.0005841374327211771,-0.0316835534987645,0.015458589604570519,0.10372124149032866,-0.0036380236754910904,-0.0013722134196707785,-0.01632327381324654,-0.005340242935312952,-0.0013722134196707792,-0.012619866434564414,0.3523401812315333,-0.04695301415158427,-0.015326291668497485,-0.0030725772716427542,0.005778832510964223,-0.00273211671025156,-0.007970660137458388,-0.000330433249389496,-0.05966015209512116,-0.01971756691573341,-0.0030725772716427564,-0.012666320478116982,-0.004771507933626239,-0.11278029432082787,0.05221878717708684,-0.0019412682161517015,-0.010072787050317241,-0.01466536608776027,0.027224842276558768,0.01667113931589717,0.010623152969629228,-0.022898761922855716,-0.015827093456102,-0.01113067186540514,0.0414137597297498,-0.012536202954956251,-0.010756135048252229,-0.011673747315725227,-0.0027472527472527466,-0.004771507933626227,0.07055661442273242,-0.02659921332255176,-0.010850778933039311,-0.0055172886143258874,-0.010660787780742718,-0.006177077638842507,0.13133364654067523,-0.013193914513796477,-0.011130671865405103,-0.004352765864448554,-0.007591750326458871,-0.003072577271642757,0.09408757394173578,-0.010564717791085533,-0.006585195805057087,0.010734801399423361,-0.02118382479200055,-0.011937704471209239,-0.006483077384853394,-0.005689061168664097,0.03863227706982981,-0.025249714966758246,-0.00297368643574513,0.003093303674747515,0.01912204365723183,-0.012197056993788091,-0.009559323439923596,-0.005856025113687828,-0.004566794380933157,-0.0013722134196707785,0.0030933036747475234,0.00539340997883765,-0.028768103322607774,-0.019342685418468796
SaleCondition_Alloca,-0.017381582887227402,0.008966334028778507,-0.04495014594584158,-0.01010413625409831,-0.020727414985590005,-0.013747580541281813,-0.05912958916705702,-0.04700186970803315,0.06810674472510174,0.03228341998178835,-0.015549545600968035,-0.00545763335146432,-0.0018729574367710507,-0.028854715640603608,-0.007156625567626559,-0.015525374015419788,-0.019650604579045095,-0.009582586247911652,-0.008548254972450292,0.004432100859884785,-0.11273447163290354,-0.015474159631352864,-0.015474159631352862,-0.00756000949537789,0.037743779206673045,0.024571348338585458,-0.014474467578564361,-0.11967074492595527,-0.0023832999075658534,0.03793794694925574,-0.01660290909866483,-0.00477150793362624,0.022880951726220393,0.053913197178405606,-0.008628667870074064,-0.0033716507168578035,-0.009582586247911635,-0.01851596418472516,-0.012729573375982253,-0.030804653195790482,0.06531611062526273,0.035382139363507766,-0.021773239435992593,0.03359042447153418,-0.009880925782424284,0.025158227155774544,-0.03885653967205201,-0.00716958289751016,-0.020884762536204703,-0.015474159631352858,-0.021480313456857743,0.0020222526618477823,-0.012015736500645888,0.01354951187264918,0.1354149676387546,-0.022775200101867128,-0.01201573650064586,-0.014881555974024798,-0.007931740405629882,0.07735707493341697,-0.029921958476224128,-0.006757219511337868,-0.010453245548413535,-0.007931740405629889,-0.0122579667903125,-0.003371650716857803,-0.00533654096550959,-0.005847897663954638,0.009275088198134695,-0.0023832999075658508,-0.003371650716857803,-0.002383299907565853,-0.0023832999075658534,-0.003371650716857805,-0.013408218377086197,0.2690372010550817,-0.015858264046692164,-0.026493311012251324,-0.0089574875549473,0.0004988270466567671,-0.006757219511337869,-0.007931740405629885,-0.02731664982385024,0.1301298333857856,0.017131296299680323,-0.02529967304459615,-0.007931740405629897,0.012411274138672447,-0.0063186246142386045,-0.0033716507168578052,-0.045103031651534654,-0.0023832999075658516,-0.002383299907565851,-0.002383299907565853,0.07979811559603382,-0.005336540965509594,-0.005847897663954649,-0.0023832999075658534,-0.003371650716857803,0.02457134833858534,-0.0023832999075658525,-0.019009137073123485,-0.017422672511395215,-0.0023832999075658525,-0.0383448320516882,0.1481823586428644,-0.003371650716857804,0.046460847802497394,-0.05132720030942583,0.006686836919213448,-0.012257966790312522,-0.0041308287745286665,-0.00631862461423862,-0.012015736500645888,-0.0023832999075658525,-0.018845946306467767,-0.01525331870128453,-0.007560009495377872,-0.037727168140181754,-0.002383299907565851,0.12373193103752754,0.12451928919522363,0.045103031651534516,-0.050142304616374714,0.008456002433245725,-0.014881555974024801,-0.043796942692784516,0.028350733502968004,-0.001396309172919167,0.06888734476780892,-0.03233985764105487,0.024285618310530725,0.04258345379346455,0.02022990430114683,-0.0023832999075658503,-0.035636409015005685,-0.003228800114404867,-0.03539631385460725,0.16721601920586554,-0.00584789766395465,-0.00413082877452867,0.035327831556498025,0.014134292726365164,-0.009703054488319082,0.05391319717840569,-0.0033716507168578044,-0.030769989763299897,0.023612108483045804,0.0017817138984847463,-0.05109797939351504,-0.0054401942043959955,0.009471751760736842,-0.021034906543553316,0.023908470797941592,0.018893737597475604,-0.013843672781892021,-0.0089574875549473,-0.0164195236363611,-0.01784064541556788,0.03260567894770023,0.013627532534292873,-0.010170913585369248,-0.006318624614238604,-0.0033716507168578052,-0.004771507933626237,-0.01696449262338925,-0.04047743747158934,-0.0023832999075658503,0.1246938557722684,-0.006741351093419196,-0.012495830597800392,-0.004130828774528663,-0.0023832999075658508,0.0007428300224764737,0.031967408128210105,-0.05906520008292288,0.06006759745143845,-0.00533654096550959,-0.013408218377086209,-0.014056786150723406,-0.009275088198134763,-0.002383299907565852,-0.005348462927041862,-0.013843672781892045,0.020668719505549535,-0.010728526885571852,-0.010584674222830387,-0.028916749056562562,0.1234216535803916,-0.02305529175920137,0.08975255627253452,-0.003107947538726692,-0.041309979181993486,0.06629726500173395,0.025759616553307857,0.06888734476780903,-0.004130828774528668,-0.05187961655578849,-0.014267008897816468,0.08975255627253458,-0.006318624614238604,-0.022891134873749365,-0.01318557127626213,-0.000378365970167998,-0.003371650716857804,0.004771507933626012,-0.017840645415567884,0.0005218780797587427,-0.007931740405629885,-0.003371650716857803,0.005336540965509631,-0.002383299907565853,-0.004771507933626237,-0.0033716507168578026,-0.007169582897510161,-0.005336540965509588,-0.005336540965509599,-0.027488953125100662,-0.00413082877452867,0.03553012121656631,-0.004771507933626237,1.0,-0.01072852688557186,-0.1946633107785925,-0.027856125842868784,-0.03348081597531229,-0.015401074423629198,-0.011768869386923073,-0.026744575090362058,0.1035050889189562,-0.017142801166454967,0.01864833582384962,-0.08553088898139616,0.06983075666383722,-0.01099728784466149,0.10350508891895632,-0.0023832999075658516,-0.05928651146584794,0.21641872462314463,0.28758485551294566,-0.021918548584233293,-0.0033716507168578035,-0.06628498558418598,0.057867708941972205,-0.005336540965509595,-0.05102061981874264,-0.004745219227315142,0.0882359345997363,-0.05294282970316841,0.049378536517241084,-0.03424603981716313,0.1245192891952236,-0.053488327104313886,0.15976058931860038,-0.2318801873054352,0.23782270157203272,-0.0033716507168578035,-0.01749470753005115,0.062236310860757864,-0.029764151103244183,-0.03668821699900108,0.05853672169284553,-0.03977123120338528,-7.510642930357417e-05,0.018002353168756167,-0.023194371987281227,0.011759386699607825,-0.018681566073312197,0.015475834046534846,-0.004771507933626235,-0.008287292817679552,-0.030113389635994057,-0.046198282092425214,0.019369444814980742,-0.009582586247911648,0.020324995168290262,-0.010728526885571858,0.2690372010550817,-0.022915571871252562,-0.019332072436903,-0.007560009495377877,-0.013185571276262137,-0.005336540965509593,0.046460847802497394,0.02081711560221166,0.003854347854139627,-0.02150443850063604,0.006879931818169057,-0.020733749980092333,-0.011259996084115263,-0.009880925782424296,0.006175654796673988,-0.024452169463558344,-0.02214808490423868,-0.030941846024845652,0.0559126110838142,0.013181280580808065,0.026376252752488814,-0.010170913585369234,0.07979811559603393,-0.0023832999075658516,0.005372539181162934,-0.009316242111738395,0.0399623632358437,-0.010238456320974367
SaleCondition_Family,0.01968453631456791,-0.010781077145227464,-0.02551467373399197,-0.035784862318163864,-0.048056494889720955,-0.009534784789422103,0.02153357539799186,0.019568771894334966,0.021948548270913255,-0.007743147427099559,-0.050615523744814525,-0.016172571870957008,-0.012598655297382884,-0.038807731799532785,-0.010334107691928768,-0.0464801960323448,-0.02543919277164591,-0.012405382126079806,-0.025492155592781257,0.049827303816088145,0.007570545495625126,-0.020032469141483062,-0.020032469141483055,0.061658123049043875,0.02847966757701132,0.042609891303304684,-0.018738292224896532,0.0007999457335221478,-0.0030853618542539467,-0.03091521911186571,-0.02149372063501026,-0.006177077638842523,-0.005396560559874098,0.003130977571894894,0.05155598165159223,-0.00436485667399104,0.04419417382415919,0.006199219403763426,-0.01647939480486768,-0.03987895170141853,0.04176541224577572,-0.03195687453530712,0.023905518597081992,-0.019003437365008383,-0.012791605201270241,0.04347543530672144,0.014979034347564106,-0.009281566920162401,0.054073807043587385,-0.020032469141483104,-0.027807889198844058,0.0540709205149591,-0.01555527901971996,-0.000367990220092136,-0.024184699188442182,-0.02948421782513737,-0.015555279019719917,-0.019265298919553777,-0.010268237416402036,-0.028562362593547972,0.012677313820927823,-0.008747731351357974,-0.013532516392855113,-0.010268237416402015,-0.015868864436859333,-0.0043648566739910395,-0.006908555602413999,-0.007570545495625118,0.012007302660701862,-0.0030853618542539462,-0.00436485667399104,-0.0030853618542539467,-0.0030853618542539467,-0.00436485667399104,-0.0173579520491067,0.07273563316207496,0.014323061397768191,-0.012335099382231172,-0.011596144624624915,0.024216349200417053,-0.008747731351357969,-0.010268237416402029,-0.026829473858340204,0.01848983094973789,-0.025439192771645875,0.01953419811704887,-0.010268237416402029,-0.01362672493487833,-0.008179937109145864,-0.004364856673991042,0.015868864436859347,-0.003085361854253943,-0.0030853618542539436,-0.0030853618542539467,-0.010268237416402001,-0.006908555602413974,-0.007570545495625114,-0.0030853618542539467,-0.00436485667399104,-0.022192651720471163,-0.003085361854253946,-0.024608764604703504,-0.000674400986565865,-0.0030853618542539462,-0.0002256376504474582,0.079262296571439,-0.00436485667399104,0.029866135717862254,-0.0376720363125946,0.019941132747855105,-0.015868864436859337,-0.005347670046445118,-0.008179937109145887,-0.01555527901971995,-0.003085361854253946,-0.024397501823713356,-0.01411571491266579,0.06165812304904393,0.0011411371608290634,-0.0030853618542539467,0.06074866487436061,-0.0069085556024139905,0.028686024174322644,-0.035993609311932295,0.02244515292496123,-0.01926529891955376,0.02437448932228298,-0.011356275949120188,-0.015697819968393506,-0.011596144624624941,-0.04603021339971763,0.05572621903293288,-0.016479394804867632,0.01964185503295965,-0.003085361854253943,-0.010114946609856781,0.02752236840026052,-0.033961168514812436,-0.015235690883400084,-0.007570545495625118,-0.00534767004644512,-0.01846972128345469,-0.029407355628992764,0.054342609729281434,-0.025439192771645885,-0.004364856673991038,0.033970177568891015,0.02376449097222454,-0.034297593404252535,0.01797810209872081,-0.039581996126322086,-0.035535696155261656,0.026495295846634844,0.024125199930145697,0.04551519793777313,-0.017921680686694322,-0.011596144624624941,0.04620937890051865,-0.0230960638422895,0.005085604295702992,-0.02260364696356616,0.04023254989338161,-0.00817993710914587,-0.004364856673991041,-0.006177077638842524,0.01075680873568365,-0.03652856902314964,-0.0030853618542539423,0.06649718890299265,-0.01669074797768966,-0.016176797112810403,-0.005347670046445099,-0.003085361854253945,0.01500173384347443,0.017020931595309652,-0.024371987283563844,0.034548949946393764,-0.006908555602413991,0.023517225356854212,-0.018197572049227673,-0.012007302660701859,-0.003085361854253946,0.008628356124532862,-0.017921680686694325,0.017878687568727753,-0.013888888888888881,-0.004130467114503973,-0.025069537250178877,-0.01353251639285514,-0.005087525734805285,-0.009281566920162389,0.022677756795611924,-0.036147218763235976,0.030729451930248453,0.011317116677490344,-0.011596144624624934,-0.0053476700464451,-0.0019152685712316001,0.020052840250607898,-0.009281566920162382,-0.00817993710914586,-0.008631350723126827,-0.01706971854997297,0.035267280792929914,-0.004364856673991041,0.006177077638842444,0.03934884950908582,-0.048643964388120124,0.0578755199833568,-0.004364856673991042,0.006908555602414033,-0.0030853618542539462,0.10655458927003332,-0.00436485667399104,-0.009281566920162389,-0.006908555602413991,-0.006908555602413995,-0.035586527367503284,-0.005347670046445121,0.02859881483533269,-0.006177077638842499,-0.01072852688557186,1.0,-0.2520063679742559,-0.036061860200659636,-0.019553434591249905,0.002540344436077315,-0.01523569088340015,-0.012834341128975971,-0.008179937109145878,-0.022192651720471142,-0.026080519714106187,-0.00016227581826974336,0.0013720248385063456,0.13423287676277643,-0.008179937109145871,-0.0030853618542539454,-0.060731388771381865,0.04642823695471383,-0.0030853618542539467,0.049301940739777464,-0.0043648566739910395,-0.01071959801375256,0.00928935121773149,-0.006908555602413994,0.012993452137881929,-0.017944157534402625,0.021723249317205318,0.053493458996154215,-0.03907084732513537,0.009307708825537558,-0.006908555602413995,-0.0651681805144552,0.0545366783349903,-0.05784111085119339,0.060271318258976324,-0.004364856673991039,-0.022648221104358702,0.012443182714383412,0.0013663809611362994,-0.030499670254866804,-0.007251014493228339,-0.01936258156048977,0.028294206185637823,0.03297185386827071,-0.0053980885412638156,-0.002140792710186505,0.0057387421803083575,0.0015216179846950294,-0.006177077638842504,-0.010728526885571858,0.020304197280871097,-0.03060366776333029,0.005286125395137931,-0.01240538212607978,-0.023970315027885224,0.03680555555555548,0.07273563316207494,-0.0047738293753311145,0.003972512514249463,-0.009787003658578382,-0.017069718549972954,-0.006908555602413985,-0.01555527901971993,0.03709005651542033,0.020826760066466776,-0.02264153566097625,-0.013708406366185146,0.0003727973104826562,-0.014576915933530315,-0.012791605201270257,-0.03143921480575668,-0.026631641747285013,0.03288889477746183,-0.021251871707101713,0.025362265569756508,0.025961906536079018,0.01189014333000563,-0.013167016328743085,-0.010268237416402017,-0.0030853618542539454,0.03516218773356832,-0.06043543140165654,-0.022773298284986317,-0.007207110180678856
SaleCondition_Normal,-0.09065042388995917,0.005711388183253455,-0.14328185905679897,-0.15842691201708803,-0.1205765425052441,-0.08153884041317078,-0.1539300888855266,-0.16022247819009228,-0.15877220774383918,-0.09157229691623892,-0.16926999760398356,-0.1308743564445308,0.027466653357834023,-0.09561564299449106,0.03714201498025726,-0.15398979048536576,-0.12406417488568384,-0.036497100840454724,0.0460979022695648,0.050686089139463854,-0.0021403319747665193,-0.06096205618190923,0.014667005990840485,-0.02608853019454396,-0.0037298427527688817,-0.05915739737146575,0.02831724695253083,0.03692050921029325,-0.055982220103933264,0.013588641303898514,0.034728439183050845,0.024511593450977982,-0.004838669457525288,0.023058272350946447,-0.031676382424017394,0.017320422134876085,-0.019352388090434033,0.05856297824668504,0.013335276168261889,0.034789918426327206,0.011199699034107256,-0.00038720546484710005,-0.006495536507847499,-0.015448875646433106,0.03412047866277025,0.017771702751183577,0.06612998904323826,0.014026274082516155,0.03357824528250166,0.03627530946876896,-0.14519898575252033,0.008537084205811951,0.02044959561094619,0.051097314409495984,0.014390944671808558,-0.16350213577531789,-0.06210268897517762,-0.03565919705645347,0.04074594423523059,0.004176409316065781,-0.01500490070706436,0.03471234247640768,0.022200232606084648,-0.021178842631636163,-0.004511069495198074,0.01732042213487612,-0.0031390317291111252,0.0021403319747666815,0.02315659816804008,0.01224319003942445,-0.07919796075412826,0.012243190039424473,0.012243190039424453,0.017320422134876126,0.03173421554055174,-0.054593184501501274,0.018121029153047735,-0.023567011075316575,0.04601528412888993,-0.06682092049887613,-0.013646455248358745,0.04074594423523057,0.01883016622820657,-0.015448875646433179,0.023058272350946457,0.02053843703451946,0.020104348612941685,-0.02103281455667056,0.032459247656716095,0.017320422134876137,0.03150353450744879,0.012243190039424472,0.012243190039424505,0.012243190039424458,-0.06246203387621408,-0.003139031729111044,0.030041088074403446,0.012243190039424453,-0.030938769309626066,0.058619602849906936,0.01224319003942447,-0.06292164353971605,0.10358585334873237,0.012243190039424477,0.04230769910915259,-0.0042226895378914345,-0.07919796075412829,0.006690881513258887,-0.140390068756625,0.06648674362457542,-0.0045110694951981155,0.021220376649336976,0.006619279511238718,0.061725737904008135,0.01224319003942447,-0.06503471186929571,0.0928555291155163,-0.026088530194543977,0.037359441354816135,-0.05598222010393324,0.002904636076513605,-0.03369227389245916,-0.0045110694951980765,-0.14099730705807687,0.09065461611183141,-0.0020271378171627173,0.0382180665760074,0.08546051905681458,-0.19583954736015224,-0.008932083505934984,-0.09242893585547458,0.15663788211453733,0.000320902367685453,0.060687585953497235,0.012243190039424479,-0.059694591339925565,0.12882189639816632,-0.1577199742991902,0.018344947569823116,0.0021403319747666325,0.021220376649337003,0.0032769012020677345,0.0032563160611243066,0.11839222265456648,-0.07213860527275562,-0.030938769309626194,0.03957971641197934,-0.024441232735952344,-0.010261583322044276,0.09494004872686045,0.08610030928344634,-0.051289550340781226,0.04296008938355097,0.04259781897992603,-0.10790126854046564,0.03508914934900072,0.027699494917281603,0.012821616832565686,0.03490269740721483,-0.06066461786450169,-0.04562391433238155,0.03607334860928631,0.006619279511238748,0.017320422134876137,0.02451159345097796,0.027682583582630538,0.09735188921499073,0.012243190039424425,0.03060635792093577,-0.014820539230632224,0.024446323776283693,-0.018196607966479744,-0.05598222010393324,-0.009132119629863685,0.022124674517962652,-0.03947684737498163,0.12815112768860132,-0.003139031729111137,0.019352613539160683,0.048540418426784915,0.029945967264428653,-0.05598222010393325,-0.056144792402828735,0.03508914934900065,-0.12096855980981495,0.03975726506438596,0.12686269040813722,-0.02749701486098152,-0.056546948163797864,-0.05406091511886981,-0.03158254587399508,0.08269288240804375,-0.016817914861611997,0.09693406097174771,0.0061431481345580125,0.00938370570567328,-0.018196607966479816,-0.010187588227766374,0.0382837969704984,-0.008778135895739454,-0.019220688634238713,-0.023962295659658604,0.055153397838485656,-0.035965763476583715,0.017320422134876095,0.043784067691059886,0.00652968058397782,-0.02722441660055813,-0.0005372470093472285,0.01732042213487608,-0.027414210434237016,0.012243190039424466,-0.04378406769105994,0.017320422134876085,-0.03158254587399514,-0.0031390317291110433,0.02741421043423693,-0.6456982687704707,-0.09703057719811327,0.6343220052844238,-0.11207972883309787,-0.1946633107785925,-0.2520063679742559,1.0,-0.6543229256325792,0.054891214111210083,0.03741179170151387,-0.023767667920651298,0.0053885084935743404,-0.07090062492519332,-0.019898397297674814,-0.048776107659140776,0.04406287645445191,0.026411600393539555,-0.03345276201517256,-0.019220688634238647,-0.05598222010393323,0.06011451048810369,-0.07625916360050874,-0.05598222010393325,0.010636569909794825,-0.07919796075412824,-0.001279160679945441,0.024099354160072382,-0.0031390317291110966,0.10646552736161001,-0.06499106544863167,-0.10901818693662804,0.09125348439413089,0.08232262050001732,-0.2140460141266539,-0.003139031729111152,0.025956660789677254,-0.03650614119776611,0.057574957615235,-0.04617582046629127,-0.030938769309626156,0.03208569954268996,-0.006728014022516438,0.013915111810352697,0.06491090251475441,0.07263053714027395,0.00969085696904703,-0.06519009588369301,-0.0500221653777923,-0.04497680266340907,-0.03805454915828809,-0.030929976857182833,0.011626633880029436,0.024511593450977996,0.0425724435926471,0.040953430653527384,-0.0015208029925103935,0.033872245765258074,0.014937037409606925,0.022008062368036006,0.02440128437814155,-0.05459318450150127,-0.0255434857590262,0.0114676746704441,-0.004446908555888133,0.029989660074676548,-0.0642455160558072,-0.0345852607798031,0.020538665910226062,-0.1643166236008632,0.09551298202195874,0.07083794057873231,0.09002378107697032,0.04319191149406233,0.03412047866277015,-0.018585222290641298,0.08376606931221212,-0.007433525756026275,-0.004102416096263717,-0.013045696750651472,-0.020546570210621704,-0.036058287671911195,-0.07715442251691329,-0.021178842631636146,-0.05598222010393323,-0.02119093963562173,0.06397691497153837,0.04508832492966561,0.05717525773510063
SaleCondition_Partial,0.1462957399419665,0.02263539211251643,0.32329471787391845,0.34389539920149675,0.3228366613673708,0.16220456399923971,0.24931485450379107,0.2662684590600525,0.22103652835445006,0.16323934401415927,0.32235472180464847,0.2947137660447441,0.020796332288324556,0.16707479289249322,-0.026832034575712538,0.3520598546714349,0.19506588964994334,-0.03221000322958449,0.002729663448773458,-0.10072377244963235,0.019656572638029494,0.05170891473381912,0.007256501282567347,0.03394976955210591,-0.041636029369996726,0.0904438017852911,-0.03286788049319225,-0.01005278767619597,-0.008010999925671865,-0.020426138507996343,-0.014201216337955456,-0.016038497538760275,0.037813503863859406,-0.05418271116969668,-0.002944980090878746,-0.011333149284483415,-0.03221000322958443,-0.06223781876409848,-0.024939285295988874,0.0415832145963907,-0.044883560200937485,-0.04420884163585241,0.05665933401867322,-0.04934154971440257,-0.033212813652737094,-0.04343046325581005,-0.13060871417672132,-0.024099160947693363,-0.07020007452443863,-0.05201338331910176,0.2782680107656097,-0.07030613146576538,-0.04038856541218031,-0.07070475445493812,-0.0503632834294035,0.2665517853647074,0.11056773667238493,0.057603661609171346,-0.026661005439657923,-0.031385607868787906,0.03647587242775248,-0.022713081484723074,0.008062914825265737,0.0016481348817243026,0.032835442631061536,-0.011333149284483422,0.023964829157316743,-0.01965657263802959,-0.017375651523241574,-0.008010999925671858,0.12103803435828286,-0.008010999925671865,-0.008010999925671865,-0.011333149284483424,-0.028088240460342542,-0.05880506279464897,-0.05330447573804778,0.06605480158086681,-0.030108855335029543,0.07756461713260784,-0.022713081484723067,-0.026661005439657937,0.04201544163544862,-0.0337656226694236,-0.06605169216110812,-0.05739435091262773,-0.026661005439657923,0.07101580413434333,-0.02123882989057484,-0.011333149284483429,0.004183666435617869,-0.008010999925671856,-0.008010999925671862,-0.008010999925671865,0.0016481348817242877,-0.017937746375237054,-0.01965657263802957,-0.008010999925671865,-0.011333149284483417,-0.057622197875440075,-0.008010999925671865,0.13185522165262367,-0.12957778102734818,-0.008010999925671865,-0.0878317961683447,-0.0864844256533685,-0.011333149284483427,-0.02151902765160977,0.28129993950987325,-0.11699020366330642,-0.004183666435617877,-0.01388497893221942,-0.021238829890574858,-0.04038856541218037,-0.008010999925671865,0.13395776734264095,-0.12437239883875,-0.02541150415576785,-0.08528440348305565,0.08555747920617543,-0.10043864398841297,-0.017937746375237047,-0.022693220968957595,0.28241269211002423,-0.11368466250250206,-0.019271426095938474,-0.02711789882756084,-0.15801102717499105,0.3292707393340314,-0.030108855335029515,0.22946943107549683,-0.3307755790322669,-0.04278798947841217,-0.10199834356035074,-0.008010999925671855,0.11401982292917665,-0.25326637897464477,0.3232990668467423,-0.03955876953823,-0.019656572638029557,-0.01388497893221941,-0.04795578049457452,0.07971445737047714,-0.27336073811117717,0.08824506072724053,-0.011333149284483417,-0.03137471185636302,0.05534432564609939,0.020435118369861376,-0.15646546957061,-0.09466210897113969,0.13112085679121913,-0.07070475445493818,-0.09687344240661142,0.1103055650644278,-0.03006302081255589,-0.030108855335029522,-0.055191040881128216,-0.05996786583356307,0.10188620967270638,0.04580630485183486,-0.0341875513516994,-0.02123882989057484,-0.011333149284483427,-0.016038497538760257,-0.05702284832622432,-0.08330530257077326,-0.008010999925671855,-0.1970590612265115,0.08072533400542495,-0.0420023085103154,-0.013884978932219443,-0.008010999925671855,0.09363295880149823,-0.050693191986339245,0.14896628789063124,-0.2738258667070835,-0.017937746375237068,-0.045069122891854024,-0.047249157544608844,-0.031176408235481193,-0.008010999925671858,0.082974552619843,-0.04653281833087923,0.12941090558708812,-0.03606186020065967,-0.13598751704829884,0.09543879731268293,-0.013536820302969071,0.11793465000946896,-0.024099160947693387,-0.15603663976948587,0.0856989482836764,-0.2537413856401281,-0.05641799447783289,-0.0049894674555191745,-0.013884978932219422,0.05601482013724289,-0.0479557804945745,-0.02409916094769336,-0.021238829890574837,0.05938889704334609,-0.04432073788898865,0.08265706929478608,-0.011333149284483422,0.016038497538760344,-0.05996786583356314,0.09322276653339076,-0.02666100543965791,-0.011333149284483418,0.017937746375237342,-0.008010999925671865,-0.01603849753876026,-0.011333149284483417,0.007176194593313128,-0.017937746375237082,-0.017937746375237054,0.9868189596845142,-0.013884978932219414,-0.7695593050913535,-0.016038497538760264,-0.027856125842868784,-0.036061860200659636,-0.6543229256325792,1.0,-0.03965105148977819,-0.11071496656020464,0.037448968496191115,-0.01748335757533881,0.014199674841127202,0.03660162009047959,0.030438488590988678,-0.004112294863286256,-0.029377919479020877,-0.036965247985157816,-0.021238829890574847,-0.00801099992567186,-0.016683120134443005,0.017375651523241484,-0.008010999925671858,-0.06291840355699417,0.054852442536899776,0.11500909184588842,-0.03494974882248518,0.02396482915731672,-0.2248564380031823,0.18750640746390337,0.11816515685235386,-0.16669125322972417,-0.061949480145162356,0.3528641821176031,-0.01793774637523705,0.0568776347724695,-0.0007428300224764972,0.05601482013724282,-0.06605169216110815,0.054852442536899755,-0.03238801920074513,-0.019578739333780782,-0.025458619716634903,-0.05271339103971541,-0.04308043451567633,0.01311695696198078,0.04913797361724939,0.06753899075309122,0.03458420421112828,0.03501835882776072,0.024223760161733405,-0.06815148980325796,-0.016038497538760257,-0.02785612584286878,-0.10122031279817455,0.0994872664050435,-0.06334698960087047,-0.03221000322958451,-0.06223781876409838,-0.0360618602006596,-0.058805062794648956,0.057406687119081305,-0.028839190309352912,0.004269132698169035,-0.027065197270875717,0.023964829157316774,-0.04038856541218039,-0.06167696090556785,0.24528410032316567,-0.12032622958049013,-0.12367144673084271,-0.058386806947184865,-0.0378482907277251,-0.03321281365273709,-0.0423131977458895,-0.07227824442975082,-0.029691010854266106,0.03417116311338058,0.02922572444656657,0.050775037619441625,0.013536276442532674,0.1432838263317889,0.02995727520310656,-0.00801099992567186,0.06932552469567242,-0.06045465241398718,-0.057678903342461244,-0.060165294981723766
2ndFlrSF_1,-0.039010245027744604,0.011727023493156588,0.17534662177340357,-0.09694520257885322,0.05772903766905884,0.06520302369702907,-0.03513187558020089,-0.3013768931035609,-0.3385381105110184,0.5109366377225834,-0.032237958829945214,0.0017500902767733357,0.03222993244077833,0.1417922825251939,0.005264594329687631,0.13765568369462577,0.12675118389047868,0.014408528982116609,-0.18770118626123017,0.13493630436399098,0.03443181665085999,0.11114254561204756,0.05255897677636105,0.01136735043141072,0.0063778602499202225,0.0029681671365467295,-0.049561432260816586,-0.01645818261629176,-0.022840718869156514,-0.01479349833484434,0.005381321983926973,0.007174515164425028,-0.014376221084371619,-0.007323605807111511,-0.009103111530559172,0.042452065094896956,0.12065323763812826,0.04199893046533181,0.029221546027606727,-0.05386654432052275,0.06745932794578188,-0.028568903510807032,0.20080588754819295,0.026470731707448417,0.0213013805326367,-0.10884183942840327,-0.21920966709209777,0.019612642361970602,0.015542731142161809,0.14461887066101117,-0.045025887617881635,0.13536746317157758,0.10865780790868929,-0.13225566639286715,0.0035154454121448667,0.06947977100078045,-0.04055049532635325,-0.03841178587834156,-0.04403637819483481,-0.018165478813904595,-0.07061968979749154,-0.008569514459310257,0.034017341240051735,-0.04403637819483487,0.06024892649513055,0.04245206509489694,-0.003809424920589186,0.030405396131068924,-0.020801863037333102,0.030007854108606482,0.005069667604818796,0.03000785410860649,-0.022840718869156514,-0.0323127298852594,0.07291131736946825,-0.07067894139157001,0.12606847899065887,-0.0993035061573013,-0.0858454508251459,-0.862145589758481,0.08507937109902049,0.09986762814192932,0.7589437170975079,-0.13188365692713983,-0.06765726117102706,0.15013116728939285,0.09986762814192925,-0.18326778799838853,0.05954099080018242,0.04245206509489696,0.012931965919919847,-0.0228407188691565,-0.022840718869156496,0.030007854108606496,-0.028047044157416476,0.01985764054349682,-0.012819412390216962,-0.022840718869156514,-0.032312729885259406,-0.07305857004517685,0.030007854108606506,0.011307079093840546,-0.05370215066028499,-0.022840718869156503,0.03446647399938303,-0.08281627193273555,-0.0323127298852594,0.04471139223652818,0.050410415643630344,0.019733459464736598,-0.002477552717769792,0.02147771600268136,0.039524908237836914,-0.08318143910779409,0.030007854108606506,0.007442057315158132,-0.04147490744251825,-0.022160592255174513,0.03327158547146845,-0.022840718869156503,-0.12305222402008038,-0.027476490384675197,0.06024892649513065,0.0499484599094888,0.003473156377893864,0.05711210405757756,-0.0189990518626624,0.06802195931618406,-0.07978817826048758,-0.029094552837954223,0.09991946593555082,-0.0842424289473186,0.009059231660732544,0.013365487321795043,-0.022840718869156493,-0.017198346273029116,-0.20366019823720866,0.10958473646851766,-0.03667273148086534,0.05201780039171175,0.05201078841155669,0.035010572300244576,0.09488127622289931,-0.08167860622059751,0.006083873162647494,-0.03231272988525941,-0.03945547852169932,-0.10973165931282103,0.0346824572226361,0.16196033788409886,-0.07771434999169166,-0.054005162113485744,0.02532518571066659,-0.031144087672569466,0.2079970994405806,-0.030347273598882323,-0.02909455283795416,-0.07029273666918094,-0.05376134890383843,0.10341668337051133,-0.04882034607731565,0.06541210373285306,-0.000507256886853978,0.042452065094896976,-0.019276980138758264,0.006315234994613841,0.05155164225003374,-0.022840718869156496,-0.0910548375150571,-0.038913803343578045,0.003395081534856185,-0.009055356406193784,-0.02284071886915649,0.01494318329725745,-0.0073356930549908946,0.09515794110903213,-0.08755325610051887,-0.05114355584876125,-0.03258969686187326,0.04863918916655074,0.007090477017239924,0.03000785410860648,-0.009747919833083799,-0.05825427724429588,-0.12326249133419412,-0.03144844063426031,0.15741524649572072,-0.20024024798997458,-0.05138114254116397,0.27285786699473197,-0.0157167319112892,0.08690402742756269,-0.053024794326091765,-0.006880235704964146,0.05625330718972119,0.041844069646035494,-0.009055356406193787,-0.06305994057251718,0.04404955294716883,0.001947955225340685,0.019508825675491472,-0.03765484403182986,0.04906442889821737,-0.10137068082478241,0.005069667604818762,-0.03362601046760834,-0.06108742407647286,0.017813803871914374,-0.02804704415741644,0.005069667604818794,-0.01985764054349686,0.030007854108606496,0.007174515164425006,0.005069667604818826,-0.015716731911289212,0.01985764054349686,0.019857640543496827,-0.03361243789885863,-0.039588428815069084,0.05475456298675675,0.007174515164425074,-0.03348081597531229,-0.019553434591249905,0.054891214111210083,-0.03965105148977819,1.0,0.08348224361584404,-0.02579901337321638,0.004426153793456477,0.03952490823783688,-0.14148263350872783,-0.29800519725599184,0.03757398412297591,0.3444608771756089,0.12685321215107725,-0.0005072568868539578,0.030007854108606465,-0.21743547163270327,-0.020332295022946277,-0.022840718869156514,-0.015646289560891573,-0.032312729885259406,0.1170548418835578,0.027193074392308128,0.019857640543496813,-0.2696472517490196,0.23557974778873397,0.13709474827359922,-0.030156935425991654,0.02474496425355858,0.028417500239070952,-0.003809424920589216,0.5761399273837804,0.05840262636295076,-0.030253671603063404,0.026195091617286004,0.04245206509489695,-0.025916974460529447,-0.00965685321511983,0.0049662378866672414,-0.04054610095326701,0.00604742944079898,0.056031814933303954,0.036336475830796314,0.025665791022115032,-0.04314008306291265,0.005236667264030055,-0.017548372515617798,-0.19431145094909621,0.007174515164425069,-0.07942253714444376,0.3513312770023929,0.5816772386458195,0.2372871351640801,0.12065323763812842,-0.06418631280305488,-0.090923470849312,-0.07067894139157,-0.219614884881108,0.24340789317450612,-0.05568853494175982,0.07830282326205308,-0.027476490384675176,-0.04055049532635336,0.024020860212249053,-0.016246755246609054,-0.028948862121027392,0.017513880965717588,0.037561169815443225,0.06232801897876197,-0.08180683522417928,-0.1494666011343318,-0.2753019510885355,-0.17563164536852607,0.15159384263253511,0.24071360954857507,0.19156785234107257,0.13854623887432432,0.11553106014847378,0.09986762814192914,0.030007854108606465,-0.010560184698568816,0.0157106598099643,0.0095690036861947,-0.028238205341022424
EnclosedPorch_1,-0.04213694675369133,-0.03648327546933457,-0.1653509319287813,-0.45508217803835194,-0.2313036389663526,-0.13200332929138672,0.0007186604590335624,-0.14286632086552287,-0.11355478942984683,-0.05020948111965532,-0.2986780656967132,-0.1802511412991592,-0.14496253415176466,-0.1082363811438632,0.021827359791518935,-0.18337376974724515,-0.08798306306842298,0.07002971217913219,-0.1965865275732964,0.23061308085095913,0.026183212171195673,0.07305321611940137,-0.04556076912784741,-0.033848973427464575,0.11476662933978854,0.009446731662040016,-0.014263205203479241,-0.05678753362036233,-0.01067091983021945,-0.07498556984354951,-0.06323545369695194,0.016125571998556527,-0.021284534479922547,0.016529362440369393,0.003086128303111323,-0.015096133885994135,-0.0429048015707202,0.097691230354744,0.0001565797610897335,-0.13146975539521263,0.11456448481415639,0.029119054708972213,-0.09748688854813399,0.19611481121176097,-0.044240578593520846,-0.05419490900175806,-0.032861977597004814,-0.0321008883827725,-0.04855267061985313,0.001884824971052116,-0.09617535002559485,0.2706066673203432,0.11235697508731297,0.00408738131763594,-0.02393732420350753,-0.10197303899216269,0.021726486895336728,-0.029707114581277817,-0.03551335092738431,0.05530257044562768,-0.07697909628748661,-0.0037090956567363813,0.0050687532055732325,-0.012851859513931085,-0.0252496460441589,-0.015096133885994139,0.009649370003023882,0.06570979208348154,-0.05563689653969235,-0.01067091983021945,-0.015096133885994144,0.06423072897805171,-0.01067091983021945,0.03788548984850456,0.07589853230514557,-0.06775687721765496,-0.0710033444601341,-0.08940552715879727,0.10065064039234962,-0.0879092570067251,-0.003709095656736397,0.10045559755333552,-0.048518399195361106,-0.028318965074821484,-0.030976285518172587,0.049539862967309944,0.07779410613988226,-0.06292870585264113,7.772206524843236e-05,0.037885489848504615,0.040066560523448286,-0.010670919830219444,-0.01067091983021945,-0.010670919830219448,-0.03551335092738427,0.009649370003023926,-0.02618321217119567,-0.01067091983021945,-0.015096133885994144,0.04177226656808337,0.06423072897805171,-0.055729979229244386,-0.09074161141723842,0.06423072897805171,0.118633092239938,-0.04781544581919441,0.09086711358300317,0.11235697508731281,-0.20247034705038108,0.18942977037859252,0.03401801187299869,-0.018495256323145377,-0.028290831750442773,0.03683156826066613,0.06423072897805171,-0.05476606580701703,-0.07016734490794334,0.06118852888810905,0.11364964531809371,-0.01067091983021945,-0.07426808065870141,0.043192418108773764,0.13773641322802463,-0.20527121085221628,0.14301463611177673,0.13029317904887386,-0.1464299283408073,0.19885593793379158,-0.10556548741150332,0.0604344567654117,-0.16002923316967868,0.16931044705976986,0.0715960957582866,0.060094225276938154,-0.010670919830219444,-0.08768768308194015,-0.013138697316751468,-0.1979301510665723,-0.0064600331918315155,0.09634079350170678,-0.01849525632314536,0.16671639651767706,-0.21037961745574332,0.2170021864720777,-0.030976285518172608,-0.015096133885994144,-0.05922816167640895,-0.06848630207188469,0.04936513775755425,0.09575106812279802,-0.0005514296041730906,-0.16712026748283634,0.057688369854299135,0.05483583532717057,0.12380662604029212,0.003937165771730176,0.0202182731384741,0.005009681818283428,0.04471869907370531,-0.03920291932548398,-0.08620643700484298,0.06101053216692207,0.02844627588093977,0.09086711358300321,0.016125571998556548,0.06549296758903306,0.11436218541438202,0.06423072897805164,0.047459416928134955,-0.19437906554114948,0.1040466385488836,0.024778901099598537,-0.01067091983021945,-0.15542308997186438,0.07831304925997394,-0.1218708171566113,0.1265444415103517,0.04319241810877368,0.03511889890272436,0.015022402330575488,-0.0026620524660140154,-0.010670919830219451,-0.03687705103654515,0.01712125298899164,0.04234746268549983,0.019398993875499437,-0.05057479503516613,-0.1788169423992107,0.005068753205573213,-0.04559047123059583,0.01797101016300509,0.21251450589406531,-0.10426805948925964,0.23270749516435185,0.14464092519225882,0.02021827313847414,0.06805305852234268,-0.14239219835665923,0.17952723540798293,-0.0070649391098836865,0.05681482969663123,-0.16186139181223838,0.12053327308110286,-0.2561652188179908,-0.015096133885994135,-0.016125571998556493,0.0239523820738294,-0.030466219513915073,0.009809631899522248,-0.01509613388599414,-0.009649370003023808,-0.010670919830219448,-0.021363815131845643,-0.015096133885994139,0.017971010163005088,-0.02389367810272595,0.009649370003023969,-0.10891572724227506,-0.018495256323145363,0.06651118369087808,-0.021363815131845595,-0.015401074423629198,0.002540344436077315,0.03741179170151387,-0.11071496656020464,0.08348224361584404,1.0,-0.037282413780308665,-0.07627020100824616,7.772206524849373e-05,-0.05520433815004658,0.07742222318681971,-0.07698718486191367,0.05359682095531695,0.0001352718313876234,-0.028290831750442846,-0.01067091983021945,-0.06700413938636672,-0.04152801846981833,-0.010670919830219451,-0.03786314280543138,-0.015096133885994132,-0.0812353044129275,0.011758938221671584,-0.023893678102725843,0.17899853645242114,-0.17430197494422855,0.003937165771730161,0.2003415907099836,-0.1635840559054857,-0.08197703986247182,0.009649370003023898,-0.1310345204889241,-0.015401074423629204,-0.030801962392771675,0.026030492032077843,0.0378854898485046,-0.025463144537972947,0.021890191571450734,0.02595508244603127,0.03355638490756319,-0.03646820105053655,0.030249170668273623,-0.031021775536230433,-0.019049910794951778,0.010815820396664053,-0.036854220524647485,0.0059161723828714255,0.22320560826479663,0.016125571998556517,0.11482422668736669,0.2003526341722877,-0.13886466407402698,0.20189070678981835,0.08885213113744098,-0.03273783211944284,0.0025403444360772892,-0.06775687721765496,-0.061211658835825085,-0.08655687623337323,-0.033848973427464596,0.06528097207689249,0.043192418108773695,0.036831568260666116,0.09995064900441324,-0.20525927754213277,0.0627366734008725,0.1060111343665113,0.07007084191306301,-0.00215939184046644,-0.04424057859352091,0.03289628821407583,0.04922546160034635,-0.03189857024227168,0.005294124180300916,-0.015487031732769387,-0.006080098984583752,0.0033762074845414295,-0.027780712812848902,-0.012851859513931042,-0.01067091983021945,0.014674489839571975,0.008158223794240067,-0.03787950609626476,0.030579283102087403
3SsnPorch_1,0.04569599939372484,0.01918935672359256,0.02577918101696872,0.029182856690298038,0.05356316585099221,0.015896942630325286,0.00811234351841316,0.030359008927809964,0.05094485899475997,0.018405292766785954,0.013406118289983152,0.0291464253016653,-0.02940038542722946,-0.004541895029569692,-0.003733385389584851,0.046014824800032716,-0.02790602477222567,-0.013608328850165437,0.05379661462479407,-0.03904809026077954,0.008304659351284339,-0.021975012537903977,0.01063018899191291,-0.010736046894010082,-0.03583564741047861,0.06451336878944759,0.048914095200990305,-0.0631811711663634,-0.003384548602189013,0.05387606692275946,0.03745718660963497,-0.006776067273708083,-0.027527365989765032,-0.0017888477418093456,0.045087183378986435,-0.004788115706539693,-0.01360832885016543,0.0012845117115359603,0.021197900632678877,-0.008263133979925239,0.06341815003692534,-0.01373015874895104,0.0643196511882948,-0.020846195813903318,-0.014032003877931345,0.005818003154000045,0.004496194580712597,-0.010181598084661419,0.019772443416113342,-0.02197501253790392,-0.0064046062104128765,-0.017286157610530914,-0.017063670437963464,-0.029871886166383622,0.02817863307551473,-0.03234329486802932,0.024457927627747646,-0.021133450016252924,-0.011263945765943839,-0.007800777275905395,-0.058158898865150806,-0.009595996617622919,0.0802137964849444,-0.011263945765943832,0.023321806460856586,0.14085040370070925,0.08462632055776596,-0.008304659351284415,0.013171647721095617,-0.003384548602189011,-0.004788115706539696,-0.003384548602189013,-0.003384548602189013,-0.004788115706539696,-0.019041148208813186,-0.024844413297953418,-0.022520483151108862,0.0025302301508399734,-0.01272061979567907,0.02225523354395916,-0.009595996617622901,-0.01126394576594383,-0.027090737794360473,-0.020846195813903283,0.024328329288606978,-0.03592832474297431,-0.01126394576594385,0.03119766184017632,-0.008973143513323208,-0.004788115706539697,-0.023321806460856444,-0.0033845486021890137,0.20250882469764211,-0.003384548602189013,-0.011263945765943804,-0.007578476467859645,-0.008304659351284405,-0.003384548602189013,-0.004788115706539692,0.06451336878944752,-0.0033845486021890137,-7.375702240119551e-05,0.03526367975225187,-0.0033845486021890133,-0.054453888622964956,0.02520486932096786,-0.0047881157065396964,-0.017063670437963415,-0.005250571212655184,-0.005977421546787171,-0.01740766415260105,-0.0058662322397320076,-0.008973143513323218,0.024457927627747622,-0.0033845486021890137,0.0003717127961133084,0.04010742496115085,-0.010736046894010077,-0.05357673777775436,-0.0033845486021890116,0.04846052485322085,-0.007578476467859652,-0.01740766415260106,-0.003228243427158443,-0.003758041872782617,-0.021133450016252903,0.054822676483262146,-0.04760326315422006,-0.0019829129537684326,-0.012720619795679072,0.034006634301235426,-0.04321676427202367,-0.018077397493858078,0.010773260339714257,-0.003384548602189013,-0.001217830652472344,-0.004585252103298198,0.014794799370390955,-0.01671309192200555,-0.008304659351284433,0.1130879215103894,0.014954344953420762,0.020072253826757532,-0.024572290222095682,-0.027906024772225663,-0.004788115706539694,0.03726425697795621,0.014874623377434717,-0.01754659604604246,0.008185659325130296,0.04581618947872565,0.037283893096559544,-0.029871886166383605,-0.003487584841010642,-0.05401042654331393,0.01658153245015668,-0.012720619795679068,-0.023317533641334147,0.003206058680511164,0.012366238122737946,0.01935259848909826,-0.014443818526181635,-0.008973143513323201,-0.0047881157065396964,-0.006776067273708064,-0.024091449679943956,0.0005565379860496303,-0.003384548602189008,-0.05958829023661022,0.03410545735916821,-0.017745456981186642,-0.005866232239732013,-0.0033845486021890103,0.001054900521019504,-0.021417247992730908,0.03700194123481414,-0.03320603338012057,-0.007578476467859632,-0.0190411482088131,0.015754470280178876,-0.013171647721095466,-0.0033845486021890124,0.013730158748950986,-0.0196595414678504,0.005003157989351549,-0.015235690883400156,0.011219612737209861,0.03806097276034103,-0.014844761037798209,-0.010107560817171419,-0.010181598084661448,-0.04102667959904983,0.08392766901488981,-0.06774382298293756,0.006372794417760209,0.04255350193554554,-0.00586623223973201,-0.022550643962429187,0.01495434495342072,-0.010181598084661432,-0.008973143513323205,-0.003708429480970482,-0.0187249647811701,0.01907490929029995,-0.0047881157065396964,0.006776067273708377,-0.025335683231356668,0.0007411244047605059,0.05102908763662428,-0.004788115706539696,0.007578476467859649,-0.0033845486021890137,-0.006776067273708072,-0.004788115706539694,-0.010181598084661432,-0.007578476467859635,-0.007578476467859649,0.03882402498352484,-0.005866232239732016,-0.029062704254263837,-0.006776067273708078,-0.011768869386923073,-0.01523569088340015,-0.023767667920651298,0.037448968496191115,-0.02579901337321638,-0.037282413780308665,1.0,-0.03798024493303199,-0.008973143513323224,0.03489402337039317,-0.023601156144385984,0.04097235104539808,-0.03817024078731369,-0.015617361073342339,-0.008973143513323211,-0.0033845486021890116,0.014654101868587325,-0.013171647721095435,-0.0033845486021890137,0.06355045868906783,-0.004788115706539692,0.057607588101777935,-0.017805347299248576,-0.007578476467859651,-0.03993928144169644,0.04720069674156104,-0.019659541467850376,-0.0503947729764616,0.08098666749378643,-0.032287755477941125,-0.007578476467859643,0.002297156885287001,-0.011768869386923089,0.028573486759848124,-0.0279060247722257,-0.004788115706539697,0.03328514345687352,-0.015412893466435717,-0.04226837574743785,0.010045677924230176,-0.01649315051236943,-0.027113393885564312,-0.019572001605705505,-0.027453674015605875,0.10214656160289193,0.04050963832447365,0.0008243749038049584,-0.028793163361734795,-0.006776067273708079,-0.01176886938692307,0.011433519577119992,0.0011336712690315093,-0.026763321320156668,-0.013608328850165451,0.02886373375333766,-0.01523569088340014,-0.02484441329795341,0.012967181526916477,-0.027453674015605892,-0.010736046894010077,-0.018724964781170094,-0.007578476467859629,-0.01706367043796346,0.001752422106888006,-0.01624230964196104,-0.030538673306341333,0.0562852028169115,-0.004566578966080001,0.0282255418640742,-0.014032003877931335,-0.012858878396563252,0.020381933873926342,-0.01939364275710388,0.03341481303598177,-0.017311241396893336,0.018718871520621825,-0.02357796121410057,-0.014443818526181651,-0.011263945765943844,-0.0033845486021890116,-0.031048224797703933,0.0398356580589343,0.005668098469574469,-0.014539736656608602
ScreenPorch_1,0.028898990483553485,0.034223985405042866,0.04484362887036949,-0.06350458043112506,-0.04103916888804583,0.04927913147247664,-0.02281914895480025,0.07856330243142447,0.08558389001290644,0.07359807500463056,-0.11149764703149465,0.035421970488520346,-0.06768109147250888,0.023226053533352903,0.010852883326279452,0.08714300564991477,-0.051136519832208925,-0.03092471849436868,0.07161682493006302,-0.044914845710890224,-0.020716047643364533,-0.01927795320799193,0.042041897954683854,0.006309698747512068,-0.04989842571324762,-0.013544567969413675,0.03494428439326933,-0.009718578319847867,0.08911339587611283,0.015803522306236786,-0.03923213055677,-0.015398508901831759,0.013638355166303233,0.059378919410426695,0.026073547610989886,-0.01088091947024081,-0.030924718494368578,0.05694779081869877,0.06971561377955887,-0.0743876909182388,0.06825092217345254,0.010576029113934777,-0.05907139950940232,-0.015143357331038077,-0.031887513493741075,-0.012559935684828704,0.05698116472504762,0.04157662612419222,0.04880607203900537,-0.019277953207991912,-0.0013348835010878128,-0.03770291761699436,-0.01925475106641518,-0.01015404116577131,-0.008844229637640432,-0.05198611356317967,0.03931178342726424,-0.00030506178412674376,0.06226766041973477,-0.015883200083262095,0.02865625521254623,0.04680932768158378,-0.011387686842524874,-0.025597143909658993,-0.00125916126267251,-0.01088091947024081,-0.01722197148270029,-0.01887221094212275,0.029932367329359097,-0.007691334763116884,-0.010880919470240816,-0.007691334763116899,-0.007691334763116896,-0.01088091947024081,-0.008134317234120579,-0.056458547986046013,-0.05117745238767861,0.018335917317799343,-0.0029192215391179773,0.0016098040337075201,0.012501286308535448,0.03297939230993673,-0.03497086064926317,-0.03125800871829437,0.01026094641369982,-0.09594744949299928,0.03297939230993675,0.07195975290957039,0.016272884791610147,-0.010880919470240825,-0.07533981554990311,-0.007691334763116888,-0.0076913347631168884,-0.007691334763116898,0.09155592852953251,0.02612988776685565,0.020716047643364578,-0.007691334763116896,-0.010880919470240807,0.042159852411836826,-0.007691334763116898,0.027257130511247243,0.0025507534574469625,-0.007691334763116899,-0.010473767744061396,0.05243936524023782,-0.010880919470240825,0.01978960526270444,-0.11087174552851754,0.07735575454090013,-0.020408905465816415,-0.01333092274839442,-0.02039133094257326,0.039311783427264296,-0.007691334763116898,0.015729113022715284,-0.0032423377932117767,-0.024397501823713336,-0.014341112130213107,0.08911339587611285,0.06596542001474542,-0.01722197148270028,0.01789058294047145,-0.11209981944812798,0.09153435636024701,-0.01621185481359123,0.03105171247305269,-0.0221127845684575,-0.010476160421059427,-0.028907413289802116,-0.05783647662564542,0.04183952091112712,-0.004148534346824262,0.0202610224618277,-0.007691334763116884,-0.014378283501005111,0.07474060872024471,-0.0734436971331995,-0.037980244933031926,-0.018872210942122766,-0.013330922748394414,-0.029485144781979018,-0.03640123146874886,0.03296327686063552,-0.014298040084663698,-0.010880919470240814,0.008551676204191493,0.06450445535906736,0.008896411223304647,-0.014844774403021063,0.010414340888244476,-0.02919576602723616,0.03602944824864017,0.06542140610542378,-0.06572400338746374,0.023481746264914238,-0.0029192215391179457,0.019503350870679594,0.04978064122392533,-0.05433895778895796,-0.025211802813898277,0.03603023556820711,0.01627288479161016,-0.010880919470240825,-0.015398508901831748,-0.026622440362627748,0.012634779997809913,-0.007691334763116886,0.0556063589538213,0.03643116022328861,-0.0027296203965425556,-0.013330922748394348,-0.007691334763116884,-0.0006199772189836786,-0.017256248748993886,-0.05972227781466453,0.028379974563543815,-0.017221971482700292,0.009433882709394268,0.038600604141376546,0.04541462629282094,-0.007691334763116893,-0.04065590412629489,0.006442308120393956,-0.05731846498759415,-0.012834341128975994,0.06252365981324255,-0.0029703825175330318,0.05565272763362954,-0.010554108173435146,0.009219550355897686,-0.010029902183383467,-0.025301677375114393,-0.007632576548498064,0.002646075965131144,-0.002919221539117939,-0.01333092274839438,-0.007178170702304244,-0.04604218762109021,0.009219550355897634,0.01627288479161016,0.02993780212397444,0.011004878051797179,0.04181059406522142,0.057593832368343596,-0.03305369583238035,-0.0038971550736603346,0.007740654434867291,0.0036911242001388856,-0.010880919470240816,-0.026129887766855577,0.08911339587611286,-0.015398508901831753,-0.010880919470240807,-0.02313752541239698,-0.01722197148270028,-0.017221971482700254,-0.024647728877173196,-0.013330922748394416,0.024931877171189196,-0.015398508901831682,-0.026744575090362058,-0.012834341128975971,0.0053885084935743404,-0.01748335757533881,0.004426153793456477,-0.07627020100824616,-0.03798024493303199,1.0,0.01627288479161013,0.028233747316524123,-0.043821646401330835,0.0006137677920954705,0.029249016339851722,0.028322239259645506,-0.020391330942573244,-0.0076913347631168884,0.03244057262666221,-0.0048167027886325325,-0.007691334763116893,0.04055071037122366,-0.010880919470240813,0.07825422442581685,0.1303382293672372,0.06948174701641144,0.05277448141473451,-0.060962860884112235,0.040521184409434335,0.009803342482983177,0.0333614908275661,-0.010611758042587903,-0.017221971482700285,0.049898425713247624,0.0293575508175813,0.052914313388086796,-0.05113651983220892,-0.010880919470240813,-0.0017970890605637745,-0.023638578813365316,-0.018886672821912857,-0.0161308220693101,0.032778190971300636,-0.024795957896536824,-0.015495723749840328,0.024859607297069417,0.020416922994654047,0.019291749891699905,0.004016901110322738,-0.029625892980121703,-0.015398508901831736,-0.026744575090361954,0.047217633697230886,-0.004745573895563975,0.015729113022715298,0.017728394654099304,0.005080183460432859,-0.012834341128976006,-0.05645854798604602,0.054431257930079247,-0.062388052928222346,-0.02439750182371335,-0.006847479676673767,-0.017221971482700292,0.019789605262704422,0.006161600633250704,-0.09306623636933356,0.040063821391864554,0.07809250001015228,0.003268666054410235,0.005239965242690855,-0.031887513493741144,0.0029811329516098366,-0.018456067911807403,-0.016667682686956595,0.029461559135207104,0.016236899789468684,-0.02247407810035839,0.003813142949906486,-0.03282335596265988,0.09155592852953241,-0.0076913347631168884,0.01127643667012723,0.01151795957783252,0.012880666796042458,0.0007477024755240724
PoolArea_1,0.20547973934663002,0.08716584487262787,0.07390693557589396,0.005952569474999973,0.009579937963182083,0.019602917200196645,-0.037278818376009284,0.15123588258974507,0.1467268480603979,0.18939735102573182,-0.017165937351924152,0.07205427557317383,0.06167080667123077,0.060987273688121214,0.033899634472792,0.0937081251255179,-0.014982551782524129,-0.0073062176836503545,0.03596315549212077,-0.029079280837437174,0.004458714194602467,-0.011798232315713055,-0.011798232315713059,0.11445874296240438,-0.0295293877627918,-0.013070483665821482,-0.011036019739136435,-0.009355343707961481,-0.001817140746726357,0.02219234854502974,-0.01265884437858729,-0.0036380236754911008,-0.04516261081393155,-0.014982551782524075,-0.006578905125160725,-0.002570706222025127,-0.007306217683650349,-0.014117448197845096,-0.009705629743243386,-0.023486926816531358,-0.013205224967424874,0.05969001569823391,-0.01660094914692481,-0.01119217842024203,-0.007533685877141781,0.042122079073073436,-0.0021631731084173975,-0.005466429625050514,0.0750680807074196,0.04822064984784467,-0.01637760850449413,-0.02010349826338202,-0.00916136669494983,-0.01603800917481279,-0.014243710922284894,-0.017364891421582672,-0.009161366694949807,-0.011346403215660876,-0.006047534612732181,0.026493844879432567,-0.058861885087413815,-0.005152024245730456,-0.007970049577586916,-0.006047534612732183,0.06562778958802148,-0.00257070622202513,-0.004068831624680436,-0.004458714194602152,0.007071766604281684,-0.0018171407467263581,-0.0025707062220251277,-0.0018171407467263564,-0.001817140746726357,-0.002570706222025129,-0.010223060839578895,-0.01333879374727327,-0.01209109171703926,-0.020199755307012623,-0.0068296128291354345,-0.04919832063068512,-0.005152024245730446,-0.006047534612732175,0.04020422111388884,-0.011192178420242007,0.08116920910752068,-0.05928245105705744,-0.0060475346127321855,0.04069236750676235,-0.004817618719889875,-0.0025707062220251264,-0.1406016337183121,-0.001817140746726358,-0.0018171407467263568,-0.0018171407467263562,0.10862000479751413,-0.004068831624680431,-0.0044587141946021555,-0.001817140746726357,-0.0025707062220251277,-0.013070483665821494,-0.0018171407467263562,-0.01449346656961798,-0.0017779077247088008,-0.001817140746726357,-0.02923591635543091,0.09403859639734362,-0.002570706222025127,0.14370258044364137,-0.051239386726514326,0.0003511626352896016,-0.009346054542269108,-0.003149539535547667,-0.004817618719889885,-0.009161366694949833,-0.0018171407467263562,-0.01436904219875378,0.00021416581477069681,0.11445874296240431,-0.02876498013048597,-0.0018171407467263586,0.07760742060967235,-0.004068831624680433,0.1406016337183122,-0.050396750522286184,-0.027412437257639862,-0.011346403215660864,-0.002876999309067299,-0.0036557391036952055,0.013543789010862776,-0.006829612829135412,0.01387880785697584,-0.02745985215739716,-0.009705629743243375,0.042967518282419896,-0.0018171407467263575,-0.03474718389841372,0.019210184407362836,-0.0020370750431295656,-0.008973143513323208,-0.004458714194602152,-0.0031495395355476664,-0.010877843413592077,-0.019326499962604344,-0.005742461413208058,-0.01498255178252409,-0.002570706222025131,0.020006921959203474,0.012279042841815668,-0.02019975530701264,-0.03718995494937832,0.00954083212278773,0.02184542906055592,-0.016038009174812767,-0.021973871065532308,-0.026340479415870376,-0.010555071905329467,-0.006829612829135407,0.15777078811248937,-0.013602553178309714,-0.0688466844936749,0.01039027634197065,-0.007754786314863481,-0.004817618719889888,-0.0025707062220251264,-0.003638023675491103,0.04212207907307337,-0.004152729623650738,-0.0018171407467263581,0.020648691216150244,0.018310984281035336,-0.009527413176734494,-0.003149539535547661,-0.0018171407467263586,0.02123882989057482,-0.011498772387302618,0.02408038469161459,-0.050054484405500414,-0.004068831624680443,-0.010223060839578874,-0.010717559632931981,-0.007071766604281514,-0.0018171407467263586,0.018821176121064796,0.05615663797251047,-0.07014717418477574,0.07712512131480405,0.012064013747872434,0.029971487372947452,-0.00797004957758692,-0.01757844656910914,-0.005466429625050512,-0.019218755764816492,-0.0005093803501931658,-0.02560974497549207,-0.012797333362308682,0.09491768033961659,-0.0031495395355476646,-0.03171313653210756,-0.01087784341359209,0.12121590771738996,-0.0048176187198898865,-0.03954222191492757,-0.010053304143091156,0.020770858000566435,0.5336051629432151,-0.755149771498366,-0.013602553178309709,-0.12112539913638425,-0.006047534612732179,-0.0025707062220251277,-0.1656595732905607,0.3771865007133419,-0.003638023675491104,-0.0025707062220251286,-0.005466429625050511,-0.004068831624680435,-0.004068831624680437,0.014872460527664251,-0.003149539535547666,-0.002185635363056229,-0.003638023675491098,0.1035050889189562,-0.008179937109145878,-0.07090062492519332,0.014199674841127202,0.03952490823783688,7.772206524849373e-05,-0.008973143513323224,0.01627288479161013,1.0,-0.013070483665821492,-0.03956096975859021,-0.017039341776871,0.05558308995185934,0.07489328058377669,-0.004817618719889882,-0.0018171407467263581,0.04409042919001976,0.09125946427429951,-0.0018171407467263588,0.02685815312923123,-0.0025707062220251264,0.017628229478694402,0.05332347970420337,0.1656595732905603,-0.02227442949633478,-0.013547022559467513,0.12286834785035042,-0.017549808048962067,0.020983830739132722,0.003977415136655425,-0.004068831624680435,0.02952938776279185,-0.006318624614238609,0.015340907509434018,-0.014982551782524084,-0.0025707062220251273,-0.013338793747273266,0.018792317974019156,-0.022693598732467065,-0.02797283456521145,-0.03177772763426402,0.05076126769700782,0.01487246052766422,-0.014739687788449782,-0.0176844879232441,-0.016600949146924802,-0.01424371092228491,-0.015458850358336442,-0.0036380236754911008,-0.006318624614238599,-0.022959874733306053,0.03848864601690572,-0.014369042198753767,0.08793554854964909,0.08741690829897174,-0.008179937109145862,-0.01333879374727327,-0.017471917507989418,-0.01473968778844975,-0.005764109357818935,-0.01005330414309115,-0.004068831624680435,-0.009161366694949822,0.037202086087017826,-0.018713916173156157,0.020775059170547158,0.0004887191852194306,-0.01580839314500813,-0.00858515440187408,-0.007533685877141791,-0.018516297590785227,-0.008076916695694408,-0.0205864270099157,-0.03743543287713251,0.03274000249470064,-0.016151838289756384,0.04351718234705848,-0.007754786314863501,0.22328754420776062,-0.0018171407467263581,-0.013703026450465823,0.013247308360132866,-0.03809589091913016,-0.025614369689987603
BedroomAbvGr_1,-0.13942663287085685,-0.04999559767881614,-0.04621748176543713,0.064940807371073,0.030057778936185237,-0.006104850663045921,-0.1411622772410933,-0.008943945987646595,-0.03697786998539435,-0.1405478971879132,0.08451482165934504,-0.017850445933855295,0.002728538290597432,-0.05083619094212894,-0.011196840608734899,-0.01839774169192524,-0.00412739087098153,0.016353314504016742,-0.10527473086154215,0.11131988070316721,0.012096754525324029,0.013584434623357297,0.013584434623357278,-0.015638368577890117,-0.020933143061734636,-0.035460992907801386,0.09148752650037907,-0.011163034246908366,-0.004930009996542113,0.04267192142119345,-0.03434419124855183,-0.009870172753618237,0.024949234187171047,-0.004127390870981601,0.1024255563475189,-0.006974477566247309,-0.019822199398808152,0.03882976554907541,0.05604942749226884,0.06032294180369479,-0.015314095633207314,-0.021242191625347354,-0.045039353937700956,-0.006401278706751618,0.19020603776988543,0.027644020325811834,-0.05951489956791246,-0.014830745909717514,-0.04320148200905864,-0.032009299974577396,0.006116808137850547,-0.04044794342996818,0.004175695113803907,-0.043512064598685646,-0.019518508873699995,0.0008765018488548964,0.09126876463028513,-0.03078346098329468,0.07070062486697136,-0.012733835712857614,0.04216396912879418,-0.01397774557619524,-0.02162321447099043,-0.01640731800710307,0.00312078733274518,-0.0069744775662473075,-0.011038980123063593,-0.01209675452532406,-0.018162860073252837,-0.0049300099965421005,-0.006974477566247311,-0.0049300099965421135,-0.004930009996542113,0.09485289490096353,-0.02773576687726533,-0.03618893398012252,0.0785766514960181,0.2820918866305053,0.020117354523987264,0.09142244223726782,-0.0139777455761952,-0.01640731800710306,-0.12468736013450607,0.16134505048043085,-0.02238796866380904,0.008427544341954677,-0.01640731800710304,-0.026518474641541886,-0.013070483665821489,-0.006974477566247323,-0.031597971744044814,-0.0049300099965421005,0.13902628190248728,-0.0049300099965421135,0.027146653429934102,-0.011038980123063607,-0.012096754525324067,-0.004930009996542113,-0.006974477566247309,0.04737588652482265,-0.004930009996542113,0.07361524723604264,-0.05876543233778278,-0.004930009996542113,0.004903341837344465,-0.024443134571705487,-0.006974477566247322,-0.02485532805835653,0.03438945989640366,-0.03304896946111835,-0.025356397078554492,-0.008544886477686156,-0.013070483665821487,0.03320671828596434,-0.004930009996542113,0.07484939285620318,-0.054945679306495465,-0.015638368577890107,0.007147688366607953,-0.004930009996542101,-0.023679496746724073,-0.011038980123063612,-0.025356397078554468,0.03754631518985996,-0.019253550729217517,-0.03078346098329462,0.02258382298166559,-0.006627184799901658,-0.018424669815753067,0.09741034822141184,0.058184060480470104,-0.08558789325083378,0.05604942749226889,-0.012554059619245158,-0.0049300099965421005,-0.010406995312899502,-0.03580628195191816,0.044295240043198805,0.00527467795133847,-0.012096754525324065,0.07462534190512587,0.019731034179850608,0.07497381290766224,-0.09427525967217677,-0.02238796866380909,0.09485289490096356,-0.0023262839578357263,0.05753964096352275,0.0013460417221633158,-0.1446830619837397,-0.0008546881178262288,0.15567820201265414,-0.026342439108393484,-0.046527692802400065,-0.08876615609392413,-0.0032975401033224936,0.058763851372699454,-0.012404552656509195,-0.036904528869530225,0.008126139234432235,0.0024665753345965566,-0.021039192545871714,0.04145210534017673,-0.006974477566247325,-0.009870172753618229,0.02764402032581184,-0.012715872279648427,-0.0049300099965421005,-0.07162931241581262,-0.04193934908782116,0.030060771099487935,-0.008544886477686173,-0.004930009996542101,-0.009680529243073973,0.08559135091744058,0.0225239568248929,-0.09168118045456904,-0.0110389801230636,-0.027735766877265353,-0.004105040648832225,-0.019186119795689505,-0.004930009996542101,0.006331807119093932,-0.028636532476221745,0.020055786220296093,0.010208619791416775,-0.04330826501572581,0.08244345718572213,-0.02162321447099043,-0.03186650102873418,-0.014830745909717537,-0.061893644784409084,-0.020371995234448312,-0.03390601444350212,-0.013598635344150033,0.020117354523987163,-0.008544886477686175,0.005875875765850533,-0.029512230610887577,-0.014830745909717552,-0.01307048366582151,0.036548228538742664,-0.02727520694971316,0.015215191886642337,-0.006974477566247318,0.009870172753618359,-0.0169487465919324,0.043860109493579526,-0.016407318007103083,-0.006974477566247312,0.011038980123063794,-0.0049300099965421135,-0.009870172753618234,0.09485289490096344,0.033286785264032635,-0.011038980123063613,0.05342866379562786,0.024795856030064116,-0.008544886477686158,-0.037700202113171696,-0.009870172753618237,-0.017142801166454967,-0.022192651720471142,-0.019898397297674814,0.03660162009047959,-0.14148263350872783,-0.05520433815004658,0.03489402337039317,0.028233747316524123,-0.013070483665821492,1.0,-0.10733124373228314,-0.20847383257547664,-0.07782731016801588,-0.02274860114621734,-0.013070483665821498,-0.0049300099965421005,0.1371722060170121,0.05551183994219494,-0.004930009996542104,-0.02879085892094389,-0.006974477566247311,-0.009550455311059677,0.014843184212466004,-0.011038980123063582,0.1495891967743161,-0.15312636868488463,-0.028636532476221745,-0.048851704153546914,0.005930866236635364,-0.002270015798453284,-0.011038980123063596,-0.03378213113031846,-0.01714280116645495,0.041620786674774445,-0.0406485464566366,-0.006974477566247309,-0.03618893398012255,0.019882599859763917,-0.010567173978275486,0.04360066910651065,-0.006610940982646163,-0.061737180781984986,-0.0024236551006829813,-0.021454760375406605,0.04646960500368774,-0.011744439128058733,-0.0003929901115510156,0.06455231953392579,-0.009870172753618248,0.024571348338585444,-0.02439750182371335,-0.09556413433983035,-0.03898405877927256,-0.01982219939880819,-0.01901866067709808,0.010208619791416695,-0.03618893398012252,0.31852194714633575,-0.03998964211984064,0.25834584890674417,-0.027275206949713124,0.05342866379562781,0.06223774145812482,-0.01851202714392234,0.02189099640750792,-0.036178251504528504,-0.04358577266378985,0.04408046673597858,-0.023292030129942593,0.47106653349077876,0.22196976256859588,-0.042553926003013644,-0.0739195902357875,-0.06550758272595632,-0.049634243770173864,-0.02675995664325142,-0.03434419124855181,-0.021039192545871763,-0.016407318007103083,-0.0049300099965421005,-0.04747910567036801,0.014739329156031787,0.05736585902139446,-0.011516031802862503
BedroomAbvGr_2,-0.18334185187550556,-0.11616828895708899,-0.11234247671882831,-0.08705266068070457,-0.043503651931117535,-0.0827544834675138,-0.048305517126088604,-0.07403195699291773,-0.0840686367035128,-0.3330445600166742,-0.03323134747231098,-0.10289988735835927,-0.08646286558387202,-0.047242969231016924,0.020946067508147752,-0.16308818711251633,0.062230081553899856,0.0011731191496584152,-0.1762969097721447,0.14985179756741887,-0.03804556615708165,0.09585416663654889,-0.029425552600587664,-0.028029770973702798,0.11625978025825691,0.04149341936465923,0.022304609440323305,-0.0234794308636347,-0.014921863748068996,-0.05870119980513656,-0.013752220893040285,0.0005841374327211426,0.0462794203495633,0.031352963773545114,-0.0031806238451342205,0.02193546600472455,0.06234290338184849,0.05525090199285893,0.0015583795342934252,-0.11945618943280323,-0.013054336188747797,0.03453728721438235,-0.1152103634148567,0.09043615593319326,-0.04702358020099829,0.026387203624488365,0.008064068587493721,0.036473914077947776,-0.11614967767326695,-0.05833625703992708,0.06495607721479835,0.11493964323166724,-0.050686119911703145,-0.07363493669629195,0.004308263057476125,0.033217380272691555,0.047491969734846186,0.006821587141428933,-0.012837632293964176,-0.0059927158814626355,0.03723364176264722,0.000827232169073756,-0.03735204890884146,-0.03124916780397187,-0.05267097372847839,-0.02110993771422417,-0.006159778994379603,0.0131591295131125,-0.020871105114766846,-0.014921863748069008,0.02193546600472455,-0.014921863748069,-0.014921863748068996,0.02193546600472454,-0.006641485732496281,0.0021417366763225782,0.060796135172924606,0.26137120307472783,0.12362411360013709,0.2578614290943574,-0.042307016646914046,-0.012837632293964223,-0.25980200972238127,0.06004561097482394,-0.06127838956751901,-0.003003113786687531,-0.04966070331397954,0.015529332099582691,-0.016512679316634197,-0.021109937714224154,-0.0075197132185930325,0.04593266438651399,-0.014921863748068984,-0.014921863748068996,0.005573903216043412,0.021092576556512026,-0.01172730713085671,-0.014921863748068996,0.021935466004724548,-0.01978732426349357,0.04593266438651404,-0.03944686496749962,-0.06400576162486371,0.045932664386514103,0.11595407471778554,-0.00901622461201066,0.0649808697236732,0.035219708529027546,-0.07090705105041249,0.04339081364155653,0.03159598799742156,-0.02586315886827453,-0.0165126793166342,0.01067518611739021,0.04593266438651404,-0.037793445304260306,-0.04909899178991939,0.04918431510479917,0.11490471989667334,-0.014921863748069012,-0.036639597998203294,0.04834493210740358,0.03159598799742148,-0.07897428900685559,0.03585645255630939,0.05681916357961275,-0.11453840767828159,0.08823405219320443,0.03723126987396793,0.0746131054929138,-0.049478848993569954,0.029016312882937146,0.0015583795342933903,-0.020166476810795145,-0.014921863748069005,0.017744007912867493,-0.0014784352537023178,-0.05015109833649276,0.05152461704777292,-0.011727307130856693,-0.02586315886827447,0.09802321289757743,-0.0661769847503851,0.021656907649364798,0.01591440488336774,0.02193546600472456,-0.033123791084071166,0.05041499473682971,-0.02939348977788825,0.013642877935317693,-0.0173569300384551,0.01234173522135112,0.035236594065846547,-0.025519932394873966,0.0016692940164527762,-0.05454077310416825,0.05827610279050618,-0.02988946975115859,-0.010469750745544817,0.028607981991852265,-0.05603732342696132,-0.020396633845395695,0.09872877289314567,-0.021109937714224154,0.06150132684506975,0.026387203624488282,0.01674883207395551,0.04593266438651399,0.007177079638607653,-0.0949230328013779,0.05175297785744108,0.04445380937694124,0.04593266438651401,-0.13855163500763712,0.0536845653824349,-0.07045045484468355,0.053412610183033234,0.07559728765829539,0.03753422802351535,-0.035227007168353835,-0.01070590365990626,-0.014921863748069012,0.009584097201991175,-0.022406177167087645,0.11741274724564042,-0.026080519714106222,-0.10765121490750608,-0.11088786591805082,0.03288750725667705,-0.11759088103158916,0.056814599545405284,0.16991692117288615,-0.054355607411475514,0.08864649486985787,0.07348346761049873,0.00926509468328326,0.044453809376941135,-0.08557050185426972,0.03557351508064822,0.01613322861049027,0.0526321920092337,-0.06813159997831808,-0.003997075825062632,-0.06130162163316449,-0.021109937714224147,0.029874457273453232,0.006402033016591422,0.013737513271802558,0.060808509746066344,-0.021109937714224147,0.006159778994379729,-0.014921863748068996,0.0005841374327211743,-0.021109937714224168,0.016133228610490286,-0.03341213454527131,-0.006159778994379611,0.029254836858206193,-0.02586315886827447,-0.031378135531446014,0.0005841374327211771,0.01864833582384962,-0.026080519714106187,-0.048776107659140776,0.030438488590988678,-0.29800519725599184,0.07742222318681971,-0.023601156144385984,-0.043821646401330835,-0.03956096975859021,-0.10733124373228314,1.0,-0.630996311754119,-0.23556311630613122,-0.06885412544824682,-0.039560969758590254,-0.014921863748069008,0.015643957041411815,-0.026494408047242707,-0.014921863748069012,-0.04628713273234504,0.021935466004724565,-0.1389781610084773,-0.024815218388262283,-0.0061597789943796,0.17175892711941304,-0.14449598676364037,-0.08667536904124905,0.08249877923321576,-0.01300199369593397,-0.10813059635333773,-0.006159778994379618,-0.26825524146410706,-0.016619242288612068,0.027757630137052645,-0.03812055123225295,0.06498086972367319,0.027913183495808555,0.006186047274577212,0.023856278108658792,-0.013876926555806805,0.03349531854947872,-0.04937833571623302,-0.01677109181957505,-0.01134499201652048,0.021139012862241055,-0.00964986810963699,0.020478093555972503,0.2782157978681166,0.0005841374327211734,0.10681728110500385,-0.039030518015749034,-0.27741229553077296,-0.10997453124873448,-0.029411772966436635,-0.08332300539020042,0.056101261831063065,0.0021417366763225704,0.2667818969551704,0.09051307254050846,0.0298807935851737,-0.015219634872353852,0.021092576556512033,0.010675186117390219,0.0001914169284586745,-0.02026200347816192,0.0050901728793220765,0.030854777133331596,-0.004814648655938767,-0.03129308140944577,-0.03218258861140525,0.31461892586603973,0.31584963402735217,0.00152333850130858,-0.1930920999394677,-0.19463189383795365,-0.13263448672029787,-0.08591122360225473,-0.03482448530580158,-0.04966070331397956,-0.014921863748069008,-0.02161591700276655,0.001794024803129457,0.008004125008493969,-0.019170489816846548
BedroomAbvGr_3,0.10882177644912495,0.03749057445042658,0.0529366686929996,0.13880957941266087,0.08506152803903895,-0.007150155696438419,0.02862205854636513,0.050925968834937774,-0.006840598547851708,-0.034477121424492864,0.05271991636914448,0.050386235829141535,0.022038677120278457,0.0011047468051763347,-0.036412794501271474,0.001891346144921812,0.0013718212581511834,-0.063629860468763,0.15898089749155472,-0.15086805369937797,0.0065455357257903045,-0.088165103727301,-0.004818139571732838,0.024928293449433578,-0.07825553922797691,-0.01918789006291705,-0.06947555188778941,0.05027145568924451,0.02364809979092805,0.029373213220566366,0.039924263132271896,0.021002082159773193,-0.02553212063493892,-0.04536155626953181,-0.04630239044601751,-0.0037738793478056536,-0.01072576235692134,-0.02777479931872081,-0.08452634359718404,0.16506702674124246,-0.008136444166429703,-0.04398411846421092,0.13083320070993848,-0.03833378046335216,-0.0174774798365359,-0.03045670430533773,0.027061699891103408,0.0007711610197987756,0.05559758446148957,-0.07983040731174423,-0.04560463028948455,-0.12484083151860292,-0.0612119468617164,0.10200242488685388,0.0035632633261499886,0.03299087254128208,-0.08243984292302413,0.0006397380981647667,-0.0009161546847086567,-0.0517634651453763,0.024576939206437342,-0.007563337161505561,-0.0056254589641050855,0.03093112721230733,0.048748455484150785,0.03345493043460141,0.02938156638433028,0.014978072741898638,0.017209106643066505,0.02364809979092807,-0.003773879347805653,-0.028983341816930176,-0.028983341816930176,-0.04100268913021271,-0.02933517602599734,-0.19046434061396858,-0.021822261170538437,-0.24520350247366235,-0.08067325823012331,-0.02147329066018701,-0.04486898667433673,-0.016839795633216584,0.056670781945805285,-0.0909017073354506,0.0948385763135171,0.018888713274955452,0.0468547681608152,-0.0017204480252491338,-0.03697318712481302,-0.04100268913021274,0.08660053297242934,-0.028983341816930148,-0.028983341816930155,-0.02898334181693017,-0.04868707753023246,-0.04132791755158548,-0.04959275266116817,-0.028983341816930176,-0.003773879347805648,-0.01161645236241463,-0.028983341816930176,0.002809263916386709,0.09106723283989376,-0.028983341816930176,-0.08910756441561961,-0.007754648184648206,-0.04100268913021273,-0.06121194686171622,0.10488710226310494,-0.06503112926601197,-0.05536615102091096,0.010580187517744189,0.04276219426695509,-0.01875615473910073,-0.028983341816930176,0.0066513292812626894,0.06319099959338237,-0.025156993389336687,-0.08505314375744935,0.023648099790928055,0.01302428238161594,-0.04132791755158543,-0.07618907232192314,0.10558041190908246,-0.058378720108759205,-0.05125012986409006,0.053679482537241516,-0.05670462312049268,0.007363122531802643,-0.09480269165334539,0.015370584653080447,0.011575926585243085,-0.05440712907101538,-0.001835941304337892,0.023648099790928093,0.02113433068575708,0.03574155825644059,0.06016893023198479,-0.08897616276983963,-0.04959275266116817,-0.05023506356850185,-0.09248469329272162,0.07991935830132592,-0.029713277084687306,-0.03868535947986287,-0.041002689130212724,0.08110991444397038,-0.06577624805701579,0.011403179110392828,0.024390455539488348,0.06158356616743572,-0.03712126995757332,-0.04237632354092195,-0.005939049805926834,-0.024118740333312044,0.0725139113250607,-0.052414391383678954,0.028917250936711054,0.03110284382463862,-0.05025699879807121,0.08108447279385038,-0.023862535480711735,-0.076840877820697,-0.0037738793478056766,-0.058026371328033205,-0.03045670430533781,-0.02861556489347245,-0.02898334181693014,0.003953089919133509,0.15807471224083056,-0.1008599569541284,-0.05023506356850172,-0.028983341816930155,0.14190788011831892,-0.08946817702606874,0.06263925321467616,-0.007582866955772401,-0.041327917551585415,0.018422804569404216,-0.02486378320468362,-0.030864158653325632,0.02364809979092808,0.01672740668248431,0.08177802670260617,-0.08163842876007758,0.035376128382799854,0.06588151445961464,0.13955923346318255,-0.05422409853566412,-0.03737708741634448,-0.03441306050852203,-0.10954967363992882,0.12335627703391455,-0.09868647815255087,-0.10372990340329345,-0.024155524537234678,-0.05023506356850177,0.12053539286791184,-0.03847363240977217,-0.03441306050852197,-0.056907032472754936,0.07499018917566198,0.004653604276155644,0.10569285984402288,-0.003773879347805681,0.03168355349876445,0.0238068682488076,-0.02328878577268392,-0.01683979563321663,0.03345493043460139,0.017758089572946903,-0.028983341816930176,-0.0053407356694956075,-0.0037738793478056384,-0.03441306050852203,0.005811738405691749,0.005811738405691711,-0.0009133702838839558,0.01058018751774413,0.013343504406191113,-0.0316835534987645,-0.08553088898139616,-0.00016227581826974336,0.04406287645445191,-0.004112294863286256,0.03757398412297591,-0.07698718486191367,0.04097235104539808,0.0006137677920954705,-0.017039341776871,-0.20847383257547664,-0.630996311754119,1.0,-0.4575438051594184,-0.133738163480455,-0.07684087782069693,-0.028983341816930158,0.008976437219426887,-0.05817426267384411,0.02364809979092808,0.03597122636247834,-0.041002689130212704,0.09158159136217639,-0.04257391301845585,0.005811738405691712,-0.016471782283955412,0.055357004524227794,-0.08497605009321073,-0.0006423714174702466,0.04786384338436615,-0.0028160515114604373,-0.01775808957294687,0.12397963618559406,-0.08553088898139621,0.19894695097892506,-0.19223788564225025,-0.04100268913021271,0.02499628195724633,-0.001977227721593685,-0.012337444715116186,0.014537060637685418,-0.04119377161934308,0.041811356502860136,0.018989922469407988,-0.018250093227350363,-0.011573437654484766,-0.02741394111230428,-0.0034291620181765713,-0.2011444765546577,-0.005340735669495582,-0.07027989998373617,-0.019851521578872065,0.08989236321092899,0.013587715531722284,-0.03717781141284212,0.1061739025417302,-0.02385454528564951,-0.19046434061396858,-0.2670431375558895,-0.004697124706530671,-0.09193737584103052,-0.02446466248036118,-0.041327917551585415,-0.07182589489237028,-0.05252846747252039,0.02744384271723081,0.03726527235665754,-0.003529105283374264,-0.010488552520783557,-0.01260328256000879,-0.12016206962061009,-0.2787476909863131,-0.10367187303983148,0.20845971039890043,0.23341466770318411,-0.024632006382283064,-0.09544379655227794,-0.12389772664763418,-0.08625383526910574,-0.06461071847874063,-0.028983341816930158,0.029083155184401285,-0.025122972657731925,0.02895129323015832,0.011150149544466508
BedroomAbvGr_4,0.1384884081525714,0.09962949722549613,0.10083390565806669,-0.07532179338541188,-0.05889221062731585,0.12963950142546718,0.0835839007217846,0.011934894987882774,0.09721133552987309,0.44789939701966,-0.05834007503873287,0.07375483098163864,0.05046770511598824,0.06372822547902945,0.02283566858128568,0.2055654710627559,-0.060989322316241226,0.0496828173393734,0.05263299159746244,-0.03704350587358052,0.026549111834418753,-0.011527630193296392,0.035451686156215655,0.012729755484187843,-0.03200916601624112,-0.0031423233213377227,-0.003153686689953182,-0.0016814395770814881,-0.010820041563130893,0.018074821930748754,-0.020412043220150288,-0.021662365695878403,-0.032329764946474875,0.04249599373223568,-0.01851870768120562,-0.015307096172391172,-0.04350437859521698,-0.044323773016447784,0.04124089352839604,-0.09511640348659019,0.04818534179058887,0.04156565309105237,-0.004505696664967703,-0.04195105494284349,-0.02677158672759668,-0.0016013090513735998,-0.025931833897623092,-0.03254948514666903,0.0921447331194918,0.1998792933795079,-0.0020275655233794308,0.03277972181250053,0.08005897011859463,-0.042423022074018636,-0.005986259205667954,-0.07043351473365447,0.0052757990545202835,0.01774592473460644,-0.03600963545730715,0.06088405884268057,-0.061070825172461304,0.021891838963030645,0.03814628454060241,-0.013570852799318066,-0.011636551107937222,-0.015307096172391172,-0.024227582465329776,-0.026549111834418604,0.003624349848668321,-0.010820041563130881,-0.015307096172391175,0.0633455015456537,0.06334550154565373,-0.015307096172391172,0.019885208789806062,0.19278261148723122,-0.07199558710995847,-0.11304613457665476,-0.04066646725327395,-0.2946112398896263,0.021891838963030662,0.031306712516660014,0.29117989067840994,-0.04195105494284348,-0.051581566311834255,-0.03972933074084491,-0.013570852799318056,0.020901799181694485,0.055583089951859344,0.03715384376115603,-0.06171994551377416,-0.010820041563130888,-0.010820041563130893,0.0633455015456537,0.053745495174649,-0.02422758246532975,0.06444080196429318,0.06334550154565373,-0.01530709617239118,0.0075269605139020096,-0.01082004156313089,0.0009763837246315085,-0.0129023121508794,-0.01082004156313089,-0.005943944849589469,0.0018077016147779153,-0.015307096172391168,0.05014570169296489,-0.049271820557787685,0.027570972000182506,0.04704864618943184,0.024095155057025565,-0.028686184533825623,-0.00968083515829457,-0.01082004156313089,-0.00736427526992061,0.0044538006516325465,-0.010796121739754297,-0.01218215368888789,-0.010820041563130883,0.008405134757548782,0.008985816970709134,0.0763912448381163,-0.04705095899379208,0.02987079977534768,0.005559165509523934,0.055129443384108225,-0.04041870927689919,-0.025206273455421185,-0.02075599032846504,0.027992746479292903,-0.028696992515111437,0.027093406556718925,0.023930812325850988,-0.010820041563130888,-0.029838286649672304,-0.04108258636831391,-0.021057629044927275,0.05338816811106154,0.09477077323053008,0.06694403006708326,0.011338250006177955,-0.04775544582265443,0.03467545147925884,0.0424959937322358,-0.015307096172391189,-0.048558802068153925,0.0030288565415344747,0.017128802618792096,0.02253275880127022,-0.048806280709261046,-0.04284831384517472,0.0018054927989228317,0.05122552226664812,0.07017633541345111,-0.0236859044695454,-0.02075599032846512,-0.007897155770058627,-0.009027665449692142,0.02578074563417635,-0.017645506918680703,0.02415955982988082,-0.02868618453382566,0.03715384376115606,0.015458589604570468,0.009172475349573182,0.014845698382114721,-0.010820041563130892,-0.0018801872605935194,-0.056172649253134865,0.0728882730934978,0.024095155057025513,-0.01082004156313089,-0.019165708180735493,-0.020333717173319384,0.005970212121147403,-0.020294265610614582,-0.02422758246532975,-0.04741290162539309,0.06483918297507547,0.05410165865012036,-0.010820041563130886,-0.026202145872587443,-0.06284946112360694,-0.04430418985797485,-0.015320944029987769,0.058325828972245884,-0.08038351696183663,0.03814628454060246,0.22144581933730628,-0.03254948514666901,-0.04158596208902168,-0.062345897161539376,0.011349007387851365,0.03261492001704941,0.019064963521152552,0.024095155057025544,-0.046770565254414184,0.03670812741463736,0.01703032530104799,0.02749333178996434,-0.04427409975802747,0.022202233789358244,-0.06706519313498686,-0.015307096172391175,-0.052579544905019676,-0.029589898767243664,-0.0063308347118461086,-0.03600963545730708,-0.015307096172391184,-0.008985816970709408,-0.010820041563130892,-0.021662365695878413,-0.015307096172391177,0.017030325301047994,0.008985816970709158,-0.024227582465329762,-0.02663476471766248,0.024095155057025572,0.023813714745263247,0.015458589604570519,0.06983075666383722,0.0013720248385063456,0.026411600393539555,-0.029377919479020877,0.3444608771756089,0.05359682095531695,-0.03817024078731369,0.029249016339851722,0.05558308995185934,-0.07782731016801588,-0.23556311630613122,-0.4575438051594184,1.0,-0.04992704073172282,-0.028686184533825612,-0.010820041563130883,-0.09409354122627006,0.01561765298426127,-0.01082004156313089,0.0028030682499402067,0.037153843761155964,0.07484808309008724,0.0592282735567995,0.008985816970709189,-0.22577433566616925,0.17081104865100577,0.19824091657013637,-0.06176440735965227,-0.047795263839288935,0.13891649494126385,0.008985816970709106,0.1850353211718685,0.09132167250051562,-0.23092651258840688,0.23065111382037587,-0.015307096172391168,-0.037546858865761853,-0.018427900801091177,0.009390040523540383,-0.021052205305316683,0.026092178276769094,0.025713417582049567,-0.01261141221575572,0.036371514793011234,-0.016092063439970463,0.02122435730186221,-0.005986259205667947,-0.07376044636886135,-0.02166236569587843,-0.037623822519554734,0.07803767445144202,0.27107764116804695,0.13925175055849856,0.03104537815245538,-0.04432377301644759,-0.03201391289848186,0.19278261148723122,-0.10403535002151819,-0.07821739712454966,-0.03432199896369645,0.022202233789358206,0.008985816970709161,0.03518906748015008,0.04692489526090907,-0.006946363094894453,-0.029597086435783262,-0.010653771493347244,-0.013478709896212904,0.0603705792533087,-0.04485882255466349,-0.10246298979253791,-0.19413401233976849,-0.22000664464828523,-0.023210904588522218,0.29448363441404074,0.2905720006891358,0.17745903602202995,0.14724565228321154,0.05374549517464902,-0.010820041563130883,0.009297721544778774,0.03177540029568159,-0.07043320313717157,0.008776749028899251
BedroomAbvGr_5,0.022751650075167336,0.022342106371284576,-0.016999855667102156,-0.12300979153885229,-0.048828327904750814,-0.0287026140724698,0.019859723956410728,-0.010493874317675506,0.04728853656044778,0.19052769099474834,-0.07265813897534794,-0.024938795415049026,0.03961558855621252,0.06445636590947894,0.025943761567887073,-0.00015538394215448834,-0.026076471488537447,0.042538549687744176,-0.03598887766924731,0.046233304917012566,0.007760195676860476,0.014285769941926117,0.014285769941926067,-0.01003217846383807,0.020238923160581315,0.008882787114237229,0.017886541304671464,-0.05428822790026644,-0.003162653435841257,-0.03168967808723034,0.010558472339270947,-0.006331819974700301,-0.02732508946387733,-0.02607647148853739,0.04978571319514001,-0.0044742009556899736,-0.012716150084592572,0.004881882451604645,0.1089375891025797,-0.04087796166998904,-0.022983112447135187,-0.009983216177387962,-0.02889322082086041,-0.019479493594040945,0.04051145503597761,0.009429218051118606,-0.0037649075207744015,-0.009514079999909844,-0.0013197241230865366,0.014285769941926107,-0.028504506269486876,0.0726473034014153,0.11708152840970623,-0.02791344859343118,0.004421882069653222,-0.030222828702959628,-0.015944955230893808,-0.019747915057817006,-0.010525467636881175,0.020981620074305454,-0.052254600036113236,-0.008966871284819971,0.08764436734624385,-0.010525467636881156,0.027229828229745255,-0.004474200955689975,-0.007081622235832761,-0.007760195676860385,0.012308098307074328,-0.0031626534358412542,-0.004474200955689976,-0.003162653435841257,-0.0031626534358412573,-0.004474200955689974,0.062015105982595825,0.038862715907291116,-0.021044012595533134,-0.013716138957572928,-0.011886640326811962,-0.10863803195993293,0.22481227292655775,0.055999133011804994,0.044980020539472164,-0.01947949359404093,0.0018148460010337512,0.022111720727724472,0.05599913301180512,-0.04513072622184381,0.07489328058377671,-0.004474200955689978,-0.027229828229745217,-0.0031626534358412534,-0.0031626534358412534,-0.003162653435841257,-0.01052546763688115,0.09138664885288954,-0.007760195676860369,-0.0031626534358412573,-0.0044742009556899736,0.008882787114237248,-0.0031626534358412564,0.003524838406543391,-0.03513536533671256,-0.0031626534358412573,-0.018723485299434083,0.0317946205263946,-0.004474200955689978,0.02839720598263945,-0.0651017362449195,0.11628324391097207,-0.01626639629479311,-0.00548163484384059,-0.008384853195594205,-0.01594495523089385,-0.0031626534358412564,0.003969632552269239,-0.03260964202431145,-0.010032178463838049,-0.0175347175989479,-0.0031626534358412547,0.03800321186184571,-0.007081622235832767,0.027229828229745238,-0.051414726561907584,0.08698998881888752,0.01638235559934194,-0.005007290583366563,0.028824745701105867,-0.03744830133822959,-0.01188664032681194,-0.03681785627489687,0.047045649138547585,0.02505104897084627,0.036432779210618396,-0.003162653435841252,-0.04289432688042977,-0.012989049003594561,-0.03828598645436252,-0.01561736107334227,-0.007760195676860347,-0.005481634843840587,-0.018932407359483972,-0.02199398549037027,0.04763571884516411,0.0018148460010337258,-0.004474200955689977,-0.030024373145737557,-0.018477978557255234,0.029165152001862815,0.009188922460814368,-0.021513911997211817,-0.0383347981039469,0.0245365320325785,0.021730794282040767,0.05282205825158295,-0.018370637765445938,-0.011886640326811951,0.044073840380969447,-0.023674644698324542,0.0070251435780758955,-0.09978392622866353,0.14289536997411945,-0.008384853195594188,-0.004474200955689977,-0.006331819974700299,-0.022511984627844484,0.03925851906907921,-0.003162653435841254,0.03593813761428857,-0.06142259652359438,-0.016582043010351495,-0.005481634843840594,-0.0031626534358412542,-0.024713908652934075,0.051340094720609596,-0.016767554840368674,0.016430596942756854,-0.007081622235832758,-0.017792787128545564,0.05763233857178802,0.044738960513016075,-0.003162653435841256,-0.058339419536610926,-0.01837063776544594,-0.01807722656823462,-0.014236820262718691,0.03501400917856836,-0.04440848509993808,0.036886423543976476,-0.006423523088852781,-0.009514079999909846,0.03171756362013266,-0.05164612010748725,0.05916176284813707,0.07450914066267032,-0.011886640326811915,-0.00548163484384059,-0.05519531736617687,-0.01893240735948395,0.06398092952320318,-0.008384853195594198,-0.007309782366474276,-0.017497333075043562,-0.026682706409000473,0.15105754655162826,-0.10372124149032863,0.006805938422975129,-0.004466146518442582,-0.01052546763688115,-0.004474200955689976,-0.0913866488528898,0.2167170616274081,0.10372124149032867,-0.004474200955689973,-0.009514079999909832,-0.007081622235832777,-0.0070816222358327545,-0.036478007561193466,-0.005481634843840587,0.03016445690547111,0.10372124149032866,-0.01099728784466149,0.13423287676277643,-0.03345276201517256,-0.036965247985157816,0.12685321215107725,0.0001352718313876234,-0.015617361073342339,0.028322239259645506,0.07489328058377669,-0.02274860114621734,-0.06885412544824682,-0.133738163480455,-0.04992704073172282,1.0,-0.00838485319559421,-0.0031626534358412547,-0.017095612834992592,-0.012308098307074307,-0.003162653435841256,-0.0038088870995615686,-0.004474200955689974,-0.05034246690057087,0.09280716785495449,-0.007081622235832756,-0.05034246690057082,0.010984126698125617,0.13644108597222254,-0.017307738531802588,-0.009885261725925954,0.006922515864757398,-0.007081622235832761,-0.020238923160581325,0.05271715760456783,-0.08249381443752424,0.08548879846974718,-0.004474200955689975,-0.023215583025580848,-0.011631251875152624,-0.0394972090808814,0.001090991294790224,-0.009712425572599255,0.041306278776501185,0.005097239151798263,0.05927709563305643,-0.030779072337847803,0.02196163439126281,-0.024790551512671462,-0.026905448181725876,-0.006331819974700306,-0.01099728784466149,0.05650520586385109,0.009968595957206686,0.003969632552269259,0.20830264900475465,0.004881882451604635,-0.014236820262718693,0.038862715907291116,-0.0304091028925119,0.0026565136086780174,-0.010032178463838075,0.06360141705055504,-0.007081622235832772,0.07273936719617279,0.03504926941684683,-0.04416628220594946,-0.024730955888812384,0.01740882830404995,0.052188897377836024,-0.014942083113391066,-0.013112048456794239,-0.03222680042812055,-0.05819510044785133,-0.07446452835230088,-0.06515472212285223,0.03976869058686135,0.05006535533233644,0.23869290639286336,0.09076462530590028,0.18904833430917745,-0.0031626534358412547,0.003687291409760457,-0.03361414972332215,-0.011751297419252871,0.008552212521036561
BedroomAbvGr_6,0.007156555099476639,-0.008392098333285462,-0.055190722578608666,-0.028202218307338867,-0.04471032602300843,0.009559430801697447,0.05531870759202422,0.036401414723543545,0.0574634719271748,0.05598163618670243,0.020105846027692116,-0.01776194423624886,-0.027754386182274108,-0.021351472539948284,-0.006086329271936484,-0.03246232732768527,-0.014982551782524079,-0.007306217683650355,0.01168844119785525,-0.0012576884241617848,0.004458714194602125,-0.011798232315713019,-0.011798232315713034,-0.005764109357818924,0.011628517854082698,-0.013070483665821486,-0.011036019739136453,-0.009355343707961516,-0.0018171407467263568,-0.01820768745963788,-0.012658844378587287,-0.0036380236754911003,0.0211283527802441,-0.014982551782524117,-0.006578905125160733,-0.002570706222025126,-0.007306217683650352,-0.014117448197845087,-0.009705629743243401,-0.023486926816531393,-0.01320522496742486,-0.018821176121064737,-0.016600949146924792,-0.01119217842024201,-0.0075336858771417655,-0.012934532786091463,0.08022550702087039,-0.005466429625050505,-0.015923532271270833,-0.011798232315713055,-0.016377608504494146,-0.02010349826338198,0.06727060687434579,0.029165646028327462,0.03610935916617993,-0.017364891421582648,-0.009161366694949786,-0.011346403215660905,-0.00604753461273217,0.026493844879432616,-0.0877002583181601,-0.005152024245730456,-0.00797004957758691,0.10862000479751423,-0.00934605454226909,-0.002570706222025129,-0.0040688316246804265,-0.0044587141946021355,0.007071766604281414,-0.0018171407467263573,-0.002570706222025127,-0.0018171407467263568,-0.0018171407467263568,-0.002570706222025128,0.05855882315021444,0.3076717370936989,-0.012091091717039251,-0.020199755307012606,-0.006829612829135417,0.01029605936997779,-0.005152024245730444,-0.006047534612732169,0.018663610902410793,-0.011192178420242014,-0.0149825517825241,0.03670022545339871,-0.0060475346127321795,-0.03425825052503702,-0.0048176187198898665,-0.0025707062220251273,0.009346054542269042,-0.0018171407467263577,-0.001817140746726358,-0.0018171407467263568,-0.00604753461273217,-0.004068831624680424,-0.004458714194602142,-0.0018171407467263568,-0.002570706222025127,0.041452105340176675,-0.0018171407467263566,-0.014493466569617988,0.053450715213053376,-0.0018171407467263568,-0.001518748901580819,0.0182679834061065,-0.002570706222025127,-0.009161366694949807,-0.030487790437828937,-0.028132028893751708,-0.009346054542269106,-0.003149539535547658,-0.004817618719889881,0.06727060687434575,-0.0018171407467263566,-0.014369042198753752,0.05706545482663667,-0.005764109357818913,-0.0007296857442980281,-0.0018171407467263573,0.010680761371561489,-0.004068831624680431,-0.009346054542269076,-0.029540952403652985,-0.02741243725763986,-0.011346403215660881,0.04020422111388878,-0.023873084146857373,-0.02151637403144155,-0.0068296128291354,-0.049180505850030545,0.054275895344743155,0.06259140814010009,-0.023136355998226065,-0.0018171407467263573,-0.004441993640537992,0.039215084004188605,-0.04195827723063596,0.06900774654293793,-0.004458714194602148,-0.0031495395355476585,-0.010877843413592084,-0.059464039003006,0.07372667283592763,-0.014982551782524089,-0.002570706222025129,-0.017250866383190632,-0.022064640202343107,-0.02019975530701262,0.04774916781337847,-0.023312033205679396,-0.0220257214599553,0.07436930123146766,0.04694525193270014,-0.0050817176982524675,-0.010555071905329479,-0.006829612829135394,-0.012519022615135919,0.03893640883315107,-0.0063754853881650385,0.010390276341970898,-0.0077547863148634925,-0.00481761871988988,-0.002570706222025127,-0.0036380236754910925,-0.012934532786091458,-0.030861915749334078,-0.0018171407467263575,0.06421384898432857,-0.06209213466726994,-0.009527413176734502,-0.0031495395355476486,-0.0018171407467263568,0.021238829890574903,0.04999649385981023,-0.05683414154488088,0.04910365295139314,-0.00406883162468043,-0.01022306083957891,-0.010717559632931965,-0.007071766604281494,-0.001817140746726358,0.018821176121064733,-0.010555071905329476,0.0419041106180388,-0.00817993710914586,-0.03625823610643139,-0.0532588912566355,-0.007970049577586923,-0.017578446569109132,-0.005466429625050511,0.07064316070157917,-0.04425616336678459,0.07372667283592774,-0.012797333362308637,-0.006829612829135403,-0.003149539535547649,0.01534090750943416,-0.010877843413592065,-0.0054664296250505045,-0.004817618719889866,0.013471225280475787,-0.010053304143091166,-0.015330871381370431,-0.0025707062220251264,0.003638023675491173,-0.013602553178309692,0.02114578568994,-0.0060475346127321595,-0.0025707062220251277,0.004068831624680594,-0.0018171407467263568,-0.0036380236754910943,-0.002570706222025128,-0.0054664296250505106,0.16565957329056016,-0.004068831624680422,-0.020958880017533394,-0.0031495395355476577,-0.0021856353630561134,-0.0036380236754910904,0.10350508891895632,-0.008179937109145871,-0.019220688634238647,-0.021238829890574847,-0.0005072568868539578,-0.028290831750442846,-0.008973143513323211,-0.020391330942573244,-0.004817618719889882,-0.013070483665821498,-0.039560969758590254,-0.07684087782069693,-0.028686184533825612,-0.00838485319559421,1.0,-0.0018171407467263573,0.0036557391036951127,-0.007071766604281494,-0.0018171407467263573,0.07042804598331755,-0.0025707062220251264,-0.06217708847136395,-0.020295697948881183,-0.004068831624680427,-0.062177088471364,0.06588531855227008,-0.01055507190532948,-0.017549808048962064,-0.01901146022579391,-0.02611080299555658,0.16565957329056025,-0.05278642347095731,0.10350508891895618,-0.26698335673981555,0.2734727308876102,-0.0025707062220251277,-0.013338793747273264,0.018792317974019195,-0.02269359873246711,-0.027972834565211352,-0.005580391470500331,-0.0032952245259180754,0.014872460527664175,-0.014739687788449762,-0.01768448792324409,0.1148857728486095,-0.014243710922284878,-0.015458850358336454,-0.0036380236754910917,-0.0063186246142386045,-0.02295987473330611,-0.035223758685344816,-0.014369042198753765,-0.0073062176836503675,-0.01411744819784507,-0.008179937109145859,0.3076717370936989,-0.017471917507989414,-0.014739687788449767,-0.005764109357818931,0.05984109608982838,-0.00406883162468043,-0.009161366694949819,0.0883944005894174,0.0012731486496733908,-0.005463337359728665,-0.02805248123159416,-0.01580839314500812,-0.008585154401874073,-0.007533685877141782,-0.018516297590785238,-0.03343669814884243,-0.04278449453907146,-0.0374354328771325,-0.026602522200846093,0.028765654858899474,0.21204526252399558,-0.007754786314863492,0.2232875442077606,-0.0018171407467263573,0.01002937997620092,0.013247308360132916,0.00892017057024433,-0.02561436968998754
BedroomAbvGr_8,-0.009684441033505586,0.000994882331148577,-0.0018806812153169335,-0.04965728775840756,0.01285550548520343,-0.014942331805524236,0.03655489342071353,0.022838089133725127,0.018790472263347843,0.09367319771603004,0.02647937084188286,-0.05793573266068849,-0.01969208639692011,0.02503640232913117,-0.0022956812402709064,0.0062895469956486365,-0.005651216278606723,0.2487115530095275,-0.05052784500860815,-0.010968312182333462,0.0016817668047428896,0.15401805101822422,-0.004450133961766877,-0.002174144238404753,0.01991032635418298,-0.004930009996542096,-0.004162637667208243,-0.07765699223413057,-0.0006854009595613451,-0.006867693918983002,-0.0047747452142341,-0.00137221341967078,0.016304014980018187,-0.005651216278606704,-0.002481474202684444,-0.0009696356842476734,-0.002755806681546014,-0.005324910884747067,-0.003660832520073308,-0.008858951738437827,-0.004980832596595438,-0.0070990935604139304,-0.0062616539172487135,-0.004221538613690465,-0.002841604613472633,-0.004878731159947839,-0.011174552347320127,-0.0020618634616685495,-0.006006141416396618,-0.004450133961766882,-0.00617741284186321,-0.007582768162061827,0.19834821672710118,-0.006049320559056108,-0.005372535479949056,-0.0065498026305739025,-0.0034555438454198758,-0.004279710124597743,-0.002281048418519265,0.10802194125744004,-0.06571168880219455,-0.0019432739968373667,-0.003006195110681859,-0.0022810484185192647,-0.0035252056082745176,-0.0009696356842476733,-0.001534708362504996,-0.0016817668047428916,0.002667374899330342,-0.0006854009595613436,-0.000969635684247673,-0.0006854009595613452,-0.0006854009595613451,-0.0009696356842476731,0.17774918639740855,-0.005031212937271013,-0.004560596574554108,-0.007619075019517848,-0.00257603776424854,-0.026037101401181102,0.35270423042598065,-0.002281048418519263,-0.017334820079736787,-0.004221538613690469,-0.005651216278606719,-0.04951306767948116,-0.0022810484185192673,0.053042426827906046,-0.001817140746726353,-0.0009696356842476753,0.0035252056082744534,-0.0006854009595613434,-0.0006854009595613432,-0.0006854009595613451,-0.0022810484185192656,-0.0015347083625049946,-0.0016817668047428929,-0.0006854009595613451,-0.0009696356842476741,-0.004930009996542105,-0.0006854009595613451,-0.005466739938600007,-0.0110863483058297,-0.0006854009595613453,-0.011027392985252953,-0.007399389449496116,-0.0009696356842476752,-0.0034555438454198745,0.03546374894034499,-0.010611021536400802,-0.003525205608274521,-0.0011879637962715496,-0.0018171407467263575,-0.003455543845419885,-0.0006854009595613451,-0.005419808745550284,-0.010640988927468533,-0.0021741442384047524,-0.010849762198506798,-0.0006854009595613438,-0.008593277194535117,-0.0015347083625049968,-0.0035252056082745093,0.03605670460683362,-0.01033960128523322,-0.004279710124597732,-0.01733482007973677,0.021498233451590167,-0.008115685828958833,0.26606790050738405,-0.01855022290488502,-0.03347970098299554,-0.0036608325200732984,-0.00872672115822903,-0.0006854009595613439,0.009755248629354823,0.029882556462816578,-0.023354965043271503,-0.0033845486021890064,-0.0016817668047428935,-0.0011879637962715498,-0.004102975692480469,-0.02242903278982548,0.027808705736221028,-0.005651216278606713,-0.0009696356842476741,-0.09082560278046448,-0.008322484427420757,-0.0076190750195178555,0.018010341519502395,-0.00879298422936345,-0.01658160767671729,0.11330213911961846,-0.008288247534334287,-0.017953791199750976,-0.003981230636748928,-0.0025760377642485327,-0.004722006332554308,-0.005130699434093797,0.009376899469075823,0.003919071974872476,-0.00292500071388307,-0.0018171407467263588,-0.0009696356842476752,-0.001372213419670781,-0.004878731159947837,-0.011640698006801335,-0.000685400959561344,-0.016859876533275718,0.006906656085580716,-0.003593611636982667,-0.0011879637962715457,-0.0006854009595613442,-0.08555747920617539,0.15802910828402073,-0.021437070970360426,-0.026360097987301198,-0.0015347083625049966,-0.0038560005446603607,-0.004042518814132185,-0.0026673748993304206,-0.000685400959561344,0.007099093560413905,-0.003981230636748928,0.015805664849522883,-0.003085361854253944,-0.013676117199022987,0.019153184260460903,-0.0030061951106818566,-0.006630352749378725,-0.0020618634616685464,-0.015722730689834107,-0.0166928273953155,0.02780870573622111,-0.004826981389391317,-0.002576037764248531,-0.0011879637962715478,0.0057863832212505075,-0.004102975692480477,-0.0020618634616685516,-0.0018171407467263566,0.005081164323863779,-0.003791970610339498,-0.08748510758086193,-0.0009696356842476745,0.0013722134196707866,-0.005130699434093788,0.007975904909222762,-0.002281048418519265,-0.0009696356842476739,0.0015347083625051974,-0.0006854009595613451,-0.0013722134196707816,-0.0009696356842476738,-0.002061863461668547,-0.0015347083625049946,-0.0015347083625049955,-0.007905406612684218,-0.0011879637962715506,0.010217924776423633,-0.0013722134196707785,-0.0023832999075658516,-0.0030853618542539454,-0.05598222010393323,-0.00801099992567186,0.030007854108606465,-0.01067091983021945,-0.0033845486021890116,-0.0076913347631168884,-0.0018171407467263581,-0.0049300099965421005,-0.014921863748069008,-0.028983341816930158,-0.010820041563130883,-0.0031626534358412547,-0.0018171407467263573,1.0,-0.02149823345159019,-0.002667374899330415,-0.000685400959561344,-0.006303442627650208,-0.0009696356842476735,-0.023452358425057687,-0.007655263288873444,-0.0015347083625049944,-0.023452358425057673,0.02485105275311456,-0.003981230636748935,-0.015225556030632203,-0.029799391922127133,-0.00984864241270944,-0.0015347083625049968,-0.01991032635418299,-0.002383299907565853,-0.11845066829383338,0.12128379551779012,-0.0009696356842476733,-0.00503121293727101,0.09356830313400953,-0.008559719094491984,-0.010550975584685327,-0.011986129886989721,-0.011437603779197537,-0.007905406612684223,-0.005559611258532549,-0.006670350116675797,-0.0062616539172487065,-0.005372535479949053,-0.005830869671712116,-0.0013722134196707803,-0.0023832999075658473,-0.00866015480747239,-0.0132859262804964,-0.005419808745550279,-0.002755806681546016,-0.0053249108847470495,-0.0030853618542539406,-0.0050312129372710145,-0.0065901714255907,-0.005559611258532544,-0.0021741442384047554,0.1807505990928495,-0.0015347083625049946,-0.003455543845419879,-0.005276925300178229,-0.029675189676157152,-0.011957466072516333,0.06477647134756098,-0.005962712492266397,-0.0032382043469266287,-0.00284160461347264,-0.006984097494435161,-0.012611871170170182,-0.016137733779981466,-0.014120139929614804,-0.010034112259086153,-0.006092255364600981,-0.004774745214234113,-0.002925000713883076,-0.002281048418519267,1.0,0.04854066340545399,-0.013425492577827748,-0.014369255787343865,-0.009661394471344308
BsmtFullBath_1,0.04742457724110441,0.03363825615545328,0.1198051540978127,0.19706825707884326,0.12396211077427854,0.0944514580547794,-0.3965036917294804,0.2558115549124931,0.20295881243967703,0.012158481893539335,0.10832503097605059,0.18381459909205486,0.15018275240860532,0.06658178749121293,-0.0276562185404974,0.2233647653210228,-0.03506154971020438,-0.019367792032520884,0.13828364038909363,-0.12067824589611184,-0.01273898601410467,-0.05505023046497084,-0.012784066982189247,-0.03432897247462136,-0.07400843843983476,0.02198542259014994,0.05854699092210512,0.00926451268764847,-0.0214982334515902,0.05771121581294716,-0.0073483997569791055,0.03711165840052021,-0.03013295198325411,0.07327678378587707,-0.0035027213971367374,0.007344761108123012,-0.059610168267075506,-0.08121839071192474,0.02772994100113844,0.06250481656240435,-0.01931755846695511,-0.001514759314202557,-0.07294275445075411,-0.08798282895992478,0.04105166566244441,0.07184973028638343,0.04789903707475186,-0.04682994351665855,-0.03460190819264218,0.09710795807304273,0.07490899086280212,-0.15422191520573592,-0.03303202158221123,0.03308894662053132,0.05133349402815031,-0.04529053621839344,0.0961467771053647,0.049960408262501706,0.02535345628516492,-0.028197040355717653,0.018472297036763282,0.03363794692145713,0.028932443711092767,0.025353456285164912,-0.00497599898481788,-0.030413517828002393,0.023577572434733,-0.05275016743868692,0.014418401981056886,-0.02149823345159019,0.045103040044248394,-0.021498233451590205,-0.021498233451590205,0.007344761108123037,0.02436457306353857,-0.08999056025618135,-0.010885265073934993,0.05771269229498831,-0.052139035917489605,0.14694872674603704,-0.02311637030349744,-0.07154718815551775,-0.10988325464498794,0.1252793685190298,0.06650563794237184,-0.10316635252454023,-0.03924697334195681,0.12251047591277774,-0.056996296025791704,-0.03041351782800241,0.004975998984817772,0.03188173396222213,0.03188173396222208,-0.021498233451590198,-0.006946758528395945,-0.024232505002364423,0.012738986014104687,-0.021498233451590205,-0.030413517828002393,-0.04712664746596739,-0.021498233451590198,0.07281758153815564,0.03730511533496506,0.03188173396222218,-0.03748684798993375,0.0186974941818964,0.0073447611081229915,-0.03303202158221124,0.03971689086636631,-0.0560202884877817,-0.004975998984817864,-0.0372615804924289,-0.0367789509826295,-0.02226712169157991,-0.021498233451590198,0.062158877304562606,0.03856570225717325,0.033401162407739604,-0.036272770777839296,0.03188173396222215,0.022674395629970083,-0.02423250500236451,-0.015535531714227842,0.038242414415829706,-0.06679069033172096,-0.011438746672895989,0.07518109215309485,-0.13721681333083707,0.11579212255965414,-0.052139035917489585,0.09906675965553968,-0.11477993821251213,-0.043547724248266716,0.038172068294329425,-0.021498233451590194,-0.009869644700829445,0.018773359806070547,0.09959735026481233,-0.106159489512066,-0.052750167438687025,-0.006421496864908478,-0.07391441035203919,0.07944523103399075,-0.13789206718167338,0.02587876288134134,0.0073447611081230504,0.032045658250931995,0.188804503378464,0.04730244634111113,-0.2575501772039367,0.05735059221204883,0.42836979598492486,-0.043310413525977524,-0.03185947519603778,-0.5182250443291914,0.06304242558184234,0.09116479021115298,0.06774689343905861,0.04626357457194725,-0.15021541386212656,0.0656960512207121,-0.02846671544871737,-0.03677895098262953,-0.030413517828002404,-0.043040739920129925,-0.05221958516970147,-0.08298631456743731,-0.021498233451590184,-0.037958171697381075,0.10905366923932525,-0.06088816552471433,-0.03726158049242889,-0.021498233451590198,0.12149960852010333,-0.07541150987164347,0.08545615537154952,-0.12014344074820298,-0.00032746628381574586,0.004989694701465408,-0.006418512417163208,-0.028267656515493282,-0.021498233451590194,0.018101373804720454,0.04425068582081948,-0.10394254857947943,-0.036702167197881254,0.0848772806940965,0.1670282401322171,0.004287538332915731,-0.061267991415603816,-0.011145331024841502,-0.14827073150710326,0.08023354726539896,-0.16867188870468539,-0.08874740210812372,-0.0091478880788969,-0.03726158049242881,0.09534129139135022,-0.06478454240669416,0.04238158771288417,-0.036778950982629524,0.05484346887169587,-0.059873881597861035,0.13387314042639767,0.04510304004424843,-0.06382912450740359,0.01666461800970227,-0.020339825271669356,-0.02309686593517639,-0.0304135178280024,0.024232505002364433,0.031881733962222165,-0.01632327381324657,-0.03041351782800238,-0.01114533102484147,-0.0003274662838157282,-0.00032746628381571133,-0.010770666319476976,-0.037261580492428975,0.0318675891944616,-0.01632327381324654,-0.05928651146584794,-0.060731388771381865,0.06011451048810369,-0.016683120134443005,-0.21743547163270327,-0.06700413938636672,0.014654101868587325,0.03244057262666221,0.04409042919001976,0.1371722060170121,0.015643957041411815,0.008976437219426887,-0.09409354122627006,-0.017095612834992592,0.0036557391036951127,-0.02149823345159019,1.0,-0.08366467465323821,-0.021498233451590194,-0.1424847077669921,-0.030413517828002393,0.014665905357811057,0.12279141982205344,0.02357757243473296,0.04838593972380179,-0.04000673613161642,-0.02152040334276037,-0.0951552738500584,0.056731781365311644,0.09367084018891234,-0.00032746628381576825,-0.044825926501380696,-0.04381862248440801,0.12847742865838763,-0.12308644567577064,-0.030413517828002397,0.023039565323674734,0.033958207597194735,-0.017901489773943586,0.019500229916340213,-0.010674882623012614,-0.03517841461467165,0.004369102127027929,-0.036925144345752274,0.0067485707625762805,0.0319980735962965,-0.012493352255904845,-0.08416970844579551,-0.043040739920129856,-0.059286511465847895,-0.14517160630342818,-0.02221435308138089,-0.0996469443921205,-0.04619604285555725,0.05463533325990289,0.10747316224312312,-0.08999056025618134,0.10596370521544345,-0.08503516158358869,0.10113129729010072,0.028723281036811703,-0.0003274662838157257,-0.011502221800948585,-0.050154455901396604,0.08543826863270967,-0.04246271652407071,-0.01833701035478939,-0.025781453392812854,-0.03278859451840171,0.1061422736849998,-0.045229011529834155,0.07231560137381458,0.028446320642510667,-0.07186920300365873,-0.013842176468455173,-0.032931473877225975,0.016387581758926933,-0.0031552632226958593,-0.00694675852839597,-0.021498233451590187,-0.08523936564195403,0.029466276393897612,0.0028936699233708153,0.062433598508871625
BsmtFullBath_2,0.09299935641860473,0.3246960891712306,0.0025069839301867813,-0.0020285631577324696,0.0042829847611747275,-0.01036721221281209,-0.11041772937282747,0.16512658765934568,0.13476607006470992,0.0661526179580147,-0.0018230326907502981,0.03642916422121451,0.0836106576328593,0.018469180985561332,0.008870127474830498,0.041236207871620564,-0.021992838267822546,-0.01072477280228408,0.036161569781284486,-0.023627075934820142,-0.09962840685555191,-0.017318586241652938,-0.01731858624165295,0.15624862883700175,-0.021193721061459055,0.018162860073252716,0.15899741790289967,-0.12271591426924386,-0.002667374899330416,0.0009477661090163915,-0.018581875845778157,-0.0053402429353129645,0.018039801053829414,-0.02199283826782257,0.2795622012881731,-0.0037735311711740217,-0.010724772802284064,0.014053498607436453,0.08480274903739016,-0.03447638228667192,-0.019383906107205202,0.053044881127212645,-0.024368478412771146,-0.016428961730544936,-0.011058672612085887,0.056443032812701646,-0.04348800512560102,-0.008024153988668261,-0.023374100418794896,-0.017318586241652972,-0.024040637421536337,-0.004091337340558114,-0.013447939907623878,0.007423197514025555,0.013584486237994802,-0.025489866754114965,-0.013447939907623888,0.06866678478234195,0.14822160607052895,0.09399560368534278,-0.038427180167299735,-0.007562639370979127,-0.011699209446474313,-0.008877156080449124,-0.013719042588601292,-0.003773531171174022,-0.005972624500785988,-0.006544931837226044,0.010380622837370113,-0.002667374899330415,-0.003773531171174022,-0.002667374899330416,-0.002667374899330416,-0.0037735311711740225,0.0321104629013352,0.23696785751727173,-0.01774847358942045,-0.0043349640477742275,-0.010025166110770253,-0.006234173852961848,-0.0075626393709791115,-0.008877156080449115,-0.0379504877248947,0.1564451581007749,-0.02199283826782254,-0.011877765389852279,-0.00887715608044911,-0.016059201562537588,-0.0070717666042815,0.17987165249262854,-0.19171482591763392,-0.0026673748993304145,-0.0026673748993304154,-0.0026673748993304154,0.06967222499503994,0.11029446578118136,0.09962840685555199,-0.002667374899330416,-0.0037735311711740225,0.05551183994219491,-0.0026673748993304154,-0.02127491169945429,-0.043144741459262254,-0.002667374899330416,-0.0049417623984836755,0.12691660175143163,-0.003773531171174022,0.03890937279939175,-0.0609989000113068,-0.0022718883779232393,0.03763942453795739,-0.004623198679960993,-0.007071766604281501,0.09126668550640743,-0.0026673748993304154,-0.021092269576489332,-0.041411536376237144,-0.008461117085036189,-0.0038146310280576605,-0.002667374899330415,0.1040955341417622,-0.005972624500785993,0.03763942453795738,-0.05969061693379279,-0.00047659963226533093,0.026005718492035947,-0.05270620332498689,0.0421169110499295,0.01644990331406925,-0.010025166110770235,-0.028995108209695426,0.0236809117299657,-0.014246861838281498,-0.011320593513522069,-0.0026673748993304145,0.017204886165434034,0.04777531692114293,-0.02252361599792437,-0.01317164772109541,-0.006544931837226027,-0.004623198679960994,-0.01596755041266578,0.008945276493701351,-0.01426196412085118,0.010940027240916847,-0.003773531171174024,0.0038458219187846097,0.20287195568323801,-0.029651154086775725,-0.10446375510129689,-0.034219656533050306,0.1007583712054848,-0.023542140687338172,-0.032255372748047434,-0.06987076881929753,0.03020499747590083,-0.010025166110770213,-0.018376631941098683,0.01602301588768176,-0.006301845047078686,-0.031139198484368632,0.050170511129378516,-0.007071766604281511,-0.003773531171174022,-0.005340242935312961,-0.018986557948437385,0.00958675233650916,-0.0026673748993304154,0.023915230507407192,0.026878633337158016,-0.013985258329028347,-0.004623198679960991,-0.0026673748993304145,0.031176408235481224,-0.01687901000198288,-0.02799870460157049,0.019679685141810607,-0.005972624500785988,-0.015006397235297356,-0.01573227038052037,-0.010380622837370233,-0.002667374899330416,0.027627542253756566,-0.015493755181938764,0.015456586522596658,-0.012007302660701847,-0.003570895351722572,0.01752410110642098,-0.011699209446474302,-0.025803343649705494,0.07875558544433679,-0.015020347066557955,-0.03499612214711552,-0.0006525081623918922,0.019306973461036266,-0.010025166110770242,-0.004623198679960988,-0.0097140212553362,-0.015967550412665794,-0.008024153988668261,-0.007071766604281509,0.01977436708802047,-0.014757211941301609,-0.01897122816963,-0.0037735311711740225,0.005340242935313009,-0.019967142875418925,-0.017689364891600924,-0.00887715608044911,-0.0037735311711740247,0.005972624500786132,-0.0026673748993304154,-0.005340242935312964,0.1798716524926282,-0.008024153988668273,-0.005972624500786009,-0.005972624500785985,-0.006220341078910225,0.14537391404766228,-0.020397640752633443,-0.005340242935312952,0.21641872462314463,0.04642823695471383,-0.07625916360050874,0.017375651523241484,-0.020332295022946277,-0.04152801846981833,-0.013171647721095435,-0.0048167027886325325,0.09125946427429951,0.05551183994219494,-0.026494408047242707,-0.05817426267384411,0.01561765298426127,-0.012308098307074307,-0.007071766604281494,-0.002667374899330415,-0.08366467465323821,1.0,-0.002667374899330417,-0.024531107536126442,-0.0037735311711740217,-0.05026845586394449,0.09628425098790212,0.11029446578118132,-0.05026845586394438,-0.01211239825552226,-0.015493755181938807,-0.043623700359646196,0.02101726990912526,-0.017716976661110374,0.11029446578118117,-0.00700020399524277,0.21641872462314457,-0.20311135352066714,0.20853722029335361,-0.0037735311711740234,-0.019579971277910238,-0.028507248822394256,-0.010316438482915904,-0.001878618432448892,0.0251362139135206,-0.025996874892715457,0.0183247885838167,0.011791232372275147,-0.025959001403140478,0.03567874265498566,-0.0209082962097832,-0.02269199537384063,0.12460566849063591,-0.009275088198134773,-0.033702724274782866,-0.03487338640375414,0.013124078847593309,-0.010724772802284085,-0.020722955573677482,-0.012007302660701855,0.23696785751727173,0.003046191838225145,-0.021636339013203935,-0.008461117085036197,0.03312174235714366,-0.005972624500786,0.038909372799391835,0.014531470287172828,-0.005954868350269753,0.00738648737346338,-0.02162689542012236,0.008164753211822955,-0.01260211978609242,-0.011058672612085893,0.02736681627294407,-0.014337781964178462,-0.001978874205259835,-0.038694211790626064,0.04225169511001097,0.007060081842809948,-0.018581875845778105,-0.011383225214228758,0.06967222499504008,-0.0026673748993304154,-0.03869421179062609,0.04812314792104828,0.008492907489862618,0.004225439372406422
BsmtFullBath_3,-0.009684441033505619,0.0007429947326619994,-0.02081719552126631,0.013641485480652716,0.00397585787376854,-0.014942331805524237,-0.0336199276589486,0.008510950200701209,0.0025318289705272973,-0.015722225419362048,0.026479370841881615,-0.0579357326606885,0.005381523759844965,-0.018443486658914033,-0.0022956812402709073,-0.0006333443003648936,-0.005651216278606725,-0.002755806681546019,0.013564816774682832,-0.010968312182333463,0.0016817668047428747,-0.00445013396176688,-0.004450133961766879,-0.002174144238404753,0.019910326354182998,-0.004930009996542097,-0.0041626376672082455,0.008826004456815825,-0.0006854009595613451,-0.006867693918983003,-0.004774745214234102,-0.0013722134196707805,0.016304014980018197,-0.005651216278606707,-0.0024814742026844448,-0.0009696356842476735,-0.002755806681546015,-0.00532491088474707,-0.0036608325200733092,-0.008858951738437827,-0.004980832596595439,0.09654767242162943,-0.006261653917248718,-0.004221538613690467,-0.0028416046134726353,-0.004878731159947838,-0.011174552347320134,-0.0020618634616685503,-0.006006141416396619,-0.004450133961766882,-0.006177412841863211,-0.007582768162061827,-0.003455543845419886,-0.006049320559056111,-0.005372535479949056,-0.006549802630573905,-0.0034555438454198758,-0.004279710124597744,-0.002281048418519266,-0.006345016128972189,0.010430426793999146,-0.0019432739968373667,-0.0030061951106818605,-0.002281048418519267,-0.003525205608274519,-0.0009696356842476738,-0.0015347083625049968,-0.0016817668047428927,0.0026673748993304588,-0.000685400959561344,-0.0009696356842476731,-0.0006854009595613452,-0.0006854009595613451,-0.0009696356842476735,-0.003856000544660362,0.13622976568610748,-0.004560596574554111,-0.0076190750195178495,-0.0025760377642485414,0.02632401160945858,-0.0019432739968373658,-0.002281048418519264,-0.017334820079736787,-0.004221538613690469,-0.005651216278606718,0.013842829614158147,-0.0022810484185192687,-0.01292174963609976,-0.0018171407467263547,-0.0009696356842476753,0.003525205608274457,-0.0006854009595613439,-0.0006854009595613436,-0.0006854009595613452,-0.0022810484185192665,-0.001534708362504995,-0.001681766804742894,-0.0006854009595613451,-0.0009696356842476742,-0.004930009996542107,-0.0006854009595613451,-0.00546673993860001,-0.011086348305829698,-0.0006854009595613452,-0.011027392985252953,0.09262939384924745,-0.0009696356842476752,-0.0034555438454198758,-0.019326804978071623,-0.010611021536400804,-0.0035252056082745197,-0.00118796379627155,-0.0018171407467263581,-0.003455543845419886,-0.0006854009595613451,-0.005419808745550287,-0.010640988927468537,-0.002174144238404753,-0.0108497621985068,-0.000685400959561344,0.07976013621406533,-0.0015347083625049972,-0.00352520560827451,-0.01900897397682444,-0.010339601285233223,-0.004279710124597735,-0.017334820079736777,0.021498233451590156,-0.008115685828958838,-0.002576037764248535,-0.01855022290488503,0.020472135038167246,-0.0036608325200732997,-0.008726721158229034,-0.0006854009595613443,0.009755248629354845,0.029882556462816623,-0.023354965043271506,-0.0033845486021890077,-0.0016817668047428935,-0.0011879637962715504,-0.00410297569248047,0.03055864985280431,-0.024646992422542095,0.1212837955177901,-0.0009696356842476748,-0.0908256027804645,0.08235533097582012,-0.00761907501951786,-0.03805596683545178,-0.008792984229363452,0.04133501243813258,-0.0060493205590561065,-0.008288247534334289,-0.017953791199750976,-0.003981230636748933,-0.0025760377642485345,-0.004722006332554307,-0.005130699434093798,0.009376899469075866,0.003919071974872574,-0.0029250007138830704,-0.00181714074672636,-0.0009696356842476752,-0.0013722134196707814,-0.004878731159947838,-0.011640698006801337,-0.0006854009595613445,0.04065278640733774,0.006906656085580745,-0.003593611636982668,-0.001187963796271546,-0.0006854009595613446,0.008010999925671879,-0.004337181719265883,-0.021437070970360433,0.026001457198358356,-0.0015347083625049972,-0.0038560005446603616,-0.004042518814132186,-0.002667374899330422,-0.0006854009595613441,0.007099093560413911,-0.003981230636748931,0.015805664849522918,-0.003085361854253945,-0.013676117199022992,0.019153184260460903,-0.0030061951106818566,-0.006630352749378727,-0.002061863461668547,-0.015722730689834114,-0.01669282739531549,0.027808705736221104,-0.004826981389391318,-0.0025760377642485314,-0.0011879637962715483,0.005786383221250549,-0.004102975692480478,-0.0020618634616685516,-0.0018171407467263575,0.005081164323863768,-0.0037919706103394994,0.007834487246047333,-0.0009696356842476745,0.001372213419670536,-0.00513069943409379,0.007975904909222759,-0.0022810484185192656,-0.0009696356842476738,0.0015347083625050321,-0.0006854009595613452,-0.001372213419670782,-0.0009696356842476742,-0.0020618634616685477,-0.0015347083625049955,-0.0015347083625049957,-0.007905406612684223,-0.0011879637962715504,0.010217924776423679,-0.0013722134196707792,0.28758485551294566,-0.0030853618542539467,-0.05598222010393325,-0.008010999925671858,-0.022840718869156514,-0.010670919830219451,-0.0033845486021890137,-0.007691334763116893,-0.0018171407467263588,-0.004930009996542104,-0.014921863748069012,0.02364809979092808,-0.01082004156313089,-0.003162653435841256,-0.0018171407467263573,-0.000685400959561344,-0.021498233451590194,-0.002667374899330417,1.0,-0.00630344262765021,-0.0009696356842476738,-0.023452358425057693,-0.007655263288873445,-0.0015347083625049944,-0.023452358425057673,-0.027580359124843926,0.17215806420123425,-0.015225556030632206,-0.029799391922127137,-0.009848642412709446,-0.001534708362504997,-0.019910326354182994,-0.0023832999075658525,0.005786383221250519,-0.005651216278606709,-0.0009696356842476731,-0.00503121293727101,0.09356830313400955,-0.008559719094491984,-0.010550975584685322,-0.011986129886989723,-0.011437603779197537,-0.007905406612684227,-0.005559611258532551,-0.006670350116675797,-0.0062616539172487065,-0.005372535479949055,-0.005830869671712119,-0.0013722134196707805,-0.0023832999075658473,-0.008660154807472394,-0.013285926280496406,-0.005419808745550281,-0.0027558066815460175,-0.0053249108847470495,-0.003085361854253941,0.13622976568610748,-0.006590171425590695,-0.005559611258532546,-0.0021741442384047554,-0.003791970610339499,-0.0015347083625049953,-0.003455543845419879,-0.00527692530017823,0.023096767604219727,-0.01195746607251633,-0.01058101723207172,-0.005962712492266399,-0.003238204346926629,-0.0028416046134726405,-0.006984097494435164,0.054345699406006136,-0.01613773377998147,-0.01412013992961481,-0.010034112259086153,-0.00609225536460098,-0.004774745214234113,-0.002925000713883077,-0.002281048418519267,-0.000685400959561344,-0.01412013992961483,-0.013425492577827753,0.04769912719940781,-0.009661394471344311
BsmtHalfBath_1,0.0008928649106292971,0.05503947812967648,-0.045596108122791766,-0.04769019487221948,-0.016516514700130897,0.024881339910133433,-0.10215697100411347,-0.0015396760225703185,0.0011671068884904713,-0.012404660217939286,-0.09416328297349365,-0.017340025198180748,0.0454089283575911,-0.019531131689237997,-0.006669929941201926,-0.01462261209008101,-0.051972669561826265,-0.025344390123319807,0.0658076152712579,-0.04176030059961784,0.01546674310693696,-0.0409266484413853,0.08659479883634591,0.01649587654623076,-0.03550960148043228,0.037405446629572785,0.039346030958215615,-0.008307700164942007,0.1087343853269662,0.03493972781561606,0.04134268852048858,-0.012619866434564432,-0.017732289642079683,0.035581289161558005,0.07329190135459543,-0.008917470598945858,0.0035640548610918125,-0.033562521379461425,0.07605284335715641,-0.051735560347283244,0.03615186864872664,-0.005712734611671814,-0.03098018418429788,-0.03882432039318784,-0.02613344991952528,0.005265162119664755,0.08895250417781685,0.01948911965927441,0.11047363533322135,-0.022709298830280878,-0.056811953489115996,-0.02468552806927159,-0.00858051328894561,0.026689247454869,-0.003559174710367642,-0.060236719147108146,-0.031779678847946725,-0.0015536568810589904,0.013826521125966098,-0.018910809315733287,-0.00035972153941816884,-0.01787175226119967,-0.0010913345959280049,-0.020978169984224495,-0.032420338770244216,-0.008917470598945855,-0.014114287379195602,-0.015466743106937096,0.02453110753612646,-0.006303442627650207,-0.008917470598945857,-0.006303442627650211,-0.006303442627650211,-0.008917470598945857,-0.014585411074110249,-0.013792219151071306,-0.02414134711951125,-0.013983371495240546,0.007191942657286854,-0.02275821525042034,-0.017871752261199702,0.013826521125966171,-0.028660410778018144,-0.019674486685737017,0.1231352478849422,-0.018357989547181534,0.013826521125966152,0.010076277703753625,0.026858153129231326,-0.008917470598945862,-0.035849413063250686,-0.0063034426276502055,-0.0063034426276502055,-0.00630344262765021,0.04863121223615681,-0.014114287379195593,0.03157793384332984,-0.006303442627650211,-0.008917470598945855,0.004307293854314442,-0.00630344262765021,-0.005151238914014384,0.04891231840280022,-0.006303442627650211,-0.034112612978653145,0.04694199031427281,-0.008917470598945858,0.014618652270055443,-0.05176988384622273,0.03209462985846851,-0.00966375482574587,0.12200000657696644,0.0268581531292313,0.03781781782905665,-0.00630344262765021,-0.0043613918799432485,0.0574408714405319,0.016495876546230755,-0.04021597907079557,-0.006303442627650208,0.02254024312704801,-0.014114287379195612,0.013092829118752447,-0.04821431891250822,0.01942837809354684,-0.03935930765349501,0.036721151309335724,-0.029337559298336365,-0.032070892240248144,-0.023691105224003844,-0.08128031238271556,0.08283828392081137,-0.03366766188142887,0.09028938981432678,-0.006303442627650204,-0.07585565040980247,0.12302092278571188,-0.09361752287428078,-0.031126755276278065,-0.015466743106937018,-0.010925373723310419,0.0016171684317086968,-0.05398827561632254,0.06881100837790553,0.06476594206935278,-0.00891747059894586,-0.054994575561569156,0.05897546168420329,0.008451488266354258,-0.04705972872821468,0.048765861385016325,-0.006019596682000543,0.05413030469719925,0.007450536054506877,-0.11994778764049503,0.0038833321486200145,0.007191942657286875,0.05994811821077106,0.11228430047569962,-0.13182273532846714,-0.005068493235228387,0.027647654646442404,-0.01671173972485502,-0.008917470598945862,-0.01261986643456444,0.02197632884729634,0.071296812312951,-0.006303442627650207,0.003622794645169308,0.03911408615654192,-0.010710469924808192,-0.010925373723310417,-0.006303442627650206,0.019892235316614115,-0.0025569139729597315,-0.025232610822206222,0.03446744314766054,-0.014114287379195624,0.027168902981185662,0.0626010647584668,-0.024531107536126466,-0.00630344262765021,-0.030032661958503258,0.06462974218774743,-0.07230744033132977,0.023409554595865564,0.03556270958949248,-0.0006921278045615462,0.025464473904986625,0.002252010543721217,-0.018962386695510234,-0.008220018361062773,-0.027375184339897225,0.04468998263198901,-0.02751404563794297,-0.023691105224003813,-0.010925373723310431,0.03893359092049821,-0.018058380820747254,-0.01896238669551023,-0.016711739724855054,0.030639048613620073,0.028770804599878835,0.028220212911259077,-0.008917470598945858,-0.04495827417313554,-0.015291636251554386,-0.023809883111245395,0.08343590334634736,-0.008917470598945858,0.01411428737919557,-0.00630344262765021,0.04495827417313582,-0.008917470598945853,-0.018962386695510244,-0.01411428737919568,0.037402861554868404,-0.061828054863315,-0.010925373723310417,0.04065602959389707,-0.012619866434564414,-0.021918548584233293,0.049301940739777464,0.010636569909794825,-0.06291840355699417,-0.015646289560891573,-0.03786314280543138,0.06355045868906783,0.04055071037122366,0.02685815312923123,-0.02879085892094389,-0.04628713273234504,0.03597122636247834,0.0028030682499402067,-0.0038088870995615686,0.07042804598331755,-0.006303442627650208,-0.1424847077669921,-0.024531107536126442,-0.00630344262765021,1.0,-0.008917470598945855,0.026545826374735668,0.01897829013745364,-0.014114287379195593,0.04471312629994542,-0.048715124114449754,0.0038833321486199915,0.04003431035094661,0.023364668048329127,-0.06317747686879809,0.03740286155486843,-0.05818440724504584,0.07808482933133097,0.010369247833097534,-0.008195690200134154,-0.008917470598945855,0.0024470066235771607,-0.009374221385903301,-0.03796491299216412,-0.010226664458831284,-0.01481393626076877,0.009664752712442437,0.003426615088810252,0.022927432560249462,0.014130111232421682,-0.004373673061312632,0.04229137008789798,-0.05362489201717182,-0.012619866434564439,0.011415910720954811,0.01120008418807677,-0.01777636680970522,-0.019522420795936354,0.0035640548610918494,0.12052955790988965,-0.0024828315480463488,-0.01379221915107131,-0.009753008237948608,-0.02150714912731366,-0.019995001874219077,-0.013658866830245565,-0.014114287379195692,0.014618652270055498,0.013622573807444568,-0.13338238786596598,0.057275781658595724,0.03263468005947684,0.07026043654676076,0.11844663300978076,0.0019215771999651064,-0.04006148372739746,0.022564915432146927,0.046979390810751524,-0.00019735412270748098,-0.05625683517541945,-0.001494100900717908,-0.009810129479437966,0.00037361695468166386,0.013826521125966168,-0.006303442627650209,0.03581977327140445,0.024775337335759224,-0.003714276896956893,-0.06105481886949437
BsmtHalfBath_2,-0.04021631956431619,-0.014312552627025178,0.010734132019308198,0.023592018277106292,0.011008364523258478,0.01186592437003598,0.005178427387309246,0.003721864540803027,0.0027192341409131037,-0.022876765695612804,0.03820881401545008,-0.025816410127809636,-0.010122565485938496,-0.02161844989737275,-0.0032476967228777308,-0.009360402630247957,-0.00799476698521895,-0.00389863547758285,0.019190125446325226,-0.015516854389532169,0.0023791929143279532,-0.0062955976772679735,-0.006295597677267973,-0.0030757585131014832,-0.010266516035504467,-0.006974477566247304,-0.005888877111146437,0.012486134942289367,-0.0009696356842476741,0.0657361212494193,-0.006754824717308874,-0.0019412682161517036,-0.018203468897253477,-0.00799476698521892,-0.003510537741299341,-0.0013717421124828553,-0.003898635477582846,-0.007533143245953528,-0.005178974140609906,-0.0125327454109706,-0.0070463762204445515,0.06327138353044134,-0.00885835217455685,-0.005972204189622773,-0.00402001368003524,-0.006901933474916696,-0.015808622034013134,-0.002916915070792697,-0.008496879032243013,-0.0062955976772679735,-0.008739176454660776,-0.01072733046656061,-0.004888552568041251,-0.008557964499010756,-0.007600517687601894,-0.00926599571650486,-0.004888552568041239,-0.006054499336712149,-0.003226995692431686,-0.008976284567380782,0.014755908757214747,-0.0027491467371303963,-0.0042528596035137705,-0.0032269956924316874,-0.004987102956903679,-0.0013717421124828555,-0.0021711495620761107,-0.0023791929143279064,0.0037735311711739,-0.0009696356842476735,-0.0013717421124828555,-0.0009696356842476739,-0.0009696356842476741,-0.0013717421124828555,-0.005455078045081894,0.09280319548162005,-0.006451868965832088,0.0582427660768342,-0.003644316666529885,0.00020294571538011108,-0.0027491467371303932,-0.003226995692431683,-0.024523543328686434,0.11185777036239423,-0.007994766985218936,-0.02523131548858846,-0.0032269956924316887,-0.0182803793535619,-0.0025707062220251217,-0.001371742112482856,-0.13503540314077667,-0.0009696356842476734,-0.0009696356842476733,-0.0009696356842476741,0.21092817298712546,-0.002171149562076109,-0.0023791929143279085,-0.0009696356842476741,-0.0013717421124828557,-0.006974477566247311,-0.0009696356842476739,-0.007733788590493037,-0.015683839912058222,-0.0009696356842476741,-0.015600435910633927,-0.0104679048836888,-0.0013717421124828555,-0.004888552568041238,0.011414454913033209,-0.01501139586177357,0.13503540314077664,-0.0016806105570620106,-0.002570706222025128,-0.004888552568041251,-0.0009696356842476739,-0.007667395103803948,-0.01505379068386672,-0.0030757585131014815,-0.015349141909586297,-0.0009696356842476738,0.050339823047026236,-0.0021711495620761116,-0.00498710295690367,0.012058699162661073,-0.01462741804953358,-0.006054499336712134,0.0559357224238578,-0.04510304004424846,-0.011481248270994494,-0.0036443166665298754,0.01301393275559819,-0.009200891776823837,-0.005178974140609897,-0.01234567901234565,-0.0009696356842476734,0.013800735245227074,0.004913294726346648,0.004238546139221632,-0.004788115706539688,-0.002379192914327908,-0.0016806105570620115,-0.0058044734071805775,0.005750478383177289,-0.034868062305564766,0.08179261607954748,-0.0013717421124828568,-0.05890752191568149,0.05236707712351516,-0.01077869372201155,-0.0538377178021698,-0.012439421277254201,0.017509301838923255,-0.008557964499010754,-0.011725371050416565,0.014304046715043268,-0.005632240863920688,-0.0036443166665298746,-0.006680215102439393,-0.0072583926051557135,0.013265485269582903,0.005544305100482187,-0.004137994015132545,-0.002570706222025129,-0.001371742112482856,-0.0019412682161517045,-0.006901933474916703,-0.016468077582163235,-0.0009696356842476741,0.016829896518341905,0.009770835750932459,-0.005083876860598741,-0.001680610557062007,-0.0009696356842476735,0.011333149284483415,-0.006135804313373565,0.0074523664774920175,-0.00025368428650016745,-0.0021711495620761133,-0.005455078045081891,-0.005718945154284298,-0.0037735311711740286,-0.0009696356842476738,0.010043076750863727,-0.005632240863920684,0.02236024977432917,-0.004364856673991038,-0.01934758198560586,0.02709598034090815,-0.0042528596035137645,-0.00937994984579808,-0.002916915070792693,-0.02224292294606093,-0.023615317264574658,0.0022364354831557382,-0.006828723154033362,-0.0036443166665298707,-0.0016806105570620097,0.008185987451268409,-0.005804473407180589,-0.0029169150707927002,-0.002570706222025127,0.007188315360832988,-0.0053644949953918575,0.011083437067862554,-0.001371742112482856,0.0019412682161516004,-0.007258392605155702,0.011283500418642766,-0.003226995692431685,-0.0013717421124828564,0.0021711495620761597,-0.0009696356842476741,-0.0019412682161517054,-0.0013717421124828555,-0.0029169150707926937,-0.0021711495620761094,-0.0021711495620761107,0.05573549249846582,-0.001680610557062011,-0.04022013829788049,0.3523401812315333,-0.0033716507168578035,-0.0043648566739910395,-0.07919796075412824,0.054852442536899776,-0.032312729885259406,-0.015096133885994132,-0.004788115706539692,-0.010880919470240813,-0.0025707062220251264,-0.006974477566247311,0.021935466004724565,-0.041002689130212704,0.037153843761155964,-0.004474200955689974,-0.0025707062220251264,-0.0009696356842476735,-0.030413517828002393,-0.0037735311711740217,-0.0009696356842476738,-0.008917470598945855,1.0,0.004083448052319617,-0.010829889211059016,-0.00217114956207611,-0.03317801542509688,-0.0019305727650038558,-0.0056322408639206895,-0.02153957071968765,-0.04215715396002483,0.04226044059986277,-0.002171149562076112,-0.028167108097409695,0.20173710122532512,-0.07969299548146566,-0.007994766985218928,-0.0013717421124828555,0.09280319548161993,-0.010362864899440887,-0.012109421449406027,-0.014926448946153241,-0.016956759532246568,-0.01618076049046352,-0.011183766586863216,-0.007865173504087861,0.06796425092543638,-0.008858352174556841,-0.00760051768760189,-0.0082489223643749,-0.0019412682161517043,-0.0033716507168577953,-0.012251507698221588,-0.018795579492765918,-0.007667395103803945,-0.003898635477582849,-0.007533143245953506,-0.004364856673991033,0.09280319548162007,0.0689052501722556,-0.007865173504087851,-0.0030757585131014863,-0.005364494995391858,-0.0021711495620761094,-0.004888552568041243,-0.007465258113202614,0.03267496163728774,-0.01691620887795825,-0.014968948818546298,-0.00843544020001246,-0.004581082713504678,-0.004020013680035249,0.06447719723290514,-0.017841994763996193,-0.022830027179964334,0.02434733083392421,-0.014195243193683005,-0.008618704302437916,-0.006754824717308888,-0.004137994015132553,-0.003226995692431685,-0.0009696356842476735,0.024347330833924246,-0.018993023719131474,-0.020328164081369372,-0.01366795991211357
Fireplaces_1,0.13205057276961293,0.023981875264459863,0.37426142009411184,0.25460887336823473,0.1991460481696859,0.20469128606392356,0.14671210075366106,0.20357764040714327,0.24106080872484556,0.31321415426255755,0.14981823789817264,0.26913685446977464,0.19331294554065714,0.13693180666130486,-0.02358627046753326,0.3488089556471263,-0.026316302798799804,-0.09429541226080164,0.18073663682427854,-0.15102156988434406,0.057544999524711586,-0.052166111305835046,0.014569943464389787,0.042575499416967304,-0.16250601673053813,0.051074174054797666,-0.02690399890026701,0.0015279263204090994,0.029225246652764228,0.0626132052321315,0.016204044636729836,0.005778832510964218,-0.0195213944541432,0.007093959884893902,-0.0702379853742041,0.041344911529736156,-0.08105778707803522,-0.048136238143541135,-0.024777232057604157,-0.053474653824900666,0.032235006971042986,-0.11741877326313432,0.17561813186951322,-0.09183431387385647,-0.020150167859157898,-0.07510787170167436,-0.11134833168714792,0.05270202325171341,0.12963070067890753,0.13970004615856124,0.1709139707390765,-0.12536716123601582,-0.043875509177080864,-0.024787105809283453,0.012127638971844303,0.010023011506407751,0.10485009738668902,0.052646824567111006,0.03351264085881929,-0.06659608460623463,0.020205907298613778,0.0641913083681819,0.07954179601886556,-0.04617539766540895,0.014845775799086521,-0.03317801542509692,0.01825840166668278,-0.05754499952471147,0.0366014268953487,0.02922524665276416,0.041344911529736156,0.02922524665276421,-0.023452358425057697,-0.0331780154250969,-0.06502091839187954,-0.1647167742318506,-0.06638401474430272,0.07831609357506523,-0.03157695498437404,-0.06951335600011474,-0.010485432841017734,0.01757503315397361,0.13737185520099712,-0.10937232541811163,0.040504222568587586,-0.09331569809526627,-0.014300182255717674,0.09261465097654849,0.017628229478694427,0.04134491152973618,-0.014845775799086565,-0.02345235842505768,-0.02345235842505766,-0.023452358425057704,0.017575033153973654,0.06543940420359748,-0.014460025521594196,-0.023452358425057697,-0.03317801542509692,-0.0019723766403275957,-0.0234523584250577,0.04024167679464579,-0.010883393800329128,0.029225246652764204,-0.11921334001539813,0.05222388189234864,0.04134491152973618,-0.0013824787302894402,0.10879185199676404,-0.06220307397825281,0.02526636842729147,-0.010214250135257391,0.037579558966209084,0.01986403649310628,-0.0234523584250577,0.036709500024269426,-0.0045732696451289715,-0.02426345665698136,-0.11406946961597238,0.029225246652764176,0.0268869402179813,-0.0053320996017746395,-0.01641600208552834,0.11193906355278262,-0.06738726404928103,0.018023237239191126,0.15234147071028578,-0.19731609150692803,0.09265378743184272,-0.05986060791516289,0.24756980814398774,-0.27366180724160416,-0.06497140850660645,-0.05053266964745513,-0.023452358425057673,0.07264446409201984,-0.14530839225036046,0.2134894782586047,-0.05077782250208244,-0.0360025125231528,-0.04064854645663654,-0.08633304767718658,0.18092580263501964,-0.24965611342120161,0.05386832764206513,-0.033178015425096935,-0.005887825672115757,0.039822079892081176,0.011539837687610697,-0.059614559081170415,-0.07255895542777269,0.1033674995369648,-0.04991847697702918,-0.08722839221056188,0.02094633753053446,-0.015686599515693407,0.024990350877204037,-0.019561662522862247,-0.007602472536075775,0.02563225977566797,0.058797188193503554,-0.03763869922257125,-0.022274429496334795,0.004083448052319629,-0.0469530141515842,-0.04449866229917756,-0.030791764835736198,-0.023452358425057683,-0.14092642965059732,0.16368615008249243,-0.08204511536785909,-0.040648546456636486,-0.023452358425057687,0.15589821455554448,-0.08857484434034012,0.18587184127571943,-0.22113438745398284,-0.05251310213868926,-0.007661074976686727,-0.010389859602419485,-0.022934397926753076,0.02922524665276417,0.030120792886723768,0.12339701562345076,-0.4746008948869501,0.13155870289605442,0.4018046693400018,0.16660932142744253,-0.04206136857542104,0.1726914536266101,-0.05294322244279672,-0.24759479012076815,0.11894169104838742,-0.33525789897759234,-0.05696067360357694,0.08155765673878196,-0.040648546456636486,0.021411871820083316,-0.059303830463028076,-0.0001205995955416819,-0.022274429496334826,0.05596897776272967,-0.003459995307384492,0.11753951546664933,0.00408344805231962,-0.005778832510964419,-0.036811972279945836,0.01090291464802428,-0.030237789960563283,0.0040834480523196425,0.005332099601774325,-0.0234523584250577,0.00577883251096422,-0.03317801542509692,-0.017728140544626618,0.018258401666682786,0.0418489029351401,0.12293558791461849,-0.04064854645663655,-0.06947941110639501,-0.04695301415158427,-0.06628498558418598,-0.01071959801375256,-0.001279160679945441,0.11500909184588842,0.1170548418835578,-0.0812353044129275,0.057607588101777935,0.07825422442581685,0.017628229478694402,-0.009550455311059677,-0.1389781610084773,0.09158159136217639,0.07484808309008724,-0.05034246690057087,-0.06217708847136395,-0.023452358425057687,0.014665905357811057,-0.05026845586394449,-0.023452358425057693,0.026545826374735668,0.004083448052319617,1.0,-0.26194007461522645,-0.05251310213868925,-0.28113960113960146,0.27347373100204275,0.030674605530687946,-0.19116451303982523,0.09492069791033655,0.2275726957818443,-0.005332099601774617,0.20540995604818485,-0.020491888287855635,0.15875245550287678,-0.1532753009968356,-0.0331780154250969,-0.01599290881533735,-0.0010185833639662484,-0.031605680805859196,-0.015192355271098324,-0.02416632955571026,0.006844303904458038,0.013371462392488995,0.026804526979084854,0.007930181713775034,0.05378279210734212,0.005129080513783934,-0.10858766171347609,0.005778832510964239,-0.03575625405329912,-0.05597239395871816,0.25231890248974476,-0.053542612729698714,-0.0016320359814369534,0.050649375074730094,-0.05814569831702145,-0.1647167742318506,0.13545700350360665,-0.0681494646071361,-0.07439267371244283,-0.06174760856255484,-0.028922600870231904,-0.08636853962387243,-0.05248681892009315,0.15414073898958788,0.006594334932218522,-0.10419992037331255,-0.07672775633245697,-0.0203007143409818,-0.032996999769363405,-0.15596848610724812,-0.16013463987742474,-0.06470683209129557,0.1336820602448348,0.1309228786166969,0.12242402159909743,0.04743560261643347,0.012318119745568788,-0.014300182255717652,-0.023452358425057687,0.03142669356102161,-0.031710235962343944,0.004968199286157823,-0.06326866243239707
Fireplaces_2,0.07978655079909444,0.2788376047175903,0.10589610474443938,-0.0640706821254419,-0.061177037837079264,0.09701678811345711,-0.07000094234122933,0.15696832758400767,0.21070692441268557,0.2156484023034069,-0.13979303614771973,0.054251668304342394,0.039752190893579335,0.0540551536158794,0.025115135427853326,0.2196950856623183,-0.06311859928353382,-0.006356674102143326,0.09548257065634631,-0.06543068544466224,-0.0607067484857998,-0.04970367588905297,0.04264079935762862,0.006545873833470569,-0.08369258183015986,0.042805828019176116,0.10107091608244904,-0.08620892009348242,-0.007655263288873451,0.047612740717180614,-0.053329268426533516,-0.015326291668497485,-0.05588747367339596,0.060163213363903345,0.21588550745056492,-0.010829889211059015,-0.030779685126167754,-0.020419138570327115,0.14450460096227533,-0.08219678870575431,0.19364163338995896,-0.049090841545277486,-0.036219227269342374,-0.03097194203534381,-0.03173796472787623,0.0019823587487597443,0.04420767441997884,-0.02302901308291515,0.026249778974145772,0.027250053483181786,0.010635701411909719,-0.027600715003386282,0.039803263391225245,-0.044381734446462845,-0.008357505531353086,-0.07315493643208354,-0.0385950698987427,0.07995869880946363,0.06273609077244482,0.029100250977898534,-0.024008664840825807,0.012739588372976418,0.01129453838834506,0.003927299422352072,-0.02014745149217117,-0.01082988921105902,-0.017141202419866265,-0.018783702446278885,0.004576740181487679,-0.007655263288873444,-0.010829889211059018,-0.007655263288873449,-0.007655263288873451,-0.010829889211059023,0.009845790375770446,-0.015035120775440537,-0.0509374360299847,-0.0661438036981527,-0.002680606290436185,-0.03653836295344527,0.047183660640653255,0.033331695097398396,0.010763640441660092,0.017563695215033974,-0.0014776929598151857,-0.07921257000865034,0.0039272994223520765,0.0670934861223196,-0.0202956979488812,-0.010829889211059027,-0.09520658450222072,0.08953329672638956,0.08953329672638953,-0.007655263288873449,0.03333169509739847,-0.017141202419866258,0.10045197395183907,-0.007655263288873451,-0.010829889211059016,0.14067508134266143,-0.0076552632888734476,0.0024806244668557176,-0.031768333121772234,-0.007655263288873452,-0.023659416188448378,0.10194090373285732,-0.010829889211059027,0.020203680068733135,-0.10411292484242855,0.042173061949560504,0.018303893839292783,-0.013268402256000029,-0.020295697948881183,0.07900243003620906,-0.0076552632888734476,0.003509217495882097,-0.00951095680838702,0.03737482801691257,-0.0205333629941531,-0.007655263288873445,0.10138580638804352,0.02638254633318551,0.03752956650502474,-0.10000192735918492,0.03336297731575297,0.00010938262491029921,0.02181103238881205,-0.06057899427889598,0.06219481984871117,-0.0287718408506816,-0.05626416282041228,0.029537299841153417,-0.022348690482742083,0.04661561008238451,-0.007655263288873442,-0.03092516719533884,0.08239448282593714,-0.07146661960466737,-0.017805347299248535,0.020961523019760456,-0.013268402256000034,-0.012580872508180303,-0.04980601742762805,0.030393138872974297,-0.013805874224558916,-0.010829889211059018,0.017406746991164155,0.1712502321738633,0.05705633312137022,-0.11466772241632071,0.0871302800108531,0.02854868740257332,0.013576523417433185,0.04881272212007644,-0.14056078521686302,-0.010252482441423832,-0.0026806062904361876,0.02003929204231509,0.06394898150678545,-0.0634749130184155,-0.008326239227763257,0.03645717683567267,-0.020295697948881176,-0.010829889211059027,-0.015326291668497471,0.0019823587487597604,-0.047826301095810035,-0.007655263288873439,0.029535580079904634,0.06683168756522999,-0.002391424579990761,-0.013268402256000034,-0.007655263288873444,0.01677463456395323,-0.001134096197354958,-0.03194074966758918,-0.01471648113714773,0.026382546333185482,0.045121505587120005,0.02228681588893426,0.02063850761085978,-0.007655263288873445,-0.06163934317623319,0.023961516105956267,-0.17401482945103222,-0.034460496452874925,0.17562204077516455,0.03250773722080943,0.10103617673927648,-0.009952001991731747,0.009456358029216367,-0.060390403044929916,-0.023780757507738014,-0.01036367651581327,-0.02539366106001098,-0.0026806062904361923,-0.013268402256000032,0.01636368285842325,-0.045826255063733626,-0.02302901308291514,-0.020295697948881218,0.05675167239057042,0.0293399380496884,0.03195784248794709,0.05791636404175043,-0.08196234240109483,-0.01688696048447583,0.016117421808471546,-0.025477096252694273,-0.010829889211059021,-0.02638254633318525,0.0895332967263895,0.03331802536629892,0.05791636404175048,-0.02302901308291515,-0.017141202419866317,-0.01714120241986627,-0.042354253322962936,-0.013268402256000029,0.04655983476182668,-0.015326291668497485,0.057867708941972205,0.00928935121773149,0.024099354160072382,-0.03494974882248518,0.027193074392308128,0.011758938221671584,-0.017805347299248576,0.1303382293672372,0.05332347970420337,0.014843184212466004,-0.024815218388262283,-0.04257391301845585,0.0592282735567995,0.09280716785495449,-0.020295697948881183,-0.007655263288873444,0.12279141982205344,0.09628425098790212,-0.007655263288873445,0.01897829013745364,-0.010829889211059016,-0.26194007461522645,1.0,-0.017141202419866268,-0.01124853029451341,-0.0228802159842477,0.10949651247440628,-0.023784011302009942,0.026131883268783518,0.036596129498778336,-0.017141202419866265,0.04147580982513864,0.05786770894197221,0.0042975328719091046,-0.001477692959815194,-0.01082988921105902,0.012403974639738462,0.006376043599856012,-0.01813022123645783,0.014165409785156227,0.04750792939305746,-0.03764523054555324,-0.023977667928750158,-0.02455534759360928,-0.00010918612821241949,-0.013740982077742003,0.043290994260289206,-0.041159753450378284,-0.01532629166849749,-0.026619146113307228,0.01413500976809533,0.01542816517336654,0.08036108065569965,0.06691235896992982,0.005617492270439306,0.009289351217731485,-0.01503512077544053,-0.0521236592880729,-0.06209546014509572,-0.024283080349971394,0.011416795977493767,-0.01714120241986631,0.05940284671371714,-0.019556130900879078,-0.04442527036275749,0.00101386208202053,0.028197699046039602,-0.007882337606160927,0.08906092487961738,-0.03173796472787634,-0.026957556554358244,-0.049819619239891005,-0.03224330762751701,0.018778265777202895,-0.013158800874491934,0.035619857188779414,0.09072388958038395,0.10558377187474047,0.0627360907724448,-0.007655263288873444,0.006606781633044732,0.0003431343656750748,-0.01581371592816839,0.04083092861353365
Fireplaces_3,0.1477621582650224,0.07267388814776292,0.07211158734727166,0.01811912577809713,0.03730645715908211,0.029618158765150112,-0.011206270499806503,0.18862918397730494,0.17826091189441273,0.14653979741180892,0.0014784208497930732,0.05968748568582325,0.06510541125645962,0.06845095666078933,-0.005140350546553718,0.052467392491540324,-0.012653861597527932,-0.006170635597479462,0.03037351706259247,-0.024559581065608366,0.0037657104837934053,-0.00996447073806561,-0.009964470738065632,0.13728358530490778,-0.028415815684928826,-0.011038980123063575,-0.009320726428558494,-0.01896684359496059,-0.0015347083625049964,-0.015377724734049754,-0.010691320615899901,-0.003072577271642757,0.010379430931208081,-0.012653861597527894,-0.0055563669076821405,-0.002171149562076109,-0.006170635597479458,-0.011923218300781776,0.07728708147464555,-0.01983642877405667,-0.011152779014381194,0.030520052758407624,-0.014020716627044162,-0.00945261386446695,-0.006362749135951431,-0.010924159654485429,0.0399230043648296,-0.0046167999224737055,-0.013448588493413821,-0.009964470738065622,0.03862206698861541,-0.01697887571779997,-0.00773744472135353,-0.013545272617357489,-0.012029856413112636,-0.014665921793182612,-0.007737444721353507,-0.009582867992366143,-0.005107585617360072,0.037009338128017114,-0.010743383096992007,-0.004351261567380234,-0.006731290219724518,-0.005107585617360072,-0.007893427126263305,-0.0021711495620761094,-0.0034364261168384927,-0.003765710483793415,0.005972624500785949,-0.001534708362504994,-0.002171149562076108,-0.0015347083625049964,-0.0015347083625049964,-0.0021711495620761086,-0.008634123135020821,-0.011265587625256408,-0.010211811937729555,-0.01706017183648313,-0.0057681079137255915,-0.011403167655011958,-0.004351261567380229,-0.0051075856173600715,0.0121242610629675,-0.00945261386446693,0.044191178194443605,-0.025749050304710717,-0.0051075856173600775,0.030147597234955956,-0.004068831624680421,-0.0021711495620761116,-0.08075583136869391,-0.0015347083625049935,-0.001534708362504993,-0.001534708362504996,-0.005107585617360071,-0.0034364261168384888,-0.003765710483793419,-0.0015347083625049964,-0.0021711495620761094,-0.011038980123063591,-0.001534708362504996,-0.012240793337638417,0.00782734967954185,-0.0015347083625049964,-0.024691871225169956,0.028227414783261493,-0.002171149562076111,0.08263590962405554,-0.01873867374156376,0.009919038554184545,-0.00789342712626331,-0.002660016661864551,-0.004068831624680429,-0.007737444721353533,-0.001534708362504996,-0.012135707849456655,0.009783893642834296,-0.0048682122448548935,-0.02429413111399167,-0.0015347083625049944,-0.019241546408421895,-0.003436426116838489,0.08075583136869374,-0.017903797290939615,0.04548096618736447,-0.00958286799236613,-0.013345409659237618,0.0003274662838157752,0.023283070667982086,-0.005768107913725578,0.033024951435270004,-0.05080458351301436,-0.008197114701856323,-0.0195403460586849,-0.0015347083625049933,0.021843362547038104,0.019603527167547128,-0.0050920966932543965,-0.007578476467859626,-0.00376571048379342,-0.002660016661864552,-0.009187134944244162,-0.02649237063336464,-0.008205803993848395,-0.012653861597527906,-0.0021711495620761094,0.016897309960216298,0.10318896336752592,-0.01706017183648315,-0.03499650430323189,0.019156590796585268,0.04068150237720871,0.039903640953836875,-0.018558542447321733,-0.04020104306617966,0.06996555976537909,-0.005768107913725575,-0.010573230902697664,-0.011488351770097936,-0.01593686407010854,0.008775348865786953,-0.006549484638601024,-0.004068831624680436,-0.0021711495620761116,-0.003072577271642758,-0.01092415965448543,0.005515860925210863,-0.0015347083625049933,-0.011995840447471649,0.015464966460319056,-0.008046597767243079,-0.002660016661864546,-0.0015347083625049944,-0.023964829157316667,-0.009711554910166979,-0.04800059239321885,-0.0121260060330263,-0.0034364261168384944,-0.00863412313502082,-0.009051763559833715,-0.005972624500785991,-0.0015347083625049942,0.015895860811670638,0.0699655597653792,-0.04410274105692519,-0.006908555602413981,-0.0020545604441635076,0.04288665144551431,-0.006731290219724526,-0.014846284746000254,-0.0046167999224737055,-0.03520538734953832,-0.037377569202469534,-0.03169692915270845,-0.010808284699070102,-0.005768107913725584,-0.0026600166618645483,0.012956519238016799,-0.00918713494424416,-0.0046167999224737116,-0.004068831624680431,0.011377435748100757,-0.008490751179843284,0.017542509861880926,-0.0021711495620761103,0.0030725772716429685,0.05063384669043161,-0.024196286354196437,-0.005107585617360072,-0.00217114956207611,0.0034364261168386883,-0.001534708362504996,-0.0030725772716427594,-0.002171149562076109,-0.00461679992247371,-0.003436426116838486,-0.003436426116838492,0.02466575735169128,-0.002660016661864553,-0.04635144747548268,-0.0030725772716427542,-0.005336540965509595,-0.006908555602413994,-0.0031390317291110966,0.02396482915731672,0.019857640543496813,-0.023893678102725843,-0.007578476467859651,0.06948174701641144,0.1656595732905603,-0.011038980123063582,-0.0061597789943796,0.005811738405691712,0.008985816970709189,-0.007081622235832756,-0.004068831624680427,-0.0015347083625049944,0.02357757243473296,0.11029446578118132,-0.0015347083625049944,-0.014114287379195593,-0.00217114956207611,-0.05251310213868925,-0.017141202419866268,1.0,-0.028922600870231942,0.032164724773594736,-0.008914530780917033,-0.007114078814927372,0.004210800690394353,0.013523899184916527,-0.0034364261168384914,0.02841581568492893,-0.005336540965509595,0.01295651923801682,-0.0126538615975279,-0.0021711495620761086,-0.011265587625256406,-0.016402011269852423,-0.019166405141040347,-0.023625106204645373,-0.026838616892814242,0.006347874547948375,-0.0177013082170961,-0.0124487451785996,0.0340671507809272,0.08962609995768742,-0.01202985641311266,-0.013056130606500007,-0.003072577271642756,-0.00533654096550958,-0.019391294713275296,0.02835611059224467,-0.012135707849456657,-0.006170635597479461,0.048104018661774536,-0.006908555602413971,-0.011265587625256408,-0.014756313156708247,-0.012448745178599577,-0.0048682122448548935,-0.008490751179843277,-0.003436426116838486,-0.007737444721353522,-0.011815771882900158,0.004451375051185782,0.004249910256123901,0.010054812229396482,-0.013351345073912496,-0.00725079126517262,-0.006362749135951442,-0.015638368577890083,-0.02823973891732421,-0.0361346371616806,0.024505548887578617,0.012615596776213368,0.03946914521469764,-0.010691320615899922,-0.0065494846386010405,0.13047559622528904,-0.0015347083625049944,-0.031616963074562285,-0.0011866401611835675,0.051213092629478194,-0.021633209994513552
FullBath_1,-0.1498882128323249,-0.11932077069516282,-0.5358598747285624,-0.5059415658226853,-0.4471206345229198,-0.2445805758348999,-0.2696521115265543,-0.3167309073183339,-0.3677621330949244,-0.5721471485564885,-0.4488236655216231,-0.4080753077861767,-0.19764530402583172,-0.24661663511578086,0.01624531667021895,-0.5207959650034525,-0.1800035111437908,0.011605589201329475,-0.13303935790785995,0.23953684286811736,-0.05016743548308182,-0.0521661113058349,-0.08553413869094714,-0.057682934693955606,0.17214470994710537,-0.047440848664720627,-0.000243475103169822,-0.0348928480109742,0.02922524665276427,-0.03846019977403651,-0.061874850312529255,-0.046953014151584246,0.014262398103350286,0.02714011749511005,0.0031149893370533664,0.004083448052319627,0.0777937151151615,0.18471556444238446,-0.014728687945353614,-0.13063982289083292,0.032235006971042944,0.11719454899846858,-0.20207142139321782,0.14492884197358746,0.09547131933269144,0.04732896590831266,0.2932599757066765,-0.07055076339188159,-0.12330725186530209,-0.15227019346117204,-0.1928747478046364,0.1273453412949667,-0.012005736341987299,0.13856680678106356,-0.08585217944100063,-0.20655422112405106,-0.0651220244004764,-0.11181521524050789,0.0016374254491279482,0.06585383722362655,-0.05194235952306679,-0.06649298874791748,-0.04206136857542093,0.033512640858819186,-0.02683659471373324,-0.03317801542509691,-0.028922600870231897,0.02862494848152323,-0.004399660010438417,-0.023452358425057673,-0.033178015425096886,-0.02345235842505767,-0.02345235842505766,0.0413449115297363,0.0018988989258454229,-0.12753580787772226,-0.017475354596271465,-0.06550968833637529,0.109841309669571,0.17029073088566943,-0.02915461814331766,0.0016374254491279415,-0.3476436872999704,0.09231480734082234,0.047186275105326275,-0.013272073584663377,0.0335126408588192,0.005803280646707228,-0.002323100008820211,-0.03317801542509689,0.03725718734193826,0.029225246652764318,0.02922524665276429,-0.023452358425057666,0.0016374254491279732,-0.05251310213868923,-0.036002512523152834,-0.02345235842505766,0.04134491152973627,0.020761859371869033,0.02922524665276419,-0.056187382253719886,0.11577407318031271,-0.02345235842505767,0.17356913471033347,-0.07941780934181747,0.004083448052319625,0.051733809328199896,-0.34115244091739916,0.19908237539160017,0.025266368427291498,0.020220046186121887,-0.022274429496334836,0.041110551716501985,0.02922524665276419,-0.06048508294154231,0.0783950423783349,-0.007553717638494199,0.17038359710537387,-0.023452358425057673,-0.019623643571417597,-0.0053320996017745936,0.056528146311906384,-0.3315683507150536,0.20288014756616257,0.0007114435752311987,-0.17100222429035902,0.27195438675311046,-0.20459932167045913,0.06741583027338742,-0.4711270257793443,0.4988472693278151,0.07570820906490153,0.06890818588289353,0.029225246652764332,-0.09583991648677115,0.3968842587808001,-0.4884130004166376,-0.01826219932092435,0.007082461479964513,-0.010214250135257319,0.0668325165363782,-0.43831042915022317,0.5373280441133591,-0.06640861801923217,0.0040834480523195965,-0.0007093765870019358,-0.08906021808376768,-0.02441660779024946,0.12632464554026274,0.20141365213571347,-0.2960278128153552,0.06945553606976294,0.18098497172834463,-0.08246987964920557,0.07703581057706908,0.024990350877203957,0.04355441987134521,0.06542127682359922,-0.11763482560619754,-0.025917181637925935,-0.00017108499646626885,0.07748221794123834,0.00408344805231964,-0.04695301415158423,0.10089508236268196,0.08800189768495711,0.029225246652764294,0.2587107322426213,-0.0933435866381105,0.07139536512369626,-0.010214250135257405,0.0292252466527643,-0.20366966484999413,0.09946375448396419,-0.3989350459871334,0.4321305382424842,0.06543940420359756,0.049698768438506055,0.035300486841955296,-0.022934397926753083,-0.02345235842505767,-0.02989656862205827,0.03067460553068785,0.19508004058465664,0.08413260259278543,-0.22616894576794555,-0.21803219604706456,0.030900530181150944,-0.17475391471723536,-0.00012059959554163482,0.32069481539785033,-0.21547769939928516,0.454487606478142,0.11307434834316013,-0.031576954984374,0.02022004618612182,-0.08976860068503531,0.11188121189330909,0.01748694135354329,0.03757955896620905,-0.12087078606107977,0.09368602678456601,-0.14840223034648886,0.00408344805231968,0.02058709082030997,0.12384027631133927,-0.12257313983182565,0.08132546397335612,0.004083448052319616,0.0053320996017745615,-0.023452358425057666,-0.020587090820309992,0.00408344805231964,0.03509448230262832,-0.005332099601774619,0.018258401666682706,-0.2306577262704355,0.02022004618612181,0.15024609116509205,0.005778832510964223,-0.05102061981874264,0.012993452137881929,0.10646552736161001,-0.2248564380031823,-0.2696472517490196,0.17899853645242114,-0.03993928144169644,0.05277448141473451,-0.02227442949633478,0.1495891967743161,0.17175892711941304,-0.016471782283955412,-0.22577433566616925,-0.05034246690057082,-0.062177088471364,-0.023452358425057673,0.04838593972380179,-0.05026845586394438,-0.023452358425057673,0.04471312629994542,-0.03317801542509688,-0.28113960113960146,-0.01124853029451341,-0.028922600870231942,1.0,-0.9437168983562806,-0.13622573263628496,0.48747928259888545,-0.29142519928027055,-0.2909894293829773,0.018258401666682775,-0.1664241847047523,-0.020491888287855607,0.18491256668055178,-0.1800035111437907,-0.03317801542509688,-0.030865295356988776,-0.0010185833639662213,0.03371485667359091,0.05635873729600969,0.019527591374737988,-0.004425640118672119,-0.05635116293977516,-0.05458460866624729,-0.015110744260576337,-0.0010431107856350174,-0.01586659486039711,0.22914176382061155,0.005778832510964259,0.10162303783569189,0.15202456775439183,-0.3863026489865695,0.07836432129533172,-0.014869661164203374,0.02948102938510046,0.08413260259278528,-0.12753580787772226,-0.0683066962030255,-0.047802180695802964,0.07599497745394161,-0.0034599953073845622,0.041848902935140125,0.06235706693989764,0.06847166256520969,-0.3959025251396563,0.19258455427047283,0.20918779320837896,0.11421972817672567,0.02494973289235168,0.10831815124289706,0.1981917895151395,0.3086569230865177,0.14509376523149423,-0.2192638828251003,-0.22374112654214798,-0.15851409293323576,-0.1555695242516402,-0.10008472293274613,-0.0780506130751002,-0.02345235842505767,-0.008156029026260834,0.025991234461803812,-0.021170795156330195,0.008864006450106201
FullBath_2,0.11476798141472223,0.08231247536078037,0.4888769178978955,0.4922301508811749,0.4181367727570881,0.19900591429340592,0.24590255165356512,0.2728312141207584,0.3123228422595525,0.46749226808781685,0.4226634823041563,0.3640095615775102,0.15394027256842555,0.22133080592988003,-0.018308653728159482,0.4256715226636108,0.17829673154220918,-0.005486891016326821,0.11935753763159591,-0.22197804420380632,0.046232059244520965,0.06171532235372921,0.07001834213224419,0.06219779438909907,-0.15537026654520403,0.04298284033259908,-0.017133240172952466,0.0606203693767762,-0.027580359124843922,0.025448845027276595,0.07209302984767361,0.049753283249843815,-0.013391734987735349,-0.034529617401378304,-0.02684373312763468,-0.0019305727650038873,-0.07136568117946172,-0.1721342233230273,-0.0072888237049337475,0.14500645976265505,-0.03606547476092178,-0.12817760770236392,0.2149064881547232,-0.1436895636780933,-0.08877185976031708,-0.043988119249439094,-0.26729855785226425,0.07475839789958551,0.11077256336770039,0.1281394805818493,0.16874485264558634,-0.12546334260043157,0.008980325390389409,-0.13711396064968434,0.08334210253547925,0.20835027600596656,0.040701152172571003,0.12071061463427155,-0.01247319452762946,-0.06956009325407402,0.05268331592274337,0.07045861832476615,0.03637677306692499,-0.02833631648785509,0.024096886756423543,0.035156746141649695,0.03216472477359481,-0.024790252860467363,0.02571555321941664,-0.027580359124843922,-0.001930572765003853,0.02485105275311461,0.024851052753114618,-0.03901789167165747,0.006595532944159742,0.10100430312613427,0.027429781042079927,0.07685751502894178,-0.10365910007275975,-0.13688871143954393,0.014712818421862289,-0.01247319452762943,0.3215875953420325,-0.1175054944107426,-0.054482087614839615,0.035860384962628195,-0.0283363164878551,-0.029183804237406553,0.006311062718466791,-0.0019305727650038573,-0.013724995640745965,-0.027580359124843915,-0.027580359124843915,0.024851052753114604,0.0033899274325962354,0.0321647247735948,-0.00334844647641387,0.024851052753114618,-0.03901789167165747,-0.01735845474970353,-0.027580359124843915,0.033676957504113765,-0.10229675540577811,0.024851052753114618,-0.1638285283959942,0.058642414584663405,-0.00193057276500385,-0.05446132817397426,0.34476869595119203,-0.19450305820303984,-0.03813445993764188,-0.01751129991125883,0.02616914799640129,-0.04388771924658019,-0.027580359124843915,0.044489195589227384,-0.06640920112743813,-0.004328784224882309,-0.15734640762684657,0.02485105275311455,0.006037142256364588,-0.01479577339585359,-0.05887824216899698,0.33434257657337396,-0.19523848776360395,-0.01713646973493963,0.16961112701778988,-0.2564614923556924,0.17785053043513946,-0.07550763316311877,0.4690367092002024,-0.4737230682261682,-0.07729989350232368,-0.07224406504830334,-0.027580359124843905,0.10327146026201048,-0.38606729990103844,0.4795371603993751,0.014837038049006665,-0.0033484464764138096,0.01278075917693782,-0.06645874703992968,0.4550800475190754,-0.5218049918531019,0.045280263452467044,-0.039017891671657486,0.020179230699386933,0.05469633425727208,0.030843857862899646,-0.09780270044844212,-0.19475699944246705,0.2765117054570122,-0.055818728451414404,-0.1762013349630571,0.07159778361274173,-0.07714354375293209,-0.01920469934383719,-0.04081220358580319,-0.05382485140433991,0.10941355171983515,0.017171702628794052,0.006607074156488274,-0.0731212783932709,-0.0019305727650038614,0.04975328324984388,-0.08968735129700621,-0.08783863078408748,-0.027580359124843915,-0.24752023879593452,0.08883145190912237,-0.0631535516135385,0.0127807591769377,-0.027580359124843922,0.19489383755739503,-0.09796171544421806,0.3882766146125266,-0.40228122692024126,-0.06175627156530204,-0.04098093987438414,-0.026239495697820112,0.015093911672266145,0.024851052753114583,0.035856997627707186,-0.021770105267543357,-0.1855471084685658,-0.07694972059797914,0.21844075618363196,0.2381920526914909,-0.024140647942316615,0.10207262651157334,-0.012867855258245934,-0.3001357934067921,0.21791942053389138,-0.43935171594229216,-0.1173090638472976,0.02302250102062411,-0.017511299911258903,0.09614386833513337,-0.10232927224447562,-0.012867855258245905,-0.03340510783740199,0.10912422022403702,-0.0849035250616442,0.13046800129485078,-0.03901789167165746,0.028974816690299252,-0.11923907147953669,0.11920978026212233,-0.07592568236853177,-0.001930572765003871,0.014795773395853664,-0.027580359124843915,0.023510583269796194,-0.0019305727650038972,-0.047918356521378505,0.008684475688870544,-0.014795773395853648,0.19245041859917308,-0.017511299911258833,-0.12342989294974574,-0.00273211671025156,-0.004745219227315142,-0.017944157534402625,-0.06499106544863167,0.18750640746390337,0.23557974778873397,-0.17430197494422855,0.04720069674156104,-0.060962860884112235,-0.013547022559467513,-0.15312636868488463,-0.14449598676364037,0.055357004524227794,0.17081104865100577,0.010984126698125617,0.06588531855227008,0.02485105275311456,-0.04000673613161642,-0.01211239825552226,-0.027580359124843926,-0.048715124114449754,-0.0019305727650038558,0.27347373100204275,-0.0228802159842477,0.032164724773594736,-0.9437168983562806,1.0,-0.1602037014810154,-0.46116471629144695,0.3113764397581515,0.22805433839037453,-0.0147957733958536,0.14967647665675046,-0.019938245700736403,-0.16423462873274755,0.15834426132874777,0.03515674614164969,0.034391346737989034,-0.004011842163060473,-0.024008569270090742,-0.056615644619425635,-0.00393194672088177,-0.007816236799752395,0.0635707013945897,0.03956112570463802,0.012519037051097191,0.00269110698624609,0.020649451555619022,-0.22170381733471545,-0.02897481669029931,-0.09590337806784253,-0.14605809432174957,0.3491509583305677,-0.0729812123389241,-0.00548689101632686,-0.038694603521418285,-0.08875083321069424,0.10100430312613426,0.07669525162615554,0.05981331488022412,-0.07085536283886389,0.011788476958636985,-0.038276022480577925,-0.075608546028762,-0.06362114595122424,0.3929954762506873,-0.18714970152044458,-0.18887382693273014,-0.1132346403842336,-0.07400580697343914,-0.11434544209063713,-0.20392780919733763,-0.2864771174714506,-0.11504454988765955,0.23617949345175823,0.22835772663692705,0.1338965979703636,0.11095002319439691,0.006607074156488316,0.01925304939282182,0.02485105275311456,0.0030762610641162456,-0.01997386294681635,0.03318037024345768,-0.004454679623325533
FullBath_3,0.13117836471381936,0.10430290445864378,0.18240026923804767,0.039860400236313764,0.10414609340423314,0.16408502111437923,0.10662082045677723,0.14180986951260727,0.18053722461533375,0.36881951713826233,0.08042364968661846,0.14061127385766312,0.10735397136655661,0.1002725331927983,0.005248467695305187,0.31959622548211813,0.011860116741148275,-0.01600742140272195,0.03366678936993712,-0.03785092668777881,0.009768736727761221,-0.02584911710301968,0.05783095156750972,-0.012628767920295691,-0.05649921189001522,0.02204145226957668,-0.024179161670536537,-0.04006885644146598,-0.003981230636748938,0.03521074473428806,-0.027734659055256006,-0.007970660137458388,-0.018259874158297027,0.03420304634382763,-0.014413929514123,-0.005632240863920691,-0.016007421402721968,-0.030930359896024554,0.04593471813500291,-0.03628066118414728,0.021264743989779,0.031739151031919564,-0.0363715399932095,-0.0245212946211799,-0.016505788599894478,-0.0027514976677178483,-0.06490867795921706,-0.011976572060304166,0.049688066898990114,0.0857243077910192,0.08782034677741352,-0.00955556883865016,0.015449300262610806,-0.03513817715785364,-0.007805755275692124,0.0010992647555274698,0.08649175186390785,-0.024859190561037154,-0.013249733197818522,-0.016725041414619515,0.006976608703046534,-0.011287731456865645,0.023198892584223387,-0.013249733197818525,0.014367006396192566,-0.005632240863920692,-0.008914530780917033,-0.009768736727761367,-0.07590375013374033,0.17215806420123417,0.11895975400462769,-0.003981230636748937,-0.003981230636748938,-0.005632240863920694,-0.022398024527930997,0.02050475248329144,-0.0264907519477175,-0.044256277246542325,-0.014963212883466432,-0.11437338073874963,0.05113684402428511,0.040041204732801455,0.10953650601229167,0.004799827530271911,0.011860116741148266,-0.08686961943201905,-0.013249733197818536,0.09910640560238138,-0.010555071905329482,-0.005632240863920694,-0.014367006396192636,-0.003981230636748934,-0.003981230636748933,-0.003981230636748936,-0.013249733197818516,-0.008914530780917047,0.062263362375933454,-0.003981230636748938,-0.005632240863920694,-0.0032975401033224637,-0.003981230636748936,0.08340010149467862,-0.025895659530711948,-0.003981230636748937,-0.012528445984463031,0.009840586398293123,-0.005632240863920694,0.015449300262610764,-0.0061762253786916,-0.00868588698178208,0.014367006396192624,-0.006900424919293634,-0.010555071905329486,0.015449300262610807,-0.003981230636748936,0.061373191117718724,-0.022177554058726085,0.04324396287858822,-0.02393447519073976,-0.003981230636748936,-0.003259497052593707,0.06996555976537902,0.014367006396192549,-0.0037973695005514333,-0.019594623522517042,0.033026643919208794,0.019438872897955962,-0.06304242558184227,0.08321082839741693,-0.01496321288346635,-0.000294401946107987,-0.07101582755141962,-0.021264368515402105,0.010752459831121278,-0.003981230636748937,-0.013756138991716235,-0.04955501562059107,0.04059443661732719,0.016581532450156585,-0.009768736727761343,-0.006900424919293624,-0.023832608199430793,-0.055667063938217104,-0.03236672715818595,0.05654597594650692,-0.005632240863920699,-0.04274269172020007,0.07934578225988963,-0.009905312451246304,-0.04341559096325086,-0.03580692480963157,0.02601668110487082,-0.03513817715785359,-9.872161945511479e-05,0.05379110625336371,0.007878363169183125,-0.014963212883466385,-0.0010479858444297466,-0.029802260253673336,0.010917223501368646,0.022764382215006936,-0.016990204481296116,-0.01055507190532948,-0.005632240863920693,-0.007970660137458388,-0.02833867343120871,-0.017964708162294445,-0.003981230636748937,-0.047316033272000714,0.04011810958508214,-0.02087390825202434,-0.006900424919293644,-0.003981230636748937,0.04653281833087916,-0.025193020956579684,0.03529925587740749,-0.09781601172390182,-0.008914530780917043,-0.022398024527930972,-0.023481437438834803,0.030204997475900885,-0.003981230636748936,-0.01349538705294219,-0.023125437981779975,-0.03317109468919881,-0.017921680686694346,0.021619119962216472,-0.06280983382882521,-0.01746183151297486,0.25192705663113657,-0.01197657206030417,-0.07044594819824247,0.014858349044694285,-0.06006627091607056,-0.002194900116839369,0.03232313086082131,-0.006900424919293642,-0.01012520128219739,-0.023832608199430862,-0.011976572060304164,-0.010555071905329491,0.029514529844645816,-0.02202609925903381,0.04550752404423918,0.11895975400462784,-0.16835000350934806,-0.005385144669855672,0.013269195218179484,-0.013249733197818511,-0.005632240863920694,-0.06996555976537913,0.17215806420123417,-0.007970660137458388,-0.005632240863920694,0.04689815927991154,-0.008914530780917047,-0.008914530780917038,0.12060418480843495,-0.006900424919293622,-0.09030934140492368,-0.007970660137458388,0.0882359345997363,0.021723249317205318,-0.10901818693662804,0.11816515685235386,0.13709474827359922,0.003937165771730161,-0.019659541467850376,0.040521184409434335,0.12286834785035042,-0.028636532476221745,-0.08667536904124905,-0.08497605009321073,0.19824091657013637,0.13644108597222254,-0.01055507190532948,-0.003981230636748935,-0.02152040334276037,-0.015493755181938807,0.17215806420123425,0.0038833321486199915,-0.0056322408639206895,0.030674605530687946,0.10949651247440628,-0.008914530780917033,-0.13622573263628496,-0.1602037014810154,1.0,-0.0778356785528323,-0.061568017247481496,0.19449222855889906,-0.008914530780917038,0.05649921189001523,-0.013843672781892075,-0.010125201282197365,0.0118601167411483,-0.00563224086392069,-0.029224381446285707,0.010728459444438353,-0.034119134661377296,0.005170939729147273,-0.05744779085422291,0.0591752431609725,-0.01261473693948635,0.058420584681793016,-0.00022426744440488846,-0.016002361477641495,-0.00780575527569209,-0.0338692799478534,-0.007970660137458393,-0.013843672781892052,-0.0039379009914031204,0.13979022208084926,-0.008267891031402493,0.07251846968808888,0.0162570230174507,0.021723249317205286,0.020504752483291446,-0.03827977188386307,-0.03229364412481984,-0.012628767920295702,-0.022026099259033823,-0.008914530780917043,0.015449300262610832,-0.03065163008576859,0.013405208445506828,-0.008485765262374906,-0.04819673717046462,0.00792992284685394,0.1324954558732506,-0.01650578859989453,-0.04056793695281979,-0.061471729071098366,-0.09373789055340555,-0.048930053331361724,-0.003126252357105438,0.08986297808288832,0.1550172529658377,0.31709327757516687,0.1999140185246615,-0.003981230636748935,0.028276237396832916,-0.009887863125080625,-0.039764709582882904,-0.027743839789295517
GarageCars_1,-0.15906632665705206,-0.10958592063686544,-0.3826354771909466,-0.4434859710802092,-0.38346881102140723,-0.20396554732839672,-0.12587642955512596,-0.25548640734835015,-0.2916538936686067,-0.3258314197144147,-0.588680576327259,-0.46927431744403836,-0.13351379066555985,-0.20380132228455444,0.044180244409877306,-0.3866942088050689,-0.12553660582298382,0.044751983581276585,-0.11152178180096571,0.1808800424902517,0.037358912850746336,-0.02253639831550962,-0.07977584431257091,-0.04829662762902072,0.18061031187822946,-0.05751798459876902,-0.06198025346320997,0.03466497606789449,-0.015225556030632208,-0.06907975017272228,-0.06142114305088331,-0.030482467256179792,0.0917331009195974,-0.033837571675863674,-0.021569137178092074,-0.02153957071968765,0.12044463421689278,0.10765415576697196,-0.02386454254817582,-0.11892941602145642,0.08678599305154773,0.09188475197098359,-0.13909692017722555,0.1268432843682305,0.06910092528817947,-0.04711841696017416,0.20138148740970982,-0.04580241277053261,-0.13342094344567798,-0.09885565964492486,-0.13722558166292978,0.11465941436136257,0.1054693949926174,0.10991158694625036,-0.0633211730898406,-0.14549788054748097,-0.07676174901829529,-0.08517097800096216,-0.05067140630643034,0.017405794200943004,-0.01582357856476082,-0.043168056170586354,-0.025060313453310605,-0.014218953383351602,-0.030641319286574712,-0.021539570719687654,-0.03409214393127535,-0.012722954060281325,0.01236450893629223,-0.015225556030632203,-0.02153957071968765,-0.015225556030632203,-0.015225556030632208,0.021072588156659185,0.0018046563869617788,-0.10325977762891428,0.029198227635312535,-0.09875980321361029,0.039811115818662604,0.02367589159876345,-0.00046794640835324245,0.022233499539727135,-0.186494098255702,-0.0235800614737712,0.01201194539769639,0.021450248608155642,0.0769121789243455,-0.024952617676764086,-0.017549808048962067,-0.021539570719687654,0.05447527035657954,-0.015225556030632196,-0.015225556030632192,-0.0152255560306322,-0.014218953383351619,-0.03409214393127543,-0.037358912850746426,-0.015225556030632208,0.021072588156659137,0.020478539408230474,0.04501648138054129,-0.03479309347202239,0.060974522845472875,-0.015225556030632203,0.17356859022362559,-0.1041525719079295,-0.02153957071968766,0.04472568032231295,-0.26770405408340386,0.1672207898976538,0.028943558388437342,0.008415089585760767,-0.017549808048962078,0.02042819445419134,0.04501648138054129,-0.033062704673190245,0.03923107635579604,0.00903107671111769,0.1778620785959408,-0.015225556030632203,-0.06855608814592434,-0.034092143931275375,0.04086053392343978,-0.26977714531624253,0.17165457256060357,0.033615483914087696,-0.1522556344451612,0.22690940719259373,-0.1524187539340536,-0.008706604628121542,-0.34859611460878265,0.38006709866595817,0.05657596696447488,0.11084998589888038,-0.0152255560306322,-0.12048345478992822,0.27270473484873464,-0.38872824551939705,-0.02560489139100542,0.06118492231111402,-0.02638953023070019,0.06340902402964092,-0.3834040832736194,0.4535355541849218,-0.04912074403371707,0.021072588156659196,-0.033715221617993105,-0.13028763857573328,0.0011024275271135043,0.16719204722260875,0.20153717764134935,-0.28815287750977925,0.09554148602912603,0.14452176618802157,-0.0034785668802308914,0.04940898770130802,-0.041051751592644264,0.057508742227005805,0.05304592084893311,-0.07469718554721945,-0.03134935462233266,0.02071960704778401,0.0280828184006989,-0.021539570719687654,-0.0003304332493895047,0.0403932084842404,0.051325522883012134,-0.0152255560306322,0.20021619793095102,-0.09578397678636637,0.08394723733142494,0.008415089585760774,0.04501648138054124,-0.21071271369381722,0.0698212736245086,-0.2993629252735557,0.3317265259809132,0.04684205141776863,0.04553574891748776,0.05650310867712808,0.003265086775384524,-0.015225556030632206,-0.054447057679550395,0.028201543325618014,0.17656670881901815,0.03993435307004572,-0.19243162693092927,-0.22938178400261525,0.04447229323964542,-0.09430882117281257,0.014605466764225866,0.2899165646043621,-0.16221142055948132,0.35564146882676956,0.18445074831789635,-0.024879178110382934,0.07802432921868258,-0.17062745913800778,0.125230176005117,-0.005530493080693639,0.09653175807519038,-0.14834512345419462,0.12684734902593575,-0.10714138864834764,-0.021539570719687654,0.030482467256179806,0.11150282305683659,-0.09984140007299369,0.07691217892434529,0.02107258815665919,-0.01986398630142071,-0.0152255560306322,0.05997363476419114,-0.021539570719687658,-0.0055304930806936315,-0.03409214393127535,0.019863986301420614,-0.17561138432515044,0.008415089585760772,0.119956138985217,-0.000330433249389496,-0.05294282970316841,0.053493458996154215,0.09125348439413089,-0.16669125322972417,-0.030156935425991654,0.2003415907099836,-0.0503947729764616,0.009803342482983177,-0.017549808048962067,-0.048851704153546914,0.08249877923321576,-0.0006423714174702466,-0.06176440735965227,-0.017307738531802588,-0.017549808048962064,-0.015225556030632203,-0.0951552738500584,-0.043623700359646196,-0.015225556030632206,0.04003431035094661,-0.02153957071968765,-0.19116451303982523,-0.023784011302009942,-0.007114078814927372,0.48747928259888545,-0.46116471629144695,-0.0778356785528323,1.0,-0.6619662623167182,-0.2187785919884574,-0.03409214393127534,-0.17079733456598428,-0.0529428297031685,0.07618504780534538,-0.07204550257049717,-0.021539570719687647,-0.018219572677303973,-0.02302243903619406,0.017947849603984097,0.024734536338224672,-0.003927303695549589,0.003689935836102972,0.023725364064719975,-0.04593793012440251,-0.003253089228384796,0.00023380841441750352,-0.015299921573348203,0.12300553847437132,0.05997363476419111,0.0168824018836661,0.24635142958655212,-0.27560725944493175,0.11778588539824027,0.014474923327030152,0.010821790583824358,-0.014302070634388422,-0.1032597776289143,-0.1197633347933032,0.023869448369254177,0.009031076711117709,0.004641684637421768,-0.007114078814927439,0.032576937388252195,0.09433832749962749,-0.33516212081235935,0.16394269250536045,0.1641713464066868,0.12958453023888744,-0.02018540083625474,0.010334447396382793,0.08533362359976963,0.15920665432927575,0.09314355901541997,-0.10242118395534264,-0.1332908189831389,-0.07821736254606308,-0.061421143050883496,-0.05069358060510717,-0.05067140630643033,-0.0152255560306322,-0.0005710017823498681,0.008411921430378631,0.002144685826337494,0.008591409127813844
GarageCars_2,0.0005495123581047845,0.06384100912061644,0.12505938463274885,0.2834928931232188,0.19554953162271319,-0.020265272562913043,-0.05601593195347424,0.01686762173781721,0.06625085761393236,0.08036753271780701,0.1973540359216696,0.24932835234106868,0.041172318293176566,0.0837563642861107,-0.020056642295037546,0.042001798460099854,0.13606148320587208,-0.0667416465286902,0.06896953383240459,-0.12804247564963336,0.008341211087817258,0.05736130538354384,0.06572267777371699,0.056210819280083986,-0.13203460900805392,-0.009260475351939452,0.05061396199832366,0.00042506198367059476,0.0230005015321272,0.05598926935376622,0.05066540742760811,0.019621239341963415,-0.08844660029985649,0.0489931436493159,0.03915868965896507,0.03253877417302881,-0.0800100021839037,-0.09006290340694058,0.06241800786395605,0.12894872290922432,-0.035989141125969765,-0.11177307549651458,0.17959735880070662,-0.1308049794317705,-0.08491536714680498,0.033328016203133914,-0.057336399321883835,0.0691914609216419,0.1952143540382882,-0.06805928046905312,-0.10789147790726972,-0.0918873335928918,-0.09699816589602567,-0.030003362879238903,0.08909763606034221,0.0848548944675752,0.009481023734198032,0.00480150737865197,0.060572204854905616,-0.02845273738822119,-0.004512855356533795,0.06521186747419536,0.02774981298109402,0.044597598805743356,0.04518441959284286,0.032538774173028896,0.027856066105685688,0.013251285699794746,-0.007318513629070378,0.023000501532127227,-0.04215715396002483,0.023000501532127172,0.023000501532127203,-0.004809189893497968,-0.04308037225897399,0.027220429774063585,-0.0021936874487948994,0.15270768547903515,-0.04112591972263327,-0.03244170374630234,-0.047063281714867594,-0.003326219341743378,0.12858536730377176,0.018614184296899577,0.0623882728118631,0.07367187546696378,-0.05125003748923005,-0.08149175129963869,0.0009861852566695145,0.03253877417302876,-0.05562920309593838,0.02300050153212727,0.023000501532127255,0.02300050153212716,0.028622992756581027,0.051501331520977155,-0.008341211087817175,-0.029799391922127143,-0.004809189893498007,0.04390922020807212,-0.029799391922127133,-0.07198845233477774,0.045036425214894045,-0.029799391922127143,-0.09330700076214406,0.16913835172355884,0.03253877417302879,-0.043758571080913806,0.07904580927917214,-0.10024517336325198,-0.04881863193501582,-0.021144525592901448,0.04098147622159618,0.020128942697220324,-0.029799391922127133,-0.07559122376131287,0.0640442143874818,-0.04428035967778046,-0.09286917941813683,-0.029799391922127137,0.1252059457315625,0.05150133152097705,-0.048818631935015865,0.0800477036980801,-0.0816063040593921,-0.05593043000974346,0.10157750722750003,-0.06799788593459274,-0.05490504443791584,-0.06947523171273935,0.19789786915336594,-0.13189190344942273,-0.09873193286349875,-0.04788725255653292,-0.02979939192212712,0.08638097927141918,-0.0858908878076746,0.17753429083913402,0.026668156587442968,-0.05152620466304091,0.03986537038661658,-0.024865227384194697,0.36125158255796336,-0.2717028653278901,0.0088077561616748,-0.042157153960024854,0.06338062307773037,0.0017827176931878705,-0.012046218677175017,-0.018649242564927334,-0.10768670489805955,0.14083916965117643,-0.0425982190620132,-0.053109579191949856,-0.06979658938977797,-0.005805420981152043,0.015572704257578807,0.008211139246276304,0.011149440622481745,-0.018765121187743084,0.05717601162686377,-0.027025588663320884,-0.07900439667318412,-0.00480918989349805,0.019621239341963363,-0.05104271838424482,-6.116580614175037e-05,0.02300050153212725,-0.06541396070858374,0.16026848943874672,-0.07421567874132318,-0.02114452559290141,-0.029799391922127126,0.17550098359901256,-0.12859964970677684,0.24593892989977423,-0.12659637824480238,-0.04307973014018838,0.014412629110406331,-0.020050046570103414,-0.020078998931039222,0.023000501532127238,0.007866067645532151,0.02207587715201266,-0.19946751692699605,-0.015302748535678009,0.2266893745715316,0.06745760758492338,0.003372720951974044,0.0019400336665734218,0.01624621304659101,-0.07015715339098952,0.17926918724485072,-0.25232855758005246,-0.10915569142319188,0.05809667224273786,-0.05164947358266042,0.08769613998045787,-0.07001850099230952,0.033894629004941335,-0.0590067511907207,0.0732067971648228,-0.07723030493901707,0.16962226509663228,0.03253877417302879,-0.019621239341963546,-0.06936315667835372,0.029648750132001987,-0.03527543144006789,-0.042157153960024854,0.019434464724897137,0.02300050153212715,-0.03323302161609305,0.03253877417302887,-0.036699034828459966,0.004210800690394463,-0.019434464724896995,-0.05418440725456521,-0.051649473582660595,0.05679642174588722,-0.05966015209512116,0.049378536517241084,-0.03907084732513537,0.08232262050001732,-0.061949480145162356,0.02474496425355858,-0.1635840559054857,0.08098666749378643,0.0333614908275661,0.020983830739132722,0.005930866236635364,-0.01300199369593397,0.04786384338436615,-0.047795263839288935,-0.009885261725925954,-0.01901146022579391,-0.029799391922127133,0.056731781365311644,0.02101726990912526,-0.029799391922127137,0.023364668048329127,-0.04215715396002483,0.09492069791033655,0.026131883268783518,0.004210800690394353,-0.29142519928027055,0.3113764397581515,-0.061568017247481496,-0.6619662623167182,1.0,-0.4281925069743722,-0.06672499555547988,0.14636912188370474,0.003479132878549193,0.002478408215708249,0.0021101915804012457,-0.004809189893497956,0.019766973759410143,0.011580466785165472,0.006649718048820952,-0.012487742896801251,0.04821488531321206,-0.007778323647949972,-0.04420090970387563,0.01661361738093081,0.015992091005171686,-0.028003537503016533,-0.009109637509189349,-0.14935256094639696,-0.03323302161609305,-0.027120469547245164,-0.1773062131253149,0.17885026574132826,-0.08254981056405679,-0.026936579563049696,0.058459505072878455,0.056001547832693656,0.027220429774063568,0.15696251923871735,0.043806309506669555,-0.04428035967778059,-0.0480188424491297,-0.06672499555547985,-0.04375857108091395,-0.07966036202162581,0.17442070255349917,-0.048340527917220905,-0.08627683715505233,-0.06147226490331507,0.006616931635739617,-0.03340874644288512,-0.04850616226811809,-0.053719911520266,0.05293622750715483,0.06386887859201071,0.04323831355553134,-0.045860215968947106,-0.06672481926141204,-0.03954378645787945,-0.0033262193417434587,-0.029799391922127133,-0.03201143340578165,-0.0019480423984912852,0.0073305254453694315,0.02225515414809274
GarageCars_3,0.2663135548158111,0.09600118893976067,0.5036501998420164,0.3241923659897607,0.29136946654102064,0.3803932931425271,0.27251154051382454,0.4196538411445928,0.3888157163195078,0.40758526819409474,0.31202258855963205,0.5959572333440397,0.1851321179849776,0.17671449609663645,-0.03064024971589261,0.609717680656478,-0.0005866790551984798,-0.019635243540143364,0.11859263687801727,-0.12844743213894513,-0.04081003274178385,-0.06394472821594209,0.036698638656743984,-0.006041009011259661,-0.0978073011084067,0.10058518279353357,-0.01960741963531991,-0.0036256454994517615,-0.009848642412709446,0.045275651753280216,0.0020404499741365043,0.020044377417099142,-0.01583660430559799,-0.04089498120059923,-0.03565672288268092,-0.013932859287022165,-0.03959865271048401,-0.07651454590460718,-0.05260312218718617,0.009611651683505456,-0.02629133539850376,-0.08555152543957725,-0.04404037911806513,-0.04743563319636747,-0.04083149771822377,-0.035482441779252534,-0.149056165550189,-0.02962726511325717,-0.07676699060752332,0.26314621412028777,0.38546898000947455,-0.06229143996664516,-0.04965329446979488,-0.08692371114292707,-0.024426911483060147,0.1089163319171831,0.11055402028357642,0.13431100582986533,-0.0087415697276103,-0.04577597629160336,0.059205384702202525,-0.02792323301825628,0.011819695078478944,-0.03277677086190598,-0.0035089872544049557,-0.013932859287022167,0.01352389918491649,-0.024165591907075918,-0.002894008139862572,-0.009848642412709439,0.09845374048674775,-0.009848642412709446,-0.009848642412709446,-0.013932859287022174,-0.055407524570548664,-0.027436827407319647,-0.06553198419820862,-0.055254551493798015,-0.03701552270652844,0.02076705241281609,0.028386049035133445,-0.032776770861905995,0.10308912968517378,-0.06066000296277901,-0.07112620780964993,-0.1783158444943082,-0.03277677086190599,0.20708089016468978,-0.026110802995556598,-0.013932859287022174,0.0035089872544049315,-0.009848642412709437,-0.009848642412709439,-0.009848642412709446,-0.03277677086190596,-0.022052484256485497,0.07329784506621387,-0.009848642412709446,-0.01393285928702217,-0.07084014819311119,-0.009848642412709446,0.11880702753486073,-0.11299623326679138,0.069593445557212,-0.11778635120801988,-0.09044097437496866,-0.013932859287022174,-0.017611831519120557,0.2877501811442831,-0.11067948747379493,-0.0035089872544049492,-0.017070052887307268,-0.02611080299555662,-0.04965329446979482,-0.009848642412709446,0.12104817317717333,-0.11119453008981338,0.06955790375821823,-0.11476717134417581,0.06959344555721197,-0.10243573831902646,-0.02205248425648546,-0.003508987254404931,0.2864134721465013,-0.1303214015800022,0.00377308244309696,0.1301795984429997,-0.30555641696725216,0.33166606091991574,-0.015688504888244494,0.27978108285392084,-0.40397949548247786,-0.05260312218718597,-0.08382808709153115,-0.009848642412709436,0.102061608490428,-0.2792601325340695,0.3421997094083959,-0.04863315180172538,-0.024165591907075994,-0.01707005288730728,-0.05895635227756426,0.039478361562965414,-0.2916917671489483,0.05987577416290259,-0.013932859287022176,-0.008708149642747574,0.1755595530873468,0.045449441914334004,-0.23081348277028493,-0.09880302249347406,0.23071838889516774,-0.07744867618184949,-0.1046492518365883,0.04057096899973303,-0.043223687767090825,0.0056385129300394864,-0.05595328885705697,-0.06271131682035501,0.08890769684392391,0.027923559803114912,-0.004360369145483696,-0.026110802995556605,-0.013932859287022177,-0.019717566915733408,-0.047022732489368065,-0.09448729039814445,-0.009848642412709439,-0.21030184355768877,0.06553668207029989,-0.0516372139388961,-0.017070052887307244,-0.009848642412709437,0.10025504590335763,-0.062321698322873396,0.14565536693219888,-0.3288903643488029,-0.022052484256485476,-0.05540752457054864,-0.044306689766276205,0.00289400813986263,-0.00984864241270944,0.07732324960678531,-0.043223687767090846,-0.012451228780804163,-0.04433408677427107,-0.014197546744607333,0.08767375328010865,-0.04319652643452607,0.1667151939092976,-0.029627265113257206,-0.1835421387551729,0.05815199491196407,-0.2708700874099603,-0.04604820704788794,-0.037015522706528484,-0.01707005288730727,0.05355684780350634,-0.03178152218277531,-0.029627265113257147,-0.02611080299555657,0.05078805505029134,-0.05448746760529569,0.09744067132033285,-0.013932859287022174,-0.020044377417099114,-0.06271131682035486,0.07733070501906107,-0.03277677086190599,-0.013932859287022174,0.022052484256485406,-0.009848642412709446,-0.019717566915733408,-0.013932859287022162,0.023479925881654398,0.013523899184916532,-0.022052484256485486,0.3520584541549708,-0.01707005288730727,-0.26431350618050886,-0.01971756691573341,-0.03424603981716313,0.009307708825537558,-0.2140460141266539,0.3528641821176031,0.028417500239070952,-0.08197703986247182,-0.032287755477941125,-0.010611758042587903,0.003977415136655425,-0.002270015798453284,-0.10813059635333773,-0.0028160515114604373,0.13891649494126385,0.006922515864757398,-0.02611080299555658,-0.00984864241270944,0.09367084018891234,-0.017716976661110374,-0.009848642412709446,-0.06317747686879809,0.04226044059986277,0.2275726957818443,0.036596129498778336,0.013523899184916527,-0.2909894293829773,0.22805433839037453,0.19449222855889906,-0.2187785919884574,-0.4281925069743722,1.0,-0.022052484256485465,0.1064343157357001,-0.011226141965847182,0.033831066321891964,-0.030817905664249017,-0.013932859287022174,0.017420695565453836,-0.017149527114771454,-0.04559639724967519,-0.013730356250730366,-0.04593396147168594,0.022606990760940863,0.021595332863943485,0.001940603148264772,0.008395348393314217,0.05701527006555064,0.017790656750461955,-0.07399007485336344,-0.01971756691573342,-0.03424603981716304,-0.08958631520933817,0.18505903835234702,-0.035998923539657036,0.00032816563019739665,-0.06587335358028551,-0.04433408677427096,-0.027436827407319647,-0.03323686170030459,-0.07988699530564364,-0.031240646601085616,-0.05448746760529573,0.04910028262631842,-0.04965329446979483,-0.0436341204253,0.25647138909097184,-0.14432000220302216,-0.12811060433994434,-0.0760804169482469,0.004650693610503285,-0.04083149771822387,-0.10035567916656218,-0.15995968822118437,-0.16209253467845428,0.08562605964663565,0.10459116466186164,0.1854958937675179,0.19043930924618865,0.14631747588188232,0.03932883254098118,-0.00984864241270944,0.050804590959014205,-0.03935114644587333,0.00047924656208112883,-0.049241120726802375
GarageCars_4,0.011889817904796767,0.021827078963016507,-0.02965200591283301,-0.030420183645794904,-0.004731398822012779,0.013070410146502124,0.003577865667958146,0.017426447929618432,0.020716671367621328,0.0342526387962531,-0.01652877755776688,0.11448744500422786,0.013921426123407687,-0.04129753951220041,-0.005140350546553729,0.008661992661010314,-0.012653861597527934,-0.0061706355974794624,-0.027031447223989976,0.04123305811932417,0.003765710483793577,0.06100200378669437,-0.009964470738065619,-0.004868212244854892,0.0202493935819288,-0.011038980123063598,0.0662807212697495,-0.0189668435949606,-0.001534708362504997,-0.015377724734049776,-0.010691320615899898,-0.0030725772716427603,0.010379430931208161,0.04419117819444368,-0.005556366907682142,-0.0021711495620761116,-0.006170635597479464,-0.011923218300781774,-0.008197114701856351,-0.01983642877405669,-0.0111527790143812,-0.01589586081167062,-0.014020716627044166,-0.009452613864466955,-0.006362749135951436,0.11927398806427973,0.039923004364829644,-0.00461679992247371,-0.01344858849341383,-0.009964470738065634,-0.013832089107550639,0.026895741181293755,-0.007737444721353528,-0.013545272617357492,-0.012029856413112666,-0.014665921793182608,-0.007737444721353507,-0.009582867992366156,-0.005107585617360072,-0.014207376248196141,-0.010743383096991986,-0.004351261567380236,-0.00673129021972452,-0.005107585617360077,-0.00789342712626331,-0.002171149562076113,-0.0034364261168384905,-0.0037657104837934166,0.005972624500786075,-0.0015347083625049968,-0.002171149562076112,-0.0015347083625049968,-0.001534708362504997,-0.002171149562076113,0.07269374639485283,0.11525562724300799,-0.010211811937729553,-0.01706017183648313,-0.005768107913725603,-0.011403167655011896,-0.004351261567380231,-0.005107585617360069,0.012124261062967483,0.06514639284970468,-0.012653861597527936,0.002623488144253577,-0.00510758561736008,-0.028933600030863794,0.1656595732905604,-0.002171149562076112,0.007893427126263303,-0.0015347083625049964,-0.001534708362504996,-0.0015347083625049964,-0.005107585617360068,-0.00343642611683849,-0.0037657104837934196,-0.001534708362504997,-0.002171149562076113,-0.01103898012306359,-0.0015347083625049964,-0.012240793337638424,-0.024823880412261242,-0.0015347083625049968,0.07362667056232501,-0.01656826519887089,-0.002171149562076112,0.08263590962405555,-0.01873867374156372,-0.023759557467000335,-0.007893427126263316,-0.0026600166618645496,-0.004068831624680433,-0.007737444721353534,-0.0015347083625049964,-0.012135707849456657,-0.023826658636078864,-0.004868212244854889,0.07515287288533858,-0.0015347083625049972,-0.0192415464084219,-0.003436426116838489,0.08075583136869381,-0.017903797290939657,-0.02315180966126823,-0.00958286799236613,0.01212426106296749,-0.023577572434733074,0.023283070667982075,-0.005768107913725582,-0.016682707426064224,0.02167882879545564,-0.008197114701856334,0.05862103817605488,-0.0015347083625049966,-0.04982250109043528,0.01960352716754716,-0.028693560731830235,-0.007578476467859628,0.17949886639415294,-0.0026600166618645504,-0.009187134944244165,-0.02649237063336481,0.03877644632387181,0.044191178194443695,-0.002171149562076114,-0.07121009197519712,0.021972852037828908,-0.017060171836483156,-0.009888447161846833,0.019156590796585254,-0.011191854365782329,0.039903640953836896,-0.018558542447321733,0.010071781667543972,-0.008914530780917036,-0.005768107913725579,-0.010573230902697666,-0.011488351770097932,0.02099618599712721,-0.07129970953451933,0.09969771060981573,-0.004068831624680437,-0.002171149562076112,-0.003072577271642758,-0.010924159654485439,-0.026065146725016055,-0.0015347083625049972,0.03951570970931842,-0.03206945676508275,-0.008046597767243082,-0.0026600166618645426,-0.0015347083625049972,0.017937746375237013,-0.00971155491016699,-0.024082208470318063,0.034771924584770735,-0.0034364261168384935,-0.008634123135020827,-0.009051763559833712,-0.005972624500785994,-0.001534708362504997,0.015895860811670687,-0.008914530780917031,0.008893145316005463,-0.0069085556024139775,-0.0020545604441634968,-0.05552515383613726,-0.0067312902197245285,-0.01484628474600025,-0.004616799922473713,0.04448432665096696,-0.037377569202469534,0.015285321165011691,-0.0108082846990701,-0.005768107913725586,-0.0026600166618645474,0.012956519238016799,-0.00918713494424417,-0.004616799922473712,-0.00406883162468043,0.011377435748100767,-0.008490751179843287,-0.025144264135362734,-0.0021711495620761125,0.003072577271642473,0.05063384669043164,-0.02419628635419654,-0.0051075856173600715,-0.0021711495620761125,0.003436426116838166,-0.0015347083625049964,-0.003072577271642759,-0.0021711495620761125,-0.004616799922473715,-0.003436426116838488,-0.0034364261168384896,-0.017701308217096104,-0.00266001666186455,0.02287935898406175,-0.0030725772716427564,0.1245192891952236,-0.006908555602413995,-0.003139031729111152,-0.01793774637523705,-0.003809424920589216,0.009649370003023898,-0.007578476467859643,-0.017221971482700285,-0.004068831624680435,-0.011038980123063596,-0.006159778994379618,-0.01775808957294687,0.008985816970709106,-0.007081622235832761,0.16565957329056025,-0.0015347083625049968,-0.00032746628381576825,0.11029446578118117,-0.001534708362504997,0.03740286155486843,-0.002171149562076112,-0.005332099601774617,-0.017141202419866265,-0.0034364261168384914,0.018258401666682775,-0.0147957733958536,-0.008914530780917038,-0.03409214393127534,-0.06672499555547988,-0.022052484256485465,1.0,-0.020249393581928753,0.1245192891952239,-0.09831711657083304,0.10103621798641535,-0.002171149562076112,-0.011265587625256413,0.028780887699929716,-0.01916640514104036,0.010191222284356835,0.004137178098101763,-0.025610390417584714,0.02466575735169127,-0.01244874517859961,-0.014935844431046914,0.0378026916653217,-0.012029856413112652,-0.013056130606500025,-0.003072577271642757,-0.005336540965509578,-0.019391294713275307,-0.0297490423406356,0.046924737017898975,-0.006170635597479467,-0.011923218300781746,-0.0069085556024139775,0.115255627243008,-0.01475631315670824,-0.01244874517859959,-0.004868212244854895,0.07415256030396467,-0.003436426116838488,-0.007737444721353528,0.04871414723651819,0.004451375051185859,-0.02677443461358054,0.01005481222939648,-0.013351345073912502,-0.007250791265172628,-0.006362749135951446,-0.01563836857789008,0.001745729314889149,-0.03613463716168061,-0.0035557070934918136,0.04769897066815923,-0.013641409636416243,-0.010691320615899922,-0.00654948463860104,0.13047559622528912,-0.0015347083625049968,0.024505548887578634,-0.0011866401611836008,0.02341713900901796,-0.021633209994513552
HalfBath_1,0.03568878967116659,0.014092727468148734,0.3000986814873673,0.25658231454737696,0.20124788380047096,0.19811246490123516,-0.03823390004487595,-0.050139907926537344,-0.12295356932020121,0.4110516036707684,0.16247400156365374,0.1774580860592012,0.10570610432790192,0.22217211464806993,-0.04324183173443918,0.3045365712461168,0.1597728488212541,-0.06639983549278708,0.04255937049813206,-0.11121523920459274,0.026633758829017192,0.042815866257769314,0.06002472096839358,0.023019869266053775,-0.12967921192220205,-0.018149195646874748,-0.02009074196803575,0.04507657027956195,-0.019910326354183005,0.05533974756541049,0.01431428285980506,-0.012666320478116987,-0.042744527164900965,0.008143246098882128,-0.026688461216738093,0.04870014016841862,0.13841092468918986,-0.10373762937843628,-0.013062296602888424,0.014206094244276926,0.017897214169987415,-0.11055081164216718,0.22024178032492261,-0.06836302444006477,0.023461466978082525,-0.10225794042370637,-0.11200611134847645,0.03091175586319182,0.08642140370355783,0.18909113129807645,0.024067338838173705,-0.1138803324358659,-0.023678579839476393,-0.05907895748510666,0.038837687105043775,0.11161242270041645,0.009193743360811022,0.0006726719701679952,0.0652491934359962,-0.041491092830185185,0.030129616245207803,0.020575411955253226,0.03810106154959541,0.01593228795719328,0.03732492573628948,0.04870014016841856,-0.020249393581928763,-0.048853923337797346,0.0492910915802955,0.03442439603293321,0.010266516035504516,-0.019910326354183005,-0.019910326354183005,-0.0281671080974097,-0.09229218274477034,-0.14615254055460383,0.11134667841488494,-0.03059178804728191,-0.07483174902426987,-0.47773445136901765,0.0013189366637982698,-0.0005066805357411601,0.6297725008590134,-0.12263217660091369,-0.040102536585509066,0.051235796363809476,-0.016945649028675482,-0.04585054254264265,0.02952938776279182,0.010266516035504474,-0.026576525031164804,-0.019910326354182988,-0.019910326354182988,-0.019910326354183,-0.03338461752160978,0.052748420318357574,0.062246899206102976,-0.019910326354183005,-0.0281671080974097,-0.018149195646874772,-0.019910326354182998,0.0259118296568113,0.08571166446308214,-0.019910326354183005,-0.0779476584072711,-0.013987492414024832,-0.028167108097409715,-0.001763697705951482,0.1079452879638853,-0.1081543611273358,-0.03791387919958398,-0.03450935769897145,0.0501083405712292,0.009193743360811019,-0.019910326354182998,0.014419823014925087,0.09025357210837309,-0.011450909327216516,-0.08206317408075271,-0.01991032635418299,-0.048137994170089037,-0.020249393581928808,-0.005668677084209643,0.11455933667204353,-0.08815918662144576,-0.05289647765411803,0.14802810617346424,-0.10589082903381923,-0.05480727489307792,-0.04565835688129683,0.19339658010485902,-0.20797089837346064,-0.06488553856000003,-0.06396829222122005,-0.01991032635418298,0.08787425899707332,-0.12424477097570599,0.21437438699412228,-0.09831831469028722,-0.02663375882901716,0.02827402203996721,-0.0634290331237673,0.20295372066832604,-0.2203854066006968,0.021927755437279497,0.010266516035504507,0.03226761528126668,-0.015276585090305066,0.001197543304342003,0.07263481067923726,-0.034065783782616044,0.06550080875897829,-0.026676524003417842,-0.05303938872412351,0.023995408825684707,-0.048703958307508836,-0.016484964738323796,-0.031380294632406824,-0.013464902397465403,0.052969198074886994,0.045884102417543926,-0.007676311900720117,-0.05278642347095718,0.010266516035504453,-0.039861655622309346,-0.04700675611864274,-0.008851474971670192,-0.01991032635418299,-0.11503004967930568,0.13147208556549816,-0.05163563217645573,-0.03450935769897151,-0.019910326354182988,0.1311021651913603,-0.07309500395247528,0.1544755738607982,-0.1800598747832243,-0.044581998215357584,-0.06271005611307677,-0.013750947525533025,-0.021097166523593672,0.03442439603293319,0.07115648475991658,0.027807438199781424,-0.2026911713935895,-0.004020658952048684,0.1984916218381158,0.025406736450996288,-0.06224175669150376,0.25536279032355347,-0.023572546221629107,-0.14432468903755005,0.09521274183407676,-0.25741218377411657,-0.04455581933793177,0.01268842740464928,-0.03450935769897146,0.039920126710174225,-0.054135868210500745,-0.005411112193355499,-0.052786423470957286,0.07160244524166391,-0.019971771358797883,0.11889737835463442,0.04870014016841864,-0.041724349810267666,-0.08125372136401512,0.037928703374273495,-0.016945649028675486,-0.028167108097409705,0.020249393581928926,0.03442439603293322,-0.012666320478116978,0.04870014016841859,-0.05989541427817639,0.004083211051500028,-0.020249393581928787,0.06315514309408923,-0.03450935769897143,-0.01375520992594739,-0.012666320478116982,-0.053488327104313886,-0.0651681805144552,0.025956660789677254,0.0568776347724695,0.5761399273837804,-0.1310345204889241,0.002297156885287001,0.049898425713247624,0.02952938776279185,-0.03378213113031846,-0.26825524146410706,0.12397963618559406,0.1850353211718685,-0.020238923160581325,-0.05278642347095731,-0.01991032635418299,-0.044825926501380696,-0.00700020399524277,-0.019910326354182994,-0.05818440724504584,-0.028167108097409695,0.20540995604818485,0.04147580982513864,0.02841581568492893,-0.1664241847047523,0.14967647665675046,0.05649921189001523,-0.17079733456598428,0.14636912188370474,0.1064343157357001,-0.020249393581928753,1.0,-0.06923287500195474,0.16134384545362082,-0.15727086596188747,-0.028167108097409695,-0.0004202804904517874,-0.004615248493968924,0.011223735015865054,-0.027689763992366955,0.0499174043077195,0.012606446598009849,0.006649761584837233,-0.007594742110208982,-0.05117366309879971,0.019172977652125684,-0.02613076719925598,-0.1626827937628721,-0.012666320478117003,-0.0692328750019545,-0.02749508986271201,0.6214954701323031,0.028741551995735037,0.0018704179012052455,-0.030956784163387225,-0.08962718913941792,-0.14615254055460383,-0.1193794506613285,0.2162704638134274,-0.06315707721712188,-0.09011318142302939,-0.020249393581928815,-0.05655090303976399,-0.05054381910114588,0.12651855467799053,-0.031380928790632576,-0.07823319759716006,-0.03534384609425117,0.010949190863417835,-0.08254624455151284,-0.1001412038051431,-0.19548977126659245,-0.09645164905288985,0.08315889163032647,0.17217416066398641,0.183634929767381,0.07068883809186982,0.05673412128923019,0.03237125645012753,-0.01991032635418299,0.0151123836968662,-0.0013907995046632724,-0.012995884977097343,-0.0049311425430147
HalfBath_2,0.010113681856532867,0.0020939300407741405,-0.039462920771850776,-0.00909909204296762,-0.026608675480967004,0.025680526006806693,-0.012449486127504964,-0.002078438250662689,-0.00576188137348279,0.06067574012622571,0.008980261613958391,-0.01820002036230006,0.018833913241833432,-0.036757817404660956,0.11897611321382914,-0.02165641480910728,-0.019650604579045102,-0.009582586247911652,0.04716804975869871,-0.038139394241640534,0.005847897663954719,-0.015474159631352848,-0.01547415963135289,-0.007560009495377895,0.021999231309032335,0.024571348338585354,0.03444387192306519,-0.04449032857832407,-0.002383299907565852,-0.023880582677879753,0.026376252752488772,-0.004771507933626241,0.022880951726220393,-0.019650604579045074,0.07212681347805494,-0.0033716507168578026,-0.009582586247911645,-0.018515964184725175,-0.012729573375982284,-0.030804653195790527,-0.0173195232680506,0.005348462927041852,-0.021773239435992586,-0.014679279985591705,-0.009880925782424286,0.02515822715577454,0.045188716507497444,-0.007169582897510155,0.048731112584477564,-0.015474159631352874,-0.021480313456857716,-0.026367063552553634,-0.012015736500645894,0.0481339302888517,0.01984256735470458,-0.022775200101867166,-0.012015736500645878,-0.014881555974024787,-0.007931740405629894,0.11049713637789743,-0.07404929117853438,-0.0067572195113378836,-0.01045324554841355,-0.007931740405629894,-0.012257966790312519,-0.0033716507168578052,-0.005336540965509598,-0.005847897663954644,-0.06595618274229163,-0.0023832999075658525,-0.003371650716857803,0.28758485551294605,-0.002383299907565852,-0.0033716507168578052,-0.01340821837708621,0.26903720105508194,-0.015858264046692164,0.001781713898484765,-0.008957487554947328,-0.07536445296572798,-0.006757219511337877,-0.00793174040562989,0.05508481452082191,0.08186012892865997,-0.019650604579045054,-0.00694106338002829,-0.007931740405629897,-0.044931954476712964,0.21332880245215075,0.20173710122532512,0.012257966790312555,-0.002383299907565852,-0.0023832999075658508,-0.0023832999075658516,-0.00793174040562988,-0.005336540965509595,-0.005847897663954653,-0.002383299907565852,-0.003371650716857803,-0.017142801166454915,-0.0023832999075658516,-0.019009137073123517,-0.017422672511395166,-0.002383299907565852,0.02527273021588548,0.09021176817700652,-0.003371650716857803,-0.012015736500645885,-0.003697298327373902,-0.03689701085780283,-0.012257966790312535,0.16339722708135612,-0.006318624614238612,-0.012015736500645887,-0.0023832999075658516,-0.018845946306467812,-0.03700121450585047,-0.007560009495377893,0.00517132522793769,-0.002383299907565853,0.07252767386213352,-0.005336540965509591,-0.012257966790312517,-0.0022732343853980003,-0.03595321897876421,0.03276553113579142,0.005643935914018624,-0.018052933441351872,0.025427524938422683,-0.008957487554947314,-0.03233985764105492,0.03991921739932029,-0.01272957337598226,-0.03034485645172021,-0.0023832999075658525,0.033921287725513595,0.07329795584389227,-0.05066777314176049,-0.011768869386923057,-0.005847897663954651,-0.0041308287745286726,-0.014267008897816512,-0.0012199240745970029,0.005497009409691529,-0.01965060457904508,-0.003371650716857807,0.02624039736159591,-0.0026635610179045624,-0.026493311012251414,-0.03485167061421808,-0.030575268693061004,-0.00731072101920947,0.013549511872649255,0.02390847079794167,-0.013635574775536641,-0.013843672781892073,-0.008957487554947303,-0.016419523636361108,0.06255238639532437,-0.015189794208567116,0.01362753253429268,-0.010170913585369241,-0.006318624614238614,-0.0033716507168578044,-0.004771507933626239,-0.01696449262338923,0.02082656533807921,-0.0023832999075658525,0.05803218260217982,0.0240160632703059,-0.012495830597800392,-0.0041308287745286665,-0.002383299907565853,0.027856125842868763,0.03196740812821005,-0.043588676012379445,0.044894813320106225,-0.005336540965509599,-0.013408218377086218,0.036244458408237826,-0.009275088198134775,-0.0023832999075658525,-0.005348462927041858,-0.013843672781892047,-0.013622565128657702,-0.010728526885571868,0.02638571899566813,0.0029222054099392047,-0.01045324554841355,0.008820395710906549,0.08975255627253458,-0.020295839230169935,-0.024575081955103762,0.051097201103723275,0.025759616553307867,-0.008957487554947309,-0.004130828774528672,-0.01587950240585929,-0.014267008897816496,-0.007169582897510156,-0.0063186246142386115,0.017668400218088125,-0.013185571276262133,-0.027999081792429086,-0.003371650716857803,0.004771507933626107,-0.017840645415567884,-0.026690336079090167,-0.007931740405629885,-0.0033716507168578044,-0.12451928919522412,-0.0023832999075658516,-0.004771507933626242,-0.003371650716857805,-0.0071695828975101615,-0.0053365409655096,-0.005336540965509596,-7.510642930355142e-05,-0.004130828774528672,0.01313203098505206,-0.004771507933626239,0.15976058931860038,0.0545366783349903,-0.03650614119776611,-0.0007428300224764972,0.05840262636295076,-0.015401074423629204,-0.011768869386923089,0.0293575508175813,-0.006318624614238609,-0.01714280116645495,-0.016619242288612068,-0.08553088898139621,0.09132167250051562,0.05271715760456783,0.10350508891895618,-0.002383299907565853,-0.04381862248440801,0.21641872462314457,-0.0023832999075658525,0.07808482933133097,0.20173710122532512,-0.020491888287855635,0.05786770894197221,-0.005336540965509595,-0.020491888287855607,-0.019938245700736403,-0.013843672781892075,-0.0529428297031685,0.003479132878549193,-0.011226141965847182,0.1245192891952239,-0.06923287500195474,1.0,-0.2318801873054354,0.2378227015720326,-0.003371650716857804,0.023438422267824957,-0.025471231471970432,-0.0040811365578916755,-0.014807172546982439,-0.0015924624100305262,-0.03977123120338534,0.027338740266493522,0.09267120438007463,-0.02319437198728125,0.01175938669960785,-0.018681566073312245,-0.020275301567295633,-0.004771507933626238,-0.008287292817679554,-0.030113389635994057,0.02899624617395243,-0.01884594630646781,-0.009582586247911662,-0.01851596418472515,-0.010728526885571858,0.26903720105508194,0.009131109098123693,-0.01933207243690297,-0.007560009495377893,-0.013185571276262143,-0.0053365409655096,-0.0120157365006459,0.02081711560221168,0.019146054014584933,-0.001429962662446372,-0.014956373517758808,-0.02073374998009233,-0.011259996084115266,-0.009880925782424312,-0.024285345213947734,-0.04385443436399049,-0.022148084904238658,-0.012784653421841425,0.05591261108381424,0.047546762095057656,-0.01660290909866483,-0.010170913585369241,0.16752797159769792,-0.002383299907565853,0.023529731784167236,0.009367430255209443,0.0039913087818783805,-0.010238456320974386
KitchenAbvGr_1,0.004823315227458872,0.016554569267611813,0.1851497204987936,0.16849960420233284,0.15998892687412142,0.03119473723907795,-0.01978416777518429,0.06975784825855684,-0.0724352555323427,-0.09450523648194811,0.057458440256321165,0.07282327505599984,0.09524623051388781,0.08091765168257807,-0.0651615844032958,0.1405836420211061,0.04770945035605947,-0.13283538692690955,0.07645480442354646,-0.07155992656985663,-0.014198035595468615,-0.0017787574461817495,0.037569513332991196,0.018354849911116418,-0.08714046177707001,0.005875875765850524,-0.006775817178998186,0.03285826367984666,0.005786383221250465,0.03149316916864445,0.003481087968200407,0.011584682800326714,-1.9844856639575707e-05,0.0319502201479493,0.020949431847263295,0.008185987451268346,0.023265438019394326,0.028313236323887343,0.030905967630272136,0.07479022166816297,-0.01105809151410868,-0.03014272961544138,0.05286296825034213,0.014958447865328534,0.02398977274170909,-0.08514467999113798,-0.04069538145837104,0.01740693819095899,0.02087887801253648,0.03756951333299103,0.05215177702956732,-0.1670887566574632,-0.020935811616948317,-0.03783592489275598,-0.03717172036748945,0.05529561567627633,0.02917285225312466,0.036130738528053964,0.019257370611542795,-0.13101872162999997,0.11045990934250513,0.016405766424354908,0.025379300547503692,-0.05591846118752794,0.029760960060856274,0.008185987451268417,0.012956519238016804,0.014198035595468702,0.10641268738800168,0.005786383221250473,0.008185987451268403,-0.11845066829383338,-0.11845066829383338,0.00818598745126842,-0.35073923000415613,-0.7467270409540386,0.03850207550742485,0.06432276937955023,-0.011604901910683856,0.03779331233131985,-0.027624415523362134,-0.09350637708706311,-0.0019345185153339661,-0.06776630169292724,0.04770945035605953,-0.014610916118398928,-0.018330545287992536,0.03538348013713212,-0.03171313653210734,-0.07969299548146565,0.019391756781734413,0.0057863832212505266,0.0057863832212505205,-0.11845066829383338,-0.018330545287992543,0.012956519238016804,0.01419803559546869,-0.11845066829383338,0.008185987451268395,-0.029869035143073455,0.005786383221250409,0.04615203964100056,0.0211790745203802,0.00578638322125044,-0.02501668707209167,-0.08655712059184488,0.008185987451268327,-0.020935811616948203,0.08153507141380853,-0.0037858661409633627,0.005184601639560958,-0.06174832227747167,0.015340907509434095,-0.020935811616948297,0.005786383221250409,0.04575583087556492,0.024609469000524457,0.01835484991111645,-0.018682023531841275,0.0057863832212504745,-0.09199142992126935,-0.15395393447525804,-0.019391756781734333,0.0921149726263806,0.0016681346479718053,-0.02511254117507151,0.02630945180854169,-0.055577926670905074,0.04552994367618464,-0.07831024360201629,0.14282663713986657,-0.1393414533632017,-0.06388964737014202,0.030336306437053352,0.00578638322125053,-0.002884946533749566,-0.055550855293789385,0.15136892576667155,-0.25260923221267606,-0.0874153564113165,0.010029186102391879,-0.05035708362235144,0.1301466455867232,-0.1501081484477582,0.01619098993983921,0.00818598745126839,0.009569692722167913,0.02522987273183001,0.027979408971600082,-0.07548114136743463,0.04192588319382886,0.07527329976221633,-0.008200490159159494,-0.009098545386682403,-0.1341408327925238,0.03361087526220579,0.021747768934982467,0.021257801712282743,-0.008351599189060603,-0.03820690361032666,0.0779104933098505,-0.034216287877650554,0.015340907509434043,0.008185987451268322,-0.17496278288140496,-0.06709717232751089,-0.024298809073621256,0.005786383221250507,-0.14327569368360152,0.24478651134162932,-0.1144136940855424,-0.13352583065733503,0.005786383221250506,0.14146924744888856,-0.06417453092148721,0.16108611275522056,-0.16750664661612963,0.012956519238016806,0.010007001630974488,-0.030526515871996666,-0.07417979867711325,0.00578638322125048,0.04301067851560063,0.03361087526220568,-0.07466819183787679,-0.0019152685712316017,0.06001837260644267,0.10431015718769687,0.025379300547503564,0.028661327075429715,-0.14869848506917296,-0.08818838315697997,0.11224609762409626,-0.19569549175977735,-0.050389391808834644,-0.04495757275635013,-0.06174832227747167,0.07454361054766748,-0.05035708362235151,0.01740693819095909,-0.07876718057364894,0.061369678929675216,0.009101757775655224,0.13503859193939824,0.00818598745126834,-0.011584682800326682,0.04331507376021194,-0.04401706320203818,0.019257370611542732,-0.07969299548146565,0.09831711657083303,0.005786383221250405,0.011584682800326696,0.008185987451268419,-0.024119417624073963,-0.042680298666408135,0.01295651923801681,0.05499459498875646,-0.06174832227747175,-0.0190877868249369,-0.11278029432082787,-0.2318801873054352,-0.05784111085119339,0.057574957615235,0.05601482013724282,-0.030253671603063404,-0.030801962392771675,0.028573486759848124,0.052914313388086796,0.015340907509434018,0.041620786674774445,0.027757630137052645,0.19894695097892506,-0.23092651258840688,-0.08249381443752424,-0.26698335673981555,-0.11845066829383338,0.12847742865838763,-0.20311135352066714,0.005786383221250519,0.010369247833097534,-0.07969299548146566,0.15875245550287678,0.0042975328719091046,0.01295651923801682,0.18491256668055178,-0.16423462873274755,-0.010125201282197365,0.07618504780534538,0.002478408215708249,0.033831066321891964,-0.09831711657083304,0.16134384545362082,-0.2318801873054354,1.0,-0.9766405131710995,-0.16757197841419966,0.04247517561311166,0.02426292000391393,-0.015767239050480664,0.0328251612164191,-0.001858656406541072,0.007961714447559783,-0.02722377259244466,-0.03304370873660587,0.01555781018048517,-0.06207364179507781,0.02885104330226082,0.04922614414675841,0.011584682800326776,0.020120611744070104,0.05130974852653431,0.11216421546511532,0.013009010739131159,-0.00795472696986636,0.044954671522307255,0.02604765256874926,-0.7467270409540387,0.05563642249145311,0.04693609026114695,0.01835484991111644,-0.3574793829817682,-0.04268029866640815,-0.020935811616948363,-0.1568199725116764,0.0015616480466889226,0.04074245298640003,0.042549573567987914,0.020316639989969156,0.000657866305510083,0.02398977274170909,0.03286000564250276,0.0981607042165039,0.0634750594076571,0.08030961797603037,-0.15844400702443093,-0.05163454668687292,-0.14383451880202294,-0.06367134701760933,-0.1310942929865986,-0.11845066829383333,-0.005264457441634625,0.017282096506175196,-0.009690447305005193,-0.01850627885950409
KitchenAbvGr_2,0.0020263871039896187,-0.013720762310174195,-0.18124861103420056,-0.158871516854356,-0.16240172154039417,-0.030781225954442444,0.021091338062725312,-0.06640907759400766,0.07999673418472068,0.09640828042473305,-0.056031362641445766,-0.057951195804651474,-0.09088108970658933,-0.08347807080153688,0.06745025650690423,-0.13542944911780044,-0.046594982078853146,0.1367687769070555,-0.06701706606298174,0.05865198090879059,0.013866376769980012,0.003510858063484359,-0.03669190878112086,-0.017926090036371297,0.08834831926990012,-0.004127390870981559,0.008507030040305669,-0.03693050615751043,-0.0056512162786067095,-0.04309430631348097,-0.0017396824266472032,-0.011314070555035515,0.008617220139952532,-0.03049352081610143,-0.02046006386995422,-0.007994766985218926,-0.022721969326411705,-0.026901729046184198,-0.0301840200864783,-0.073043160470175,0.01319365856926687,0.020351442762869907,-0.051628116439761715,-0.013676806870277626,-0.023429383961320882,0.08885027426906203,0.045831542883387484,-0.017000321047555857,-0.019046686171549882,-0.03669190878112092,-0.05093353828094132,0.14874774229283297,0.022705445702601516,0.04095961242166305,0.040023437235430726,-0.05400393847019043,-0.02849138939515635,-0.035286743017289485,-0.0188075283163832,0.1362785133640206,-0.11682792057169854,-0.016022536139647162,-0.024786453110637558,0.05800083907360129,-0.029065759306299364,-0.007994766985218928,-0.012653861597527908,-0.013866376769980053,-0.10973862376713484,-0.005651216278606707,-0.007994766985218928,0.1212837955177902,0.12128379551779012,-0.007994766985218931,0.33678707471375763,0.7469390529449853,-0.03760268678172387,-0.06282022249543039,0.012837212875981663,-0.028705772378770967,0.028963815329362104,0.05800083907360127,0.001358863661879787,0.049714107512596306,-0.046594982078853146,0.025733548051703217,0.019596655378609083,-0.039602007367111294,0.03309332866249826,0.08179261607954759,0.003955695053520077,-0.005651216278606706,-0.005651216278606707,0.1212837955177902,-0.01880752831638317,-0.01265386159752792,-0.013866376769980057,0.12128379551779012,-0.007994766985218928,0.032393764714673486,-0.005651216278606707,-0.045073951678879745,-0.017420158498061916,-0.0056512162786067095,0.02047339693639623,0.0912526096710672,-0.007994766985218928,0.022705445702601485,-0.07595100197686348,0.007906043685764575,-0.0290657593062994,0.06354133573890541,-0.014982551782524108,0.022705445702601527,-0.005651216278606707,-0.04468699814688165,-0.021094527143673197,-0.01792609003637128,0.013827025696634887,-0.005651216278606708,0.08605179880657138,0.15788125777838688,0.021154369199259244,-0.08688160749598645,0.0022303151607736805,0.027286509782600357,-0.027498459194039458,0.05537498724071964,-0.04343030511429127,0.08099114305392009,-0.13886911320158357,0.13457687184085482,0.0666701982129906,-0.027674193410373225,-0.005651216278606708,-0.0007647066894295896,0.05878556477951584,-0.1524536490857575,0.2593829225623539,0.08995367494371656,-0.009794909461728514,0.05301201323394218,-0.13115908667997456,0.149439393514972,-0.0304935208161015,-0.007994766985218936,-0.00017093549584530477,-0.034113003044383,-0.025687621344285344,0.07737847895239754,-0.03949023604384963,-0.0779445286784407,0.010680607796028613,0.01245017609377924,0.12964620779339125,-0.03282574246421043,-0.02123975221298774,-0.019922508836238216,0.010485422393942847,0.0354682886838409,-0.0810937955855166,0.03607242871230971,-0.01498255178252409,-0.007994766985218928,0.17928450264133183,0.07041084279318015,0.020310909754999735,-0.00565121627860671,0.13821228928762508,-0.23926642717358876,0.11826585618728273,0.13687758093953933,-0.005651216278606709,-0.13572098469288627,0.06721864913252762,-0.15642654245727697,0.16124955535149132,-0.012653861597527929,-0.008756937290519374,0.03272779381486449,0.07680575825839565,-0.005651216278606709,-0.046646227217551295,-0.032825742464210404,0.07027494915901895,0.0031309775718948783,-0.05611737812431415,-0.10689518297742268,-0.02478645311063757,-0.026760600673150316,0.15271228564941206,0.08856261078373134,-0.10833130078863054,0.18936281794898027,0.034696618815028654,0.04691417796495091,0.06354133573890529,-0.06260516110071151,0.05301201323394211,-0.01700032104755588,0.03309332866249833,-0.046880865051898965,-0.007856401172962919,-0.1167702764324845,-0.007994766985218928,0.011314070555035508,-0.04230325586521748,0.041937763400748305,-0.018807528316383184,0.08179261607954762,-0.10103621798641528,-0.005651216278606708,-0.011314070555035517,-0.00799476698521893,0.02542783062668604,0.04419117819444363,-0.012653861597527911,-0.06518106214382645,0.0635413357389054,0.0254188056033661,0.05221878717708684,0.23782270157203272,0.060271318258976324,-0.04617582046629127,-0.06605169216110815,0.026195091617286004,0.026030492032077843,-0.0279060247722257,-0.05113651983220892,-0.014982551782524084,-0.0406485464566366,-0.03812055123225295,-0.19223788564225025,0.23065111382037587,0.08548879846974718,0.2734727308876102,0.12128379551779012,-0.12308644567577064,0.20853722029335361,-0.005651216278606709,-0.008195690200134154,-0.007994766985218928,-0.1532753009968356,-0.001477692959815194,-0.0126538615975279,-0.1800035111437907,0.15834426132874777,0.0118601167411483,-0.07204550257049717,0.0021101915804012457,-0.030817905664249017,0.10103621798641535,-0.15727086596188747,0.2378227015720326,-0.9766405131710995,1.0,-0.007994766985218928,-0.0414829773078221,-0.022002279359473947,0.01936699556780622,-0.029522887270886845,-0.002313678717644939,-0.003782098968333344,0.030823326991090652,0.035876971362356055,-0.027237491859732777,0.051125408392636525,-0.02743309190018701,-0.048076246680924875,-0.011314070555035529,-0.019650604579045095,-0.049128431013981885,-0.10954411695128408,-0.011229040559985687,-0.02272196932641174,-0.04390455346498443,-0.025439192771645858,0.7469390529449853,-0.05433678421305707,-0.04583968727889174,-0.017926090036371335,0.34327663084313514,0.044191178194443674,0.022705445702601537,0.1622336143418755,-0.010384902335564414,-0.03707688095170412,-0.03944704501459128,-0.018488765084865195,0.0005601272341330139,-0.02342938396132089,-0.044250298452988356,-0.09549301001277327,-0.05871237719107162,-0.0766803025491182,0.1557658070317565,0.055074226840461586,0.14877506381957492,0.03607242871230964,0.1348092064635858,0.12128379551779012,0.010752119100781547,-0.012548405007138812,-0.0003774848091266345,0.02258475317899621
KitchenAbvGr_3,-0.01121471174980096,-0.015734220693988034,-0.04284478335911925,-0.07638355972755706,0.0029327777749558063,-0.021138893843653167,0.01888760018089228,-0.022373934053261477,-0.024642464518273625,0.019709096878496223,-0.03364610846416261,-0.05076982427822359,-0.021946431405469796,0.017524870553188802,-0.0032476967228777295,-0.0333088176672268,-0.007994766985218954,-0.0038986354775828493,-0.07148166468841542,0.08840336308164658,0.0023791929143278843,-0.006295597677267973,-0.006295597677267974,-0.003075758513101484,0.0281671080974097,-0.0069744775662473005,-0.0058888771111464365,0.012486134942289388,-0.0009696356842476745,-0.009715716033719199,-0.006754824717308872,-0.0019412682161517043,-0.018203468897253453,-0.007994766985218924,-0.0035105377412993403,-0.001371742112482856,-0.003898635477582844,-0.0075331432459535275,-0.005178974140609905,-0.01253274541097059,-0.007046376220444554,-0.01004307675086371,-0.00885835217455685,-0.0059722041896227785,-0.00402001368003524,-0.006901933474916699,-0.01580862203401313,-0.0029169150707926985,-0.008496879032243013,-0.006295597677267978,-0.00873917645466077,0.1278735764465234,-0.004888552568041251,-0.008557964499010756,-0.007600517687601894,-0.009265995716504868,-0.004888552568041237,-0.006054499336712149,-0.003226995692431685,-0.00897628456738078,0.014755908757214681,-0.002749146737130394,-0.004252859603513771,-0.0032269956924316874,-0.004987102956903682,-0.001371742112482855,-0.0021711495620761116,-0.0023791929143279085,0.0037735311711741253,-0.0009696356842476733,-0.0013717421124828549,-0.0009696356842476746,-0.0009696356842476745,-0.0013717421124828546,0.12300321140362082,-0.007117649210979692,-0.006451868965832092,-0.010778693722011543,-0.0036443166665298815,-0.03683464734148902,-0.002749146737130393,0.2109281729871256,0.015706089547585674,-0.005972204189622777,-0.007994766985218936,-0.02523131548858849,-0.0032269956924316874,0.02837933018524992,-0.0025707062220251234,-0.001371742112482857,0.004987102956903721,-0.000969635684247673,-0.0009696356842476739,-0.0009696356842476745,-0.003226995692431686,-0.002171149562076109,-0.0023791929143279094,-0.0009696356842476745,-0.0013717421124828549,-0.006974477566247312,-0.0009696356842476745,-0.00773378859049304,-0.015683839912058236,-0.0009696356842476746,0.03616464688374221,-0.010467904883688801,-0.0013717421124828566,-0.004888552568041238,-0.02734160130331212,-0.01501139586177357,-0.004987102956903681,-0.0016806105570620106,-0.002570706222025128,-0.004888552568041249,-0.0009696356842476745,-0.007667395103803947,-0.015053790683866723,-0.0030757585131014832,0.0370100804922734,-0.0009696356842476733,-0.01215689604196889,-0.0021711495620761125,-0.004987102956903668,-0.0268919662742531,-0.014627418049533577,-0.006054499336712137,-0.024523543328686448,0.030413517828002355,-0.011481248270994485,-0.0036443166665298746,-0.02624297183773524,0.028961897979320566,-0.0051789741406098955,-0.012345679012345649,-0.0009696356842476727,0.013800735245226936,-0.03244821725524744,0.004238546139221619,-0.004788115706539687,-0.002379192914327908,-0.0016806105570620117,-0.00580447340718058,-0.03173031822146068,0.03934093327187637,-0.007994766985218935,-0.0013717421124828557,0.01067579685203282,-0.011773805930454748,-0.010778693722011552,0.02547920247146074,-0.012439421277254198,-0.0234579748995832,-0.00855796449901075,-0.011725371050416572,0.05400729425109488,-0.0056322408639206826,-0.0036443166665298724,-0.006680215102439393,-0.0072583926051557135,0.01326548526958293,0.005544305100482517,-0.004137994015132543,-0.00257070622202513,-0.0013717421124828568,-0.0019412682161517043,-0.006901933474916698,0.033414481069202646,-0.000969635684247673,0.016829896518341894,-0.06531032317728545,-0.005083876860598743,-0.001680610557062008,-0.000969635684247673,-0.05485244253689965,-0.0061358043133735605,-0.030326991359793963,0.036784221542529416,-0.002171149562076112,-0.0054550780450818934,-0.005718945154284295,-0.0037735311711740278,-0.0009696356842476731,0.010043076750863727,-0.005632240863920685,0.022360249774329252,-0.0043648566739910395,-0.019347581985605863,-0.011764659440747921,-0.004252859603513768,-0.009379949845798076,-0.0029169150707926924,0.01971401181007471,-0.023615317264574654,0.039340933271876474,0.09702477481355716,-0.00364431666652987,-0.0016806105570620093,-0.07969299548146559,-0.005804473407180589,-0.0029169150707927007,0.2655172283605951,-0.09182055659026374,-0.00536449499539186,-0.12376504725779877,-0.0013717421124828562,0.001941268216151807,-0.007258392605155701,0.011283500418642716,-0.003226995692431685,-0.0013717421124828562,0.002171149562076346,-0.0009696356842476745,-0.0019412682161517052,-0.0013717421124828544,-0.002916915070792693,-0.0021711495620761125,-0.0021711495620761094,0.055735492498465926,-0.0016806105570620125,-0.04022013829788034,-0.0019412682161517015,-0.0033716507168578035,-0.004364856673991039,-0.030938769309626156,0.054852442536899755,0.04245206509489695,0.0378854898485046,-0.004788115706539697,-0.010880919470240813,-0.0025707062220251273,-0.006974477566247309,0.06498086972367319,-0.04100268913021271,-0.015307096172391168,-0.004474200955689975,-0.0025707062220251277,-0.0009696356842476733,-0.030413517828002397,-0.0037735311711740234,-0.0009696356842476731,-0.008917470598945855,-0.0013717421124828555,-0.0331780154250969,-0.01082988921105902,-0.0021711495620761086,-0.03317801542509688,0.03515674614164969,-0.00563224086392069,-0.021539570719687647,-0.004809189893497956,-0.013932859287022174,-0.002171149562076112,-0.028167108097409695,-0.003371650716857804,-0.16757197841419966,-0.007994766985218928,1.0,-0.0071176492109796905,-0.010362864899440887,-0.012109421449406021,-0.01492644894615325,0.03196985888095494,-0.016180760490463516,-0.011183766586863219,-0.00786517350408786,-0.009436534059849977,0.0729973071599558,-0.00760051768760189,-0.008248922364374902,-0.0019412682161517045,-0.0033716507168577974,-0.012251507698221586,-0.018795579492765915,-0.007667395103803939,0.17397660818713465,-0.007533143245953504,-0.004364856673991031,-0.0071176492109796905,-0.009323105388781101,-0.007865173504087853,-0.003075758513101486,0.12517154989247672,-0.0021711495620761077,-0.0048885525680412425,-0.007465258113202614,0.03267496163728767,-0.016916208877958243,-0.014968948818546305,-0.008435440200012466,-0.004581082713504679,-0.004020013680035248,-0.009880391993036006,-0.017841994763996196,-0.022830027179964324,-0.019975740260252093,0.041219342535667815,-0.008618704302437913,-0.006754824717308888,0.1636806521541318,-0.003226995692431687,-0.000969635684247673,-0.0199757402602521,-0.018993023719131457,0.06747988195058123,-0.013667959912113576
MoSold_2,0.001837142252663208,-0.015769410949220446,0.02361900192383162,0.0549686365568598,0.021484941255951347,0.02544491765124932,-0.00016316213427763576,0.018174240514038455,-0.007847357184817931,-0.020030596224148878,0.03543855496244777,0.03401260270395599,0.03676017870489311,-0.021277774304093146,-0.016851539226460117,-0.007354529617364089,-0.005645612296330784,-0.020229108283837036,0.045287530333546724,-0.03903504461785435,0.012345075955117751,0.012073691982713158,-0.010296346462415297,-0.015959392042222867,-0.00724983846029305,0.0044540226437073975,-0.03055600695078305,0.003746110077343806,-0.005031212937271013,-0.035354812434922715,-0.014111464557454944,-0.010072787050317245,0.03732110947313572,0.03019175271516032,-0.018215359838481302,-0.007117649210979692,0.015269086541165445,-0.020165945532297783,-0.026872486358879677,0.05669237303720887,0.0036948023417482903,-0.022848747250681985,0.0030433753582572256,-0.007473287142415066,-0.020858911407218385,0.005228515427064167,-0.02061197434974094,0.03208142953297192,0.057653956090853095,-0.03266638490754367,-0.028810955065508854,-0.0280013139494198,-0.025365556697659847,0.02298734743406698,0.016864977353718343,0.014707555848021425,-0.02536555669765982,0.01500815818769417,-0.016744126417827954,-0.030431319785141797,0.001325162798887833,0.0357988600686804,-0.02206709448218941,-0.01674412641782796,0.05795509498591991,0.09280319548161986,-0.011265587625256424,-0.012345075955117746,0.019579971277910255,-0.005031212937271009,-0.007117649210979691,-0.0050312129372710145,-0.005031212937271013,-0.007117649210979691,-0.002668969601727895,-0.03693181818181824,-0.011618219283142899,0.012944228075322237,-0.01890950741399708,0.04540213336513531,-0.014264679874110139,-0.016744126417827954,0.0172668701178274,-0.030988371685359006,-0.023564294802076436,0.012177978896020496,-0.016744126417827954,-0.0017347977084094968,-0.013338793747273248,-0.007117649210979696,0.025876911631758138,-0.005031212937271009,-0.005031212937271012,-0.005031212937271013,-0.016744126417827927,-0.011265587625256411,-0.01234507595511773,-0.005031212937271013,-0.007117649210979691,-0.03618893398012251,-0.005031212937271012,-0.003188040036738182,0.021543365076461735,-0.005031212937271013,-0.029293762683821205,0.04452788754588478,-0.007117649210979695,0.0031219146704812096,0.028289074476514,-0.024809821796589377,-0.02587691163175811,-0.008720295379563255,-0.013338793747273262,-0.025365556697659837,-0.005031212937271012,-0.0025502769955266925,0.027836516815557218,-0.015959392042222874,-0.027397000777310044,-0.00503121293727101,0.049171777605515915,-0.011265587625256413,-0.02587691163175807,0.023703252456255965,-0.04344663786668684,0.015008158187694147,0.02529541482229489,-0.04564559043964596,0.044966546490033135,0.019013405806381643,0.012685320067522996,-0.017277000574456854,7.382551197491168e-05,-0.0024638016499545137,-0.005031212937271008,0.003837290367927293,0.010581618486103103,0.021992825261394604,-0.024844413297953363,-0.012345075955117754,-0.008720295379563245,-0.005957417642276657,0.04479781855823222,-0.04022973465798065,0.030191752715160388,-0.007117649210979697,-0.00015218190841346938,-0.02269013665804103,-0.014604712143293591,0.021401829317437514,0.008923615589396347,0.017269881984787957,-0.027557121321562277,-0.022309249887231413,-0.0367085757892116,-0.004359814481497165,-0.018909507413997072,0.0499643954935831,0.0015021921328344167,-0.0243047289019099,0.028768103322607923,-0.021471083791061395,-0.013338793747273285,-0.007117649210979694,-0.010072787050317243,-0.03581251964558989,-0.02571925063892251,-0.005031212937271011,0.02237655574620325,0.03571479127801456,-0.026379048799532265,-0.00872029537956325,-0.005031212937271011,0.04559654099769701,-0.03183725449003087,0.02358949108974825,-0.001316308470240073,-0.011265587625256436,0.022967185783289944,0.019335270783424233,-0.019579971277910183,-0.00503121293727101,-0.006413683438787935,-0.004359814481497195,0.007437314738797308,-0.022648221104358747,0.007672970056952914,0.03977532041747607,-0.022067094482189402,-0.0020846573457537956,-0.015135190545797247,-0.031680740721436874,0.04866977293895053,-0.032824866705301395,-0.035432648401622864,-0.01890950741399707,-0.008720295379563248,0.024937348578286264,-0.030118055858176427,-0.015135190545797247,-0.013338793747273252,0.017539492329014448,-0.0017843019688105952,0.03059793109443031,-0.007117649210979695,0.010072787050317472,-0.03766210275892009,0.04529073554788372,-0.01674412641782797,-0.007117649210979695,0.011265587625256614,-0.005031212937271012,-0.010072787050317252,-0.007117649210979689,-0.015135190545797251,-0.011265587625256404,-0.011265587625256424,-0.031320074377594875,-0.008720295379563248,0.053182160730823096,-0.010072787050317241,-0.01749470753005115,-0.022648221104358702,0.03208569954268996,-0.03238801920074513,-0.025916974460529447,-0.025463144537972947,0.03328514345687352,-0.0017970890605637745,-0.013338793747273266,-0.03618893398012255,0.027913183495808555,0.02499628195724633,-0.037546858865761853,-0.023215583025580848,-0.013338793747273264,-0.00503121293727101,0.023039565323674734,-0.019579971277910238,-0.00503121293727101,0.0024470066235771607,0.09280319548161993,-0.01599290881533735,0.012403974639738462,-0.011265587625256406,-0.030865295356988776,0.034391346737989034,-0.029224381446285707,-0.018219572677303973,0.019766973759410143,0.017420695565453836,-0.011265587625256413,-0.0004202804904517874,0.023438422267824957,0.04247517561311166,-0.0414829773078221,-0.0071176492109796905,1.0,-0.05377048390057113,-0.0628329576240686,-0.07744985489438656,-0.08798466199088549,-0.08395818433360147,-0.058029950891197904,-0.040810547023494625,-0.048963969680790746,-0.04596391901367907,-0.03943730984848145,-0.007968661023426611,-0.01007278705031725,-0.01749470753005113,-0.05117537735564883,0.03068539690549782,-0.0025502769955266977,-0.020229108283837016,-0.020165945532297707,-0.022648221104358664,-0.03693181818181824,0.01407207026970886,-0.004434845769341916,-0.015959392042222884,-0.027835110713445188,-0.011265587625256408,-0.025365556697659903,-0.0005750206138130184,0.02055249044744171,0.019800114101728217,-0.013843688172419525,-0.026701282342634372,-0.02377016748592156,-0.020858911407218364,0.052608688273887476,-0.016961832493107773,0.005644175104474027,-0.006349346554285948,0.02587497016483197,-0.0112374444545282,-0.035049206685386095,-0.021471083791061402,-0.016744126417827965,-0.00503121293727101,-0.032885737687656465,-0.007530923330206594,-0.017859740693510946,0.09975539261517472
MoSold_3,0.009647781857346955,0.0022082231826755653,0.004720845284005249,0.004075103235071621,0.009238075574679993,0.03369941942650199,0.01724920278476527,0.02750300896056187,0.023862047429806767,0.010536513971430385,0.04177285314481948,-0.01105199884285495,-0.0113322992010158,0.0011561740204032644,-0.009898567174042501,0.008218710540249943,0.016392136415225623,0.02125570749731396,0.009268245116266574,-0.02094056422056778,0.01797368070610669,0.01634952751810669,-0.015605372316479325,0.008768266182002146,-0.022776063706009295,-0.023660293833119017,0.006575224628259141,-0.019027819657949297,-0.007325140422603417,0.0018857687043144767,0.038697212191829436,0.035833300157829324,-0.0434006394674378,-0.009204140767907423,0.0015781404292870042,-0.010362864899440887,-0.004098322687390607,-0.043394764377947065,0.037859218605264935,-0.01643484225169867,0.04740271716534734,0.018180339861808285,-0.00858285215553267,0.005268656697423424,-0.030369307963219624,0.006484980974480625,-0.01707526200725513,-0.022035918068488727,-0.003633391409970645,0.0003720776008136829,0.04026578542121167,-0.031650088815803216,0.0851496741925388,0.00754980498697124,-0.030609642490206763,0.008477430082034785,-0.0165839790980558,0.003997042832137933,-0.02437843096558372,-0.02168770641345438,0.003996235349101687,0.014988592610835271,-0.008837688887069121,0.06719749324475664,-0.03767521147867427,-0.010362864899440894,0.02878088769992965,-0.017973680706106727,0.028507248822394186,-0.007325140422603417,-0.010362864899440886,-0.007325140422603417,-0.007325140422603417,-0.010362864899440893,0.032030348711031824,-0.025285394461226428,-0.017515900911773175,0.02679224804617202,-0.027531094162935768,0.012091708353639471,0.050745692630148304,0.006146877104529707,-0.013235934503880449,-0.028321905652961648,0.01639213641522563,-0.011751832148301026,-0.024378430965583682,0.014868625409331784,-0.019420473449473875,-0.010362864899440891,0.017716645165588497,-0.007325140422603418,-0.007325140422603411,-0.007325140422603417,0.006146877104529651,-0.016402011269852412,-0.01797368070610672,-0.007325140422603417,-0.010362864899440886,-0.009145995935491395,-0.007325140422603417,-0.045232938881822934,0.0432407244429424,-0.007325140422603418,-0.021933365797883308,0.021773273127320365,-0.01036286489944089,0.003762751560063058,0.0033675047971252143,-0.014832472775083693,0.002241921147497283,-0.012696220370376184,-0.019420473449473844,-0.03693070975617466,-0.007325140422603417,-0.044626638226144356,0.01491653036630491,0.040772437746310036,-0.018934018859499135,-0.007325140422603418,0.05069117355652397,0.07396378666971191,0.022200487460583184,-0.008837504430926733,-0.025517031683951107,0.020575686397255422,0.015435377626187035,-0.0070482080900821234,-0.012069315158891026,0.02664060055119667,-0.019193713677899703,0.006646815195199702,0.03785921860526498,-0.005279195326130271,-0.007325140422603416,-0.008686328772886907,-0.010811383725051589,0.021392911955796963,-0.015412893466435741,-0.017973680706106714,-0.012696220370376184,-0.009337344280707762,-0.004639879538343059,0.006317593491611037,-0.009204140767907442,0.06100403487972759,-0.0185322497243719,-0.006662775834883813,0.007115848575643272,0.0002865142364909776,0.02846534107523418,0.021325826694401563,0.019583336953104474,-0.03353937943130139,-0.033420480465174374,0.010728459444438308,-0.027531094162935744,0.05530960591362079,0.0011112356971743546,-0.024512568238003487,0.023856447043930314,-0.03126059376853133,0.01879231797401917,-0.01036286489944089,-0.014665366087760258,-0.022827936123790842,-0.01775595457969253,-0.007325140422603414,0.005369733023449517,-0.011801453048084215,-0.038406292693326516,-0.012696220370376163,-0.007325140422603417,0.010144759324764328,0.06824020781500816,-0.013705942837105535,-0.01775442266205768,0.02878088769992969,-0.022900319791050894,-0.008199636795170488,-0.02850724882239426,-0.007325140422603417,0.002719893365152391,-0.042548924191207885,0.02574269980713638,-0.03297443419311614,-0.004660897209224012,-0.01686778450056307,-0.008837688887069083,-0.015405907789022913,0.011687813986011809,0.02334021415853413,-0.00953990408455324,-0.030704083964962905,-0.007178488778703635,-0.00044524680586954796,-0.01269622037037618,0.011736801472897495,0.042431729073089744,0.011687813986011802,-0.019420473449473844,-0.030370988851594977,-0.003313465378086458,0.01645639570297095,-0.010362864899440891,-0.03583330015782943,-0.01287500669829577,0.03789953406486472,-0.02437843096558373,-0.010362864899440893,0.016402011269852343,-0.007325140422603417,-0.014665366087760263,-0.010362864899440887,0.011687813986011802,-0.016402011269852447,0.02878088769992965,-0.017718193828002188,-0.01269622037037618,0.03906278276116064,-0.01466536608776027,0.062236310860757864,0.012443182714383412,-0.006728014022516438,-0.019578739333780782,-0.00965685321511983,0.021890191571450734,-0.015412893466435717,-0.023638578813365316,0.018792317974019156,0.019882599859763917,0.006186047274577212,-0.001977227721593685,-0.018427900801091177,-0.011631251875152624,0.018792317974019195,0.09356830313400953,0.033958207597194735,-0.028507248822394256,0.09356830313400955,-0.009374221385903301,-0.010362864899440887,-0.0010185833639662484,0.006376043599856012,-0.016402011269852423,-0.0010185833639662213,-0.004011842163060473,0.010728459444438353,-0.02302243903619406,0.011580466785165472,-0.017149527114771454,0.028780887699929716,-0.004615248493968924,-0.025471231471970432,0.02426292000391393,-0.022002279359473947,-0.010362864899440887,-0.05377048390057113,1.0,-0.09148096959963732,-0.11276228414203572,-0.12810032335226823,-0.12223801646607256,-0.08448808354857103,-0.05941767748603944,-0.07128856560669306,-0.06692067406930205,-0.057418327574610795,0.024759691820226342,-0.014665366087760286,-0.025471231471970363,0.004826603375070599,-0.017714247005541032,-0.018032804834237897,0.04660973768201847,0.010663559847140548,-0.010265625739366272,-0.025285394461226428,0.007622077873140937,0.01852464877597095,-0.023235905382305792,0.03389929963734602,-0.016402011269852457,0.0037627515600630887,-0.01551323928296225,-0.00322886174397365,-0.0020667490395409483,0.03887402803861478,-0.02715359216731243,-0.0346079199735923,-0.005763764330422381,0.010148716282755014,-0.03352356677832079,0.04026406805107319,-0.01823488442425096,-0.01245397671497179,0.018591227870139906,-0.006166151863282527,-0.007340013631185546,0.0061468771045296725,0.09356830313400953,-0.005599416337204698,-0.02646676291772727,-0.03466762572058506,0.06740797646612226
MoSold_4,-0.06491682484345203,-0.032535578605661405,-0.013423680073962534,0.00716087220773206,-0.05191613039056664,-0.04372134423752027,-0.023769603271018083,-0.015040348961636812,-0.03196548685927501,-0.03659168828106306,0.004346894750015093,-0.05101528608833273,-0.018626675181527295,-0.06015053920700641,0.052590160757016745,-0.03877382453985997,0.019366995567806203,-0.03441625043515405,-0.006574984781912716,0.006158671564166629,0.02100296363788813,0.01460302045939649,0.00056720092633601,-0.02715208330546158,0.05133911097565276,-0.04881859713930567,0.037729532362916526,0.03362511957616124,-0.00855971909449199,0.018157934121930702,-0.020218601306223452,-0.017137065897298118,0.03308634532228357,-0.0031187408369628207,0.018377720756321384,-0.012109421449406027,0.010129605624531133,-0.030884103748473692,0.0050026632310106916,-0.026625915591014657,-0.06220377618209365,0.0765853814878886,-0.03720074012777094,-0.023212703762021315,0.007743050799509457,0.016323486250710742,0.008159944821178568,0.0038756669742103455,-0.011171475570606052,0.014603020459396519,-0.025275249913285065,0.018109959559752937,-0.007406746239809384,0.030164062814722285,0.015332221660667604,0.00684011508693101,-0.025280877661498155,0.019372054177746168,-0.0016713942467277215,-0.008332712748787142,0.00886888460455202,-0.024268830243838933,-0.017082953574751633,0.02514438157989287,0.00857442504092876,-0.012109421449406025,-0.019166405141040354,0.01524328566626869,0.010316438482915951,-0.008559719094491984,-0.012109421449406027,-0.008559719094491984,-0.00855971909449199,-0.012109421449406027,0.016184261252900272,-0.012785975555797939,0.02533552099313475,0.025845016969747232,-0.008376893625767323,0.0041104179353671205,-0.024268830243838913,-0.0016713942467277282,-0.02002890669364329,0.03580435760942173,-0.04809021364650085,-0.01230312839481193,-0.028487170073348278,0.002216974743954702,0.044444504913737345,0.05058474633829893,-0.008574425040928662,0.08007283323145341,-0.008559719094491984,-0.008559719094491984,-0.001671394246727722,0.020525724654589305,-0.02100296363788816,-0.00855971909449199,-0.01210942144940603,-0.01056717397827549,-0.008559719094491984,-0.010326937953899884,-0.041586415001080755,-0.00855971909449199,0.03729281347253048,0.03162803635978751,-0.01210942144940603,-0.0074067462398093795,-0.013278998161493905,-0.012619374916022802,0.06117383915755059,-0.014836040493755207,0.01087545309063518,0.010467385181879386,-0.008559719094491984,-0.009280820906352879,5.919032028357517e-05,-0.027152083305461573,0.02840738947530642,-0.008559719094491984,-0.0055851377327951375,-0.019166405141040368,-0.008958712997945161,-0.013041683023715063,-0.013746260888403791,0.019372054177746158,-0.04521599004654529,0.03681333859446278,-0.0029651377309505133,-0.03217118291296628,-0.02521104445265469,0.026295467237828506,0.005002663231010746,-0.000772941794642955,-0.008559719094491979,0.0013494563089751239,0.026999445695417987,-0.03493587104438834,0.030677048119298892,0.01524328566626873,0.036371096907858474,0.009396695867608544,-0.0032081030037698047,-0.0011647067518454491,-0.0031187408369628216,-0.012109421449406035,0.02453958390090637,0.0004730884397935061,-8.28745390692706e-05,0.016356846360198178,-0.04066655506233921,0.013499056219634199,0.009021704816885247,0.049604549028804165,-0.010443564597198895,0.059486759367330874,0.03921168494863068,-0.032422445146264,-0.027215638096299014,-0.014379163684552339,0.001431867673036447,-0.03652925213009835,0.010875453090635225,0.05058474633829892,0.027224842276558702,-0.022302591425201183,-0.020453913524571713,-0.008559719094491986,0.028861363090717265,-0.01716078423617853,0.04117765913694464,0.036371096907858516,-0.00855971909449199,-0.049129175841131564,-0.03978437653633581,-0.05484257755998927,0.0742835665711965,-0.01916640514104034,0.01618426125290028,-0.035110290282590446,0.058669821906658946,-0.008559719094491984,-0.021504269678865272,-0.03411913466137731,-0.017481263325141654,0.04126470502631654,0.02131224718875364,0.020227212347221694,-0.0375432589226904,-0.04383114322201358,-0.025749850210853232,0.019046474359684335,-0.014091434617854672,0.026711881079209215,0.01774268788841705,-0.008376893625767289,0.03637109690785855,-0.015767239050480733,-0.020921925053294124,-0.025749850210853232,0.010875453090635213,0.026264127763821598,0.0016793091675819632,0.0218583222096237,-0.012109421449406028,0.01713706589729834,-0.014929048232168993,-0.00020509566216932846,0.051960157406513524,-0.012109421449406032,-0.020525724654589295,-0.008559719094491984,-0.017137065897298125,-0.012109421449406025,-0.02574985021085322,0.02052572465458941,0.06021785445021898,-0.03169249833243691,-0.014836040493755186,0.01806758443454898,0.027224842276558768,-0.029764151103244183,0.0013663809611362994,0.013915111810352697,-0.025458619716634903,0.0049662378866672414,0.02595508244603127,-0.04226837574743785,-0.018886672821912857,-0.022693598732467065,-0.010567173978275486,0.023856278108658792,-0.012337444715116186,0.009390040523540383,-0.0394972090808814,-0.02269359873246711,-0.008559719094491984,-0.017901489773943586,-0.010316438482915904,-0.008559719094491984,-0.03796491299216412,-0.012109421449406027,-0.031605680805859196,-0.01813022123645783,-0.019166405141040347,0.03371485667359091,-0.024008569270090742,-0.034119134661377296,0.017947849603984097,0.006649718048820952,-0.04559639724967519,-0.01916640514104036,0.011223735015865054,-0.0040811365578916755,-0.015767239050480664,0.01936699556780622,-0.012109421449406021,-0.0628329576240686,-0.09148096959963732,1.0,-0.13176723189233666,-0.14969034319471877,-0.14284000350202097,-0.09872769944124962,-0.06943192883486832,-0.08330353563729805,-0.07819947995531999,-0.06709560862445747,-0.029108369465675667,0.027224842276558685,-0.004081136557891622,0.039609397493357984,-0.02801788412395721,-0.04432392053551301,-0.01214332240531144,-0.04275635005515388,0.0612138670589063,-0.012785975555797925,0.005857164138604811,0.04468561715061833,0.0009628398335269862,0.018024585065379597,-0.019166405141040375,-0.007406746239809389,0.005928435235692588,0.03137095905681459,-0.020475833433038937,-0.018675030222850175,0.011208059269010629,-0.02140673413274844,-0.013872349137935712,-0.0034245896244042766,-0.0033105498554281405,0.02687318074172047,-0.009841716370455326,-0.021229951072662807,0.039462914760187186,-0.020218601306223476,0.005498098626358364,-0.028487170073348327,-0.008559719094491984,-0.04869159713756751,-0.019182393626838882,-0.03651702989769318,0.15777170801283863
MoSold_5,-0.012595977515076892,-0.04214115167187909,-0.0561010653827971,-0.04374998442374676,0.018607202760150904,-0.0533271741131192,-0.028910236676874528,-0.040108093147651576,-0.030865482757232696,-0.05527122403326457,-0.02332464069051823,-0.01838420102259052,-0.027007280797679164,-0.02295792600151694,-0.004866726680028436,-0.043713670898706286,-0.010365813752889173,-0.02344677100326472,-0.04267995090751523,0.06950914646177205,-0.06675276548112366,-0.03263069322235024,-0.020672658055525057,-0.009515554237621054,0.03178987103383311,-0.03244008827719906,-0.05134007699004939,0.06408016315724249,-0.010550975584685315,-0.04937588638020143,0.038422104514067086,-0.02112367963008101,-0.008768928870994352,0.01836979652410731,-0.03819949966703661,0.03848682424351279,0.052456301424155416,0.049520684241308496,-0.041950083323131035,0.01328082589362696,-0.033635287773507265,0.0314990871825365,0.017129817075741696,-0.014705325800552423,0.02991900559966113,-0.009286392174485845,-0.007870179785867484,-0.03174006505176561,-0.0380708507754675,-0.03263069322235022,-0.050901003797958484,0.008952603234484496,-0.007509770034171396,0.02395917407069628,0.0075860219766353525,-0.01691941372706013,-0.05319420440871387,0.03338258620706414,0.010578065630194531,0.05766831283240427,-0.006060529186095458,-0.003152755135749665,-0.028845510916072906,-0.012268052446852836,-0.009453678269083832,-0.014926448946153262,0.04400755077335903,-0.025888905243629697,0.021469924942273202,-0.010550975584685327,-0.014926448946153244,-0.010550975584685316,-0.010550975584685315,0.03848682424351282,-0.004542955648169617,-0.013492395535899948,0.03495856308582436,0.015250951072914506,0.021160547450888103,0.014061864173545548,-0.003152755135749675,-0.03511417052390021,-0.017931098860618843,0.023005053008826694,0.03752687004210502,0.03620345036463922,0.010578065630194556,-0.029675081058619598,0.0006268422311531778,-0.014926448946153244,0.039328938599955045,-0.010550975584685325,-0.010550975584685318,-0.010550975584685315,-0.035114170523900236,0.010191222284356791,-0.025888905243629745,0.06496090850178803,-0.014926448946153244,0.05446363444704073,-0.010550975584685316,0.014580253615108308,-0.02211278239533354,-0.010550975584685316,0.001437313518179979,-0.02332700400976861,0.03848682424351274,0.038174664340371166,0.016707927783603773,-0.01579651984525691,-0.054266568765390426,0.02533935439603907,-0.027972834565211407,0.022946519548856986,-0.010550975584685316,0.026038371350319684,-0.005229007690460679,0.014437392636390435,-0.010620467897497406,-0.010550975584685329,-0.025609212522971943,-0.023625106204645363,0.020421582061787152,0.02317841034376145,0.0027406993871655987,-0.028657352517876822,0.020694251799796143,0.020780380833315522,-0.055078712560956096,-0.019383283622992003,-0.021719891848844666,0.03830287714820299,0.0012628435243087557,0.023706713032125737,0.064960908501788,-0.024929256520468707,-0.0023368412416526125,-0.017509290633161947,-0.021027817349871688,0.035872208572872474,-0.018287364257518774,0.0014153655637710882,0.0025962598105795016,0.016418876072737943,-0.019944350511888,-0.014926448946153267,0.01966629749725628,0.022421109844015536,0.04470384600208808,-0.01890517928747313,0.02828029959895782,-0.036735287476808154,0.005946612719915354,0.009724770233959169,-0.0010675908691867824,0.005170939729147284,0.021160547450888127,-0.03876178577780162,-0.026642578965803236,0.0074338774101217935,-0.03412028861191427,0.026584622130903658,0.02922651902751781,-0.014926448946153246,0.016671139315897303,0.045560422448286515,0.012377912378602675,-0.010550975584685323,-0.01650356700924447,-0.037853937348077356,0.0033344422718216637,-0.018287364257518743,-0.010550975584685327,0.017409927315869298,0.018999281463782127,0.024667704221339643,-0.01066285848979367,-0.02362510620464541,0.02286495859285367,-0.02293251703533388,0.01771268807737525,-0.010550975584685322,-0.00021427950464307518,0.03175393974518626,-0.011193012522113273,0.0034923286551374294,-0.0035345245638462425,0.0046454120943207515,0.023448916986410242,-0.010757041321222021,-0.00650014404110233,-0.009283048595288597,-0.012918808079515717,0.01641887607273796,0.03648518800998353,-0.019383283622992017,-0.018287364257518764,-0.0140495799572625,0.02724578710259383,0.04397969798022428,0.0006268422311531982,-0.037966358076813075,0.03910617210104412,-0.02325353978500367,-0.014926448946153246,0.021123679630081375,0.036163931190396084,-0.061467694877471966,0.010578065630194432,-0.014926448946153246,0.023625106204645047,-0.010550975584685318,-0.021123679630080994,0.03848682424351278,-0.0065001440411023475,-0.023625106204645425,-0.02362510620464541,-0.05030522318208003,-0.018287364257518764,0.04063773426956117,0.01667113931589717,-0.03668821699900108,-0.030499670254866804,0.06491090251475441,-0.05271339103971541,-0.04054610095326701,0.03355638490756319,0.010045677924230176,-0.0161308220693101,-0.02797283456521145,0.04360066910651065,-0.013876926555806805,0.014537060637685418,-0.021052205305316683,0.001090991294790224,-0.027972834565211352,-0.010550975584685327,0.019500229916340213,-0.001878618432448892,-0.010550975584685322,-0.010226664458831284,-0.014926448946153241,-0.015192355271098324,0.014165409785156227,-0.023625106204645373,0.05635873729600969,-0.056615644619425635,0.005170939729147273,0.024734536338224672,-0.012487742896801251,-0.013730356250730366,0.010191222284356835,-0.027689763992366955,-0.014807172546982439,0.0328251612164191,-0.029522887270886845,-0.01492644894615325,-0.07744985489438656,-0.11276228414203572,-0.13176723189233666,1.0,-0.18451296577325102,-0.1760690243253403,-0.12169482839770632,-0.08558395174506382,-0.10268252508340751,-0.09639110753933433,-0.08270413089744826,0.03127176888235478,-0.021123679630080997,0.007073871905036102,-0.014050179022660408,-0.03807709227162597,0.016086533085537813,-0.023446771003264713,0.029291193756610476,0.0034923286551374077,-0.013492395535899945,0.015387577639192362,0.011640269814065695,0.038390339510401876,-0.0026706654117786286,0.04400755077335923,-0.03796605961719974,-0.009836180462171943,-0.02275843448569994,0.025035587004938343,-0.015034140612117297,0.02682185612627647,0.047449381650357426,0.10358131280961955,-0.05198493055882002,0.023117509084927015,0.008094139592190889,0.00014249955943297798,0.0051504147465311345,-0.04903707590559446,0.016037318963174008,-0.009221234244667715,-0.035114170523900166,-0.010550975584685325,-0.014042683856850976,-0.021781432131342433,-0.047901961707105985,0.14322716007296862
MoSold_6,-0.00288115478938178,0.06420921137448654,-0.02634429797032499,-0.014369932393935789,0.0030657540967613775,0.024092553492758368,-0.02121244082661628,-0.04467000672683698,-0.022188759982553864,-0.012409667790698731,-0.04607452303581801,-0.005621715387535855,-0.002467738726711374,0.02480685752393851,-0.016852635751738582,-0.020324429707782074,0.02400817266751024,-0.030811070550116,-0.03745328642065798,0.04175374154977682,0.0011237152363781841,0.04266642023293481,0.042666420232934786,0.027801858693434225,0.006418135725213062,-0.01656142947198986,0.043894528454582186,-0.042921729191719764,-0.011986129886989725,0.04210742838444942,0.008770584413804247,0.01062315296962925,-0.033466278247301307,-0.011087629179363337,0.07218498614085306,-0.016956759532246568,-0.013429245587531212,-0.028264955982644356,0.04153513245114466,-0.04764043113048713,0.0015999037847290447,-0.023848052518821862,-0.005517028024002191,0.029802979509453917,0.01778144693140096,0.025209340027650788,0.015087602929267465,-0.012937584518296165,0.011209159992262598,0.020759272865224308,-0.027066896320133864,0.036693950374081886,-0.004633742414526551,-0.03154121810317791,0.01632087909967571,0.02380532255382082,0.023264253153344582,-0.04074536627241593,0.02289077439920982,0.039239161930794915,-0.04916999954746072,-0.009469714955750075,0.027264628970375467,-0.018963365391455607,-0.006916417747719991,0.03196985888095495,0.03511297308901785,0.02716290967934553,-0.04308187274664544,-0.01198612988698972,0.03196985888095494,-0.01198612988698972,0.05718284100235803,0.03196985888095495,-0.02977430511984829,0.019421363516382715,-0.015534522489413938,0.03537744877210379,0.029227250673317145,-0.021016634732280354,-0.009469714955750075,-0.018963365391455603,0.015280548498581724,0.006774479862032543,-0.011087629179363307,0.005600054564127645,0.001963704503877105,-0.007114145759858842,0.020616944693263285,-0.01695675953224657,-0.006766468311455202,-0.011986129886989714,-0.011986129886989723,-0.01198612988698972,0.0019637045038771164,0.004137178098101814,0.02716290967934549,-0.011986129886989725,0.03196985888095488,0.04314150146407239,-0.01198612988698972,-0.005160090648185915,0.017790727555531155,-0.01198612988698972,0.014551682546482562,-0.03260068627519639,-0.016956759532246575,0.00931525536940904,-0.03500575706180509,0.022366686883177805,-0.00691641774772,0.01918729351147449,0.0206169446932633,0.023264253153344655,-0.01198612988698972,-0.012737278031206401,0.005859304277405847,-0.016079993947013305,0.020038460256708576,-0.011986129886989721,-0.02202749350266519,0.004137178098101785,0.020449354370630165,-0.031732466752128374,0.03105091071070924,0.016083287489264683,-0.00044428026471646665,-0.00039424282414531227,-0.013954107557942316,-0.0264800417327441,-0.01750967355468804,0.03729747806966,0.02834076922689072,0.016286531882750643,-0.011986129886989714,-0.028509940083790892,-0.017759556645418194,0.01778759800489323,0.026201884501920136,-0.02941034015210164,0.019187293511474447,0.034721259949624945,-0.0076613420748376645,0.01495527203948109,-0.028635530102800035,-0.01695675953224659,0.0027757375890916287,-0.03898912068344268,-0.032069763564369934,0.020430751539264214,-0.03385527238177844,-0.00574170375708869,0.009707598119179518,-0.00029721718267735015,0.008049192487119551,-0.03309773289307743,-0.026480041732744097,-0.010061406939248332,0.08286804384955425,-0.01273646419031694,-0.005621019486222118,-0.001954413572284514,-0.0055803914705003475,-0.01695675953224657,0.04524324970101025,0.03525728882382065,0.03527990749194249,-0.011986129886989721,-0.008615110377513816,0.05475013704719168,0.004314733432126468,0.05914941694478798,-0.011986129886989723,0.023677626990878105,-0.042178557424995176,-0.00940136611157198,0.0384862007065208,0.004137178098101781,-0.004668624799329381,0.013297359196955535,0.04308187274664531,-0.011986129886989723,-0.019137326095350893,-0.008747674931932023,-0.018068480304003223,-0.022819369140453998,0.0342216122500186,0.00456992124953659,0.027264628970375474,-0.017102943501057254,-0.012937584518296148,0.0038444499297030843,-0.0364360266503426,0.022206915074234543,-0.013373750138338691,0.029227250673317027,0.01918729351147446,-0.010446119550687112,-0.024430478120914666,-0.012937584518296135,0.0206169446932633,0.02113273173869066,-0.0025337015445418853,-0.0013538306338215847,-0.01695675953224657,0.023996943761751755,-0.013016679577573092,-0.01630802466812148,0.001963704503877112,-0.01695675953224658,0.026838616892814592,-0.01198612988698972,-0.023996943761751776,0.03196985888095494,0.010182211560911132,0.004137178098101848,-0.026838616892814266,-0.05323703481468308,-0.020774829921839003,0.06114621815562844,0.010623152969629228,0.05853672169284553,-0.007251014493228339,0.07263053714027395,-0.04308043451567633,0.00604742944079898,-0.03646820105053655,-0.01649315051236943,0.032778190971300636,-0.03177772763426402,-0.006610940982646163,0.03349531854947872,-0.04119377161934308,0.026092178276769094,-0.009712425572599255,-0.005580391470500331,-0.011986129886989721,-0.010674882623012614,0.0251362139135206,-0.011986129886989723,-0.01481393626076877,-0.016956759532246568,-0.02416632955571026,0.04750792939305746,-0.026838616892814242,0.019527591374737988,-0.00393194672088177,-0.05744779085422291,-0.003927303695549589,0.04821488531321206,-0.04593396147168594,0.004137178098101763,0.0499174043077195,-0.0015924624100305262,-0.001858656406541072,-0.002313678717644939,0.03196985888095494,-0.08798466199088549,-0.12810032335226823,-0.14969034319471877,-0.18451296577325102,1.0,-0.20001810995585007,-0.1382478812544172,-0.09722516686960864,-0.11664950533676254,-0.10950232285574125,-0.09395362989620468,-0.008160079691685265,-0.02399694376175177,0.03849366032522009,0.018490203555133512,0.005322711937948554,-0.0036213829696567237,-0.013429245587531191,-0.009734719909604034,-0.022819369140453984,0.019421363516382722,-0.023514419646357882,0.045266827488510394,0.0278018586934343,-0.02804545502751511,0.004137178098101811,-0.0185827401984621,-0.00819726491760681,-0.008277239709953942,-0.03672106401228365,0.05977667345709638,0.004373392760107508,0.002787699028616918,-0.03282462035874602,0.0667840053544624,0.01085728300114643,-0.03914119885116491,0.004280782711543721,0.0357134894659108,-0.03276207848241364,-0.03223839314953988,-0.018353515960419182,0.022890774399209824,-0.011986129886989721,0.008611997374644138,-0.007484983742110006,0.0018395248496499337,0.03161608051778382
MoSold_7,0.020424965148756555,-0.018250278853919496,-0.0043750478512667,-0.01067718011133886,-0.01570318050935977,-0.002132977007686224,0.016779019422755115,-0.022088379021071667,-0.035734083881484434,0.023235415760585267,-0.019272163663205482,0.002512692589368659,-0.011402371160942084,-0.01078217382688597,0.0035520394040230467,0.0297615492367991,-0.04904328334347003,0.025745096650818543,0.05724646186098832,-0.04159260904996781,0.028064422865656392,0.004845493812449065,-0.0064554981462979265,-0.013644119273186584,-0.03585538811349755,-0.05147108921687129,-0.05742478179426439,0.07327430336675415,-0.011437603779197543,-0.023321025165170598,-0.005636459922000075,0.012819392358521845,-0.02749452236682353,-0.06714775709352472,-0.041409511210444595,0.03429768035585422,-0.028054294251178162,0.04496650350345652,-0.006638596997594431,0.005896490382609624,0.008399502417063207,-0.02237688610419546,0.02755002365728547,0.0008299342659091783,-0.030015455317216083,0.0015194942558763543,0.05139128899535966,0.06100510639399482,-0.014562936397513646,0.03874846968868983,0.005503835632818198,-0.04269588652060531,-9.857139012504089e-05,-0.015833580222592947,-0.02328691982643935,-0.0537916512264697,0.014292851568135622,-0.0010601789351222077,0.005116728809924211,-0.03247859405722677,0.02201751356254208,-0.0071370008841567,0.032202679826375695,-0.016474092179929463,0.011757613003683042,-0.01618076049046352,-0.025610390417584724,-0.02806442286565654,0.02599687489271529,0.05992522321921445,-0.01618076049046352,-0.011437603779197543,-0.011437603779197543,-0.01618076049046352,-0.02549392117588452,-0.0033671592665020767,0.0011950464063438984,-0.07147387237662811,-0.02382947729322473,-0.03494687521420642,0.018154312928631684,0.02670754979977789,0.05547686032015282,-0.011049516991222438,-0.02188657271838803,-0.01749703564707345,0.0698891917794851,0.014872897035004782,-0.030323470637381035,-0.01618076049046353,0.016476128748582116,-0.01143760377919753,-0.011437603779197529,0.0599252232192145,-0.016474092179929397,-0.02561039041758469,0.0011193786897982587,-0.011437603779197543,0.034297680355854225,0.010125460173810712,-0.01143760377919754,-0.016578416002657474,-0.02901757041345337,0.0599252232192145,-0.022233868764230894,0.019191905290181884,0.03429768035585424,-9.857139012508744e-05,0.02132974379149716,-8.816083593618339e-05,0.011757613003683028,-0.019824102981240762,0.07778951380847071,0.014292851568135685,-0.01143760377919754,-0.015202646463871086,-0.038411787895933705,0.05426638347290106,-0.012133968984778159,-0.011437603779197537,-0.004781726357853098,0.0383061395134814,-0.002359257872449567,0.020506215141467315,-0.014065942042552616,0.02239226417515702,-0.029696927231969702,0.023758205897486503,0.009802774600498557,-0.023829477293224703,-0.008761433013095688,0.0030463913186177254,-0.020251450391538084,-0.008712717187172661,-0.011437603779197536,0.0144296073939851,0.012755299065142368,-0.021412547486199945,0.031618883670702626,-0.0280644228656565,-0.01982410298124078,-0.01964595948693784,-0.019080154166541574,0.03386213431226807,-0.012834335843360663,-0.01618076049046354,0.041745790666106855,-0.041882262894087474,-0.029721997075263677,0.05265171545512786,0.026472202837747722,-0.045410259832818226,0.001189267439399486,-0.03449524173176921,0.012617124427548245,-0.003630699711243164,0.01448664258354631,0.01739360695043766,-0.006477615839366877,-0.00232032135701942,-0.011109508731707145,0.01886610964044551,-0.003295224525918094,-0.016180760490463526,-0.022898761922855733,-0.0399470779605624,0.06222980899762392,-0.011437603779197543,-0.027058366627857985,0.02441966011926956,-0.0045370101989541745,-0.01982410298124073,-0.011437603779197541,0.00022851841397186204,0.00867630510522606,0.0003026218633896033,0.0007417066302651739,0.03830613951348147,0.00040804466739409467,-0.030321112030018704,-0.007482027408147369,-0.011437603779197537,0.029768346220060974,0.05917524316097248,0.010578004056843693,-0.01936258156048977,-0.023500629006800885,-0.029072777048872712,-0.03369208197671963,0.014872861381315654,-0.034407272111878086,0.033730213308624156,0.005619287701225792,-0.007286918128336154,-0.017727901726653433,0.03364470252193179,-0.01982410298124074,0.007961714447559894,0.04138191466397547,0.013298917141058329,-0.030323470637381045,-0.0250095313615895,-0.010636535585819402,0.0015830066199663455,0.0342976803558543,-0.04853754663989981,0.013307570615603111,0.005853066237605502,0.005116728809924254,0.03429768035585423,-0.03830613951348152,0.0599252232192145,0.012819392358521834,-0.01618076049046353,-0.010554177485409908,-0.025610390417584724,0.0063478745479483316,0.01650632205452026,0.021405512905670252,-0.016906899204926794,-0.022898761922855716,-0.03977123120338528,-0.01936258156048977,0.00969085696904703,0.01311695696198078,0.056031814933303954,0.030249170668273623,-0.027113393885564312,-0.024795957896536824,0.05076126769700782,-0.061737180781984986,-0.04937833571623302,0.041811356502860136,0.025713417582049567,0.041306278776501185,-0.0032952245259180754,-0.011437603779197537,-0.03517841461467165,-0.025996874892715457,-0.011437603779197537,0.009664752712442437,-0.01618076049046352,0.006844303904458038,-0.03764523054555324,0.006347874547948375,-0.004425640118672119,-0.007816236799752395,0.0591752431609725,0.003689935836102972,-0.007778323647949972,0.022606990760940863,-0.025610390417584714,0.012606446598009849,-0.03977123120338534,0.007961714447559783,-0.003782098968333344,-0.016180760490463516,-0.08395818433360147,-0.12223801646607256,-0.14284000350202097,-0.1760690243253403,-0.20001810995585007,1.0,-0.13192118757347251,-0.09277581225179185,-0.11131122686476744,-0.10449112378510056,-0.08965399194752433,-0.009316830948984306,-0.022898761922855684,-0.01909245714464508,-0.006759177612795472,0.046625755705949554,0.05063254288390965,0.043678226951484066,-0.012387394383887522,0.028823843004819924,-0.0033671592665020606,-0.054765143270932196,-0.019270081204381156,-0.03628095352188246,-0.02379699486996886,-0.02561039041758473,-0.014489994348385797,0.008331820937155239,-0.021018200745474485,0.012899295465855484,-0.020723181830232203,0.047081809411183256,0.03791436567293087,-0.030015455317216153,-0.03408397901344671,-0.014684787120778624,0.0023818494204952377,0.0012059069734805946,-0.005426103356542267,0.042113925901642896,0.03667321352848891,0.03578534801578372,-0.01647409217992941,-0.011437603779197537,-0.007731271611705452,0.001272367280405607,0.030220391546607238,-0.12673519130012886
MoSold_8,-0.033068438113668656,0.019117166977156624,0.0069526427954447355,0.005683253171180833,0.019833315310492736,0.009243256935349855,0.016158268638780185,0.004755463904545964,0.010161178044608693,0.026972205338640604,-0.005209586034127359,0.021509690473592597,0.006364120042070951,-0.006821900801141984,0.033458561317953925,0.014185025824274809,0.03082332699109072,0.03953640004143684,-0.019265499012690035,-0.008447845151424006,-0.05798044138365022,-0.006382624376637823,-0.00638262437663779,0.004933092608855112,-0.0015129087203598157,0.07923487829155822,-0.00013117981949145057,-0.029019836184966896,-0.007905406612684223,-0.008620199894297681,-0.013004410869232116,-0.015827093456102045,0.06118737819305369,0.006822229707361398,-0.0022738228755970254,-0.011183766586863217,0.015762452734806778,0.001944249709262824,-0.04222399926407864,0.003796816981592297,0.036914265639089255,-0.013288861160595942,0.004361186184676255,-0.017194004375912956,0.0364412868391408,-0.02878511455448012,-0.04662475240854517,-0.023781508935672418,-0.012492170649701654,0.023580821250022165,0.017338511121726494,0.03295117864206083,-0.0016987889421035095,-0.0020712348603501127,-0.011690867123701943,0.04009116371386409,0.03645862421899074,-0.002725777465072969,0.0023133614805876026,-0.029933926957990926,-0.002070813787963252,0.011114990297049451,0.009004917292780744,-0.026309585652106483,0.015484518760784407,-0.01118376658686323,-0.017701308217096114,0.019291481411013462,-0.042869918246543806,-0.007905406612684223,-0.011183766586863222,0.08670027908009417,-0.007905406612684223,-0.01118376658686323,0.024201397065070223,0.03545461690641283,0.020595546210940167,-0.004852642442659333,-0.004314153012970347,-0.028046987012073577,0.011114990297049451,0.0023133614805875917,0.009759439479830935,-0.017194004375912945,0.018822778349226032,0.01590968822116259,-0.02630958565210645,-0.024313073015873644,0.014872460527664305,0.055735492498465856,0.003230214178574143,-0.007905406612684221,-0.00790540661268423,-0.007905406612684223,0.03093630861328157,-0.017701308217096083,-0.01939747856162341,-0.007905406612684223,-0.011183766586863219,-0.029643166231430082,-0.007905406612684221,0.03590700693439385,-0.0037958694469648027,-0.007905406612684223,0.045776962436533265,-0.019146801467411545,-0.011183766586863219,-0.0016987889421035077,-0.005357343047029248,0.005590511402140641,-0.04065968005729161,-0.013701960465134175,-0.020958880017533432,-0.020777495522650635,-0.007905406612684221,0.03723392967814936,0.0049863031720775355,0.0049330926088551365,0.04281291853809048,0.08670027908009409,-0.023937667293631136,-0.017701308217096118,-0.0032302141785742105,-0.005804999867197086,0.0039001363074630284,-0.04936212628155579,-0.0009943579847374738,0.01581725580164529,-0.02359337227851241,-0.004314153012970339,0.03789259793455248,-0.02910866634133535,-0.04222399926407862,0.02310089491712728,-0.00790540661268422,-0.000953357609160673,-0.004884111644355483,0.014626714401480733,-0.0390373438021155,-0.019397478561623407,-0.01370196046513417,0.01740003917261557,0.026845443704847673,-0.026399292118799607,0.030823326991090694,-0.01118376658686323,-0.0245626429784513,0.04117274041508,-0.023302793396520756,-0.004291274104274559,-0.02761252530899503,0.02229198942340025,-0.013354827756286866,-0.02678305896336654,0.042328779782471515,-0.012614736939486351,-0.029711989299005363,-0.011956363640937882,-0.006718991405332455,0.03018373636519507,-0.005511374059431129,0.03355256908385882,-0.02095888001753342,-0.011183766586863222,-0.015827093456102042,-0.015042057899954003,-0.047591864856473966,-0.007905406612684223,0.00671841501654473,0.009416390635813919,-0.004706072926927132,-0.013701960465134137,-0.007905406612684225,0.003938308612973117,-0.00397424361624202,0.020363635040146457,-0.03672043452797174,-0.017701308217096135,-0.010136833950481317,-0.03021496329803518,-0.030765470741637227,0.08670027908009408,0.032886575599454695,0.020689993497493956,0.003295082456016763,0.00700062833459082,-0.019026639246914945,0.01315557349391564,0.009004917292780728,-0.034875066574347253,0.039462576758465526,-0.0075051822683316945,0.03678371980651576,-0.0016032508852385004,0.027608999757337282,-0.004314153012970325,-0.013701960465134139,-0.0154782915094159,0.0174000391726155,0.007840533911396502,-0.020958880017533415,-0.00755915229260794,-0.008842907895487903,-0.00876470594470491,-0.011183766586863222,0.0158270934561018,-0.019833600298093598,0.012089110196781647,-0.026309585652106372,-0.011183766586863222,-0.024665757351691218,-0.007905406612684223,0.03152445663797369,-0.011183766586863226,0.03946257675846548,0.02466575735169128,-0.01770130821709611,0.05192482050528072,0.040956133193597685,-0.0721455558356158,-0.015827093456102,-7.510642930357417e-05,0.028294206185637823,-0.06519009588369301,0.04913797361724939,0.036336475830796314,-0.031021775536230433,-0.019572001605705505,-0.015495723749840328,0.01487246052766422,-0.0024236551006829813,-0.01677109181957505,0.018989922469407988,-0.01261141221575572,0.005097239151798263,0.014872460527664175,-0.007905406612684223,0.004369102127027929,0.0183247885838167,-0.007905406612684227,0.003426615088810252,-0.011183766586863216,0.013371462392488995,-0.023977667928750158,-0.0177013082170961,-0.05635116293977516,0.0635707013945897,-0.01261473693948635,0.023725364064719975,-0.04420090970387563,0.021595332863943485,0.02466575735169127,0.006649761584837233,0.027338740266493522,-0.02722377259244466,0.030823326991090652,-0.011183766586863219,-0.058029950891197904,-0.08448808354857103,-0.09872769944124962,-0.12169482839770632,-0.1382478812544172,-0.13192118757347251,1.0,-0.06412449091884195,-0.0769357398551589,-0.07222184269400286,-0.061966761087191874,0.03772505662536612,0.031524456637973694,-7.51064293035586e-05,0.008028187999174825,9.241937021762018e-05,-0.025107282856366837,0.015762452734806816,0.027288933419296266,-0.03558652736750319,0.035454616906412835,0.007634038356846091,-0.0032204076886121445,0.0049330926088551295,0.026050728665085964,-0.017701308217096118,0.03645862421899062,-0.0353070683633663,0.00696424754836749,-0.026575004103924632,0.048943403594892354,-0.02304988974372649,-0.017032667257558635,-0.009702927198279525,0.008889992812278138,0.012790529445290917,-0.019902097548765846,0.026706726228060005,-0.01944953091262928,-0.014207191616428513,-0.01300441086923208,-0.01130709287807695,0.059559255745975585,-0.007905406612684223,0.07409878978681732,0.021928101688580573,0.010305172601814745,-0.11143441029087173
MoSold_9,0.04844131809706865,0.004245080491016174,0.05545105805028493,0.020891545446634543,0.04155967797343814,-0.002264589437415587,0.02289990401194922,0.0265628188654461,0.02741005343531504,0.05036471011941351,0.060015940473259075,0.0023380913968806113,0.015807858318014387,0.011216875469096372,-0.013184085883373638,0.03947420969933852,-0.01315302382239261,0.010023660969495425,0.019256916810157107,-0.022763772395802805,0.013641605736675501,-0.03609714070381732,0.025112877214386185,0.023234087119599196,-0.006396833260018276,0.05268476660232991,0.03144265359166921,-0.05089301346963658,-0.005559611258532556,-0.028239235398962073,-0.00053628465327548,0.05335655402146577,0.06464299928495389,0.03587697136235601,0.015753737694159636,-0.007865173504087863,0.010023660969495383,-0.02593463510020916,0.019459820575432697,0.08356952569116033,-0.0036843303018752236,0.009140334048562165,-0.020992077882794873,-0.012795178978116143,-0.023049598604984966,-0.002140851021526158,-0.04396220700231384,-0.01672474944065703,0.013146303160634313,-0.03609714070381733,0.05545854528295873,0.0015638211320131428,-0.028029550001862573,-0.018335054190456772,0.02489066174330405,-0.010178558657244706,-0.0020466020636280466,-0.013543683676952481,-0.018502662262063187,0.0074331751709011875,0.04539185673770075,-0.0157628142192054,-0.024384669950548173,-0.018502662262063183,-0.02859460949828303,-0.007865173504087867,-0.012448745178599596,-0.013641605736675506,0.02163633901320394,-0.0055596112585325486,-0.007865173504087861,-0.0055596112585325555,-0.005559611258532556,-0.00786517350408786,0.015486776649175091,0.01375300485773447,-0.017055906543744555,-0.024111526007855308,-0.02089546032396439,-0.0022072070696922625,0.029899306336429222,-0.018502662262063187,0.01316581666889827,-0.03424289574970006,-0.02949635555064213,0.022555481776043548,-0.01850266226206323,-0.011390089710103926,-0.014739687788449758,-0.00786517350408787,0.028594609498283064,-0.00555961125853255,-0.005559611258532548,-0.005559611258532555,-0.018502662262063187,-0.01244874517859962,-0.01364160573667552,-0.005559611258532556,-0.007865173504087867,-0.002919878630972493,-0.005559611258532555,0.00619629424692684,-0.005439576334816206,-0.0055596112585325555,-0.023491498607435494,-0.021382767518360397,-0.007865173504087868,-0.0020466020636280588,0.05486547481342331,-0.00860842769920206,-0.028594609498283043,-0.009636136051964865,-0.014739687788449774,-0.028029550001862562,-0.005559611258532555,0.006978195454401079,-0.00900801165033586,-0.017635511910057237,-0.021293623509689344,-0.005559611258532549,-0.024200876548877318,-0.012448745178599615,-0.003107350726919657,0.05850625055570766,0.004926338639282799,-0.0347147523796833,0.020488518511409367,-0.03867631131370474,0.0414377378327101,0.013693396901645569,0.049608384064365234,-0.05622850370386151,-0.005117461466203745,-0.037078675090699884,-0.005559611258532551,0.037920597398666704,-0.029634017593750586,0.0344809704369667,-0.027453674015605892,-0.013641605736675475,-0.009636136051964866,-0.033281175836110434,0.002271001955524783,-0.031076992539291023,0.05222030309060559,-0.00786517350408788,-0.02744821074945192,-0.020807248464727222,0.03870579728170359,-0.005503049736160884,-0.026650900835442932,0.022095103331246653,0.012398790950837017,0.014771480612665908,-0.0010939330195143483,-0.009615086923166647,-0.020895460323964384,0.019587369016063148,-0.0058964282765491885,0.001730961056273005,0.03178944582809702,-0.023726063807275224,-0.014739687788449807,-0.007865173504087868,-0.011130671865405124,0.03529199318719481,-0.0036256819364797613,-0.00555961125853256,-0.0034691724655567086,0.001357286083195162,0.020889606084210192,-0.009636136051964884,-0.0055596112585325555,0.0288391903093528,0.006629536572122913,0.011784585271703299,-0.018308891079398544,-0.0124487451785996,0.015486776649175065,0.05661078899385411,-0.021636339013204005,-0.0055596112585325486,-0.022485221759462954,-0.03229364412481993,0.03678717572383962,0.03297185386827073,-0.03701157195952208,0.01389025010180037,0.005357701083537313,0.01703482365217386,0.06940623533309692,-0.0358891851576306,0.013313192241259113,-0.01081542253004795,-0.02025024602340318,0.013693396901645616,-0.0096361360519649,0.014944170662045864,-0.033281175836110365,-0.016724749440657015,-0.014739687788449812,0.04121572633847282,-0.006997958001222778,0.0021855555429780497,-0.007865173504087867,0.01113067186540531,-0.023756978657797714,0.016331435543371724,0.02047841551948407,0.08327096392423178,-0.045250200728560445,-0.005559611258532555,-0.011130671865405126,-0.007865173504087863,0.02634074294621997,-0.012448745178599601,-0.012448745178599608,0.06986449218766352,0.0648017403282927,-0.06640000370734075,-0.01113067186540514,0.018002353168756167,0.03297185386827071,-0.0500221653777923,0.06753899075309122,0.025665791022115032,-0.019049910794951778,-0.027453674015605875,0.024859607297069417,-0.014739687788449782,-0.021454760375406605,-0.01134499201652048,-0.018250093227350363,0.036371514793011234,0.05927709563305643,-0.014739687788449762,-0.005559611258532549,-0.036925144345752274,0.011791232372275147,-0.005559611258532551,0.022927432560249462,-0.007865173504087861,0.026804526979084854,-0.02455534759360928,-0.0124487451785996,-0.05458460866624729,0.03956112570463802,0.058420584681793016,-0.04593793012440251,0.01661361738093081,0.001940603148264772,-0.01244874517859961,-0.007594742110208982,0.09267120438007463,-0.03304370873660587,0.035876971362356055,-0.00786517350408786,-0.040810547023494625,-0.05941767748603944,-0.06943192883486832,-0.08558395174506382,-0.09722516686960864,-0.09277581225179185,-0.06412449091884195,1.0,-0.054106363712649055,-0.0507912355968254,-0.04357917555339669,-0.03141160992970889,0.053356554021465746,-0.01933207243690299,0.008889231561885954,0.017523740567769924,0.006978195454401056,-0.02235365101161821,-0.025934635100209064,-0.02502682883977177,0.01375300485773447,-0.024977341156620873,-0.011918964674870176,-0.017635511910057286,0.01676255056106851,-0.012448745178599608,-0.0020466020636280475,0.0268074012155238,0.010689822888425337,-0.00779558047277771,-0.017909831433238484,0.013904268072817206,-0.02626660656577482,-0.02304959860498498,-0.016047034822299286,-0.05057470607131464,0.027569486247362596,-0.017721530670681766,0.029562339730786445,0.04220068912070096,0.018560681048728708,0.006820720283220192,-0.01850266226206322,-0.0055596112585325486,-0.025789330726558143,0.03222891276577653,0.04327464896195534,-0.07836813871749843
MoSold_10,-0.024053011256561528,-0.03200385533176621,0.0334642488725749,-0.0014066041482970104,-0.005278247125077297,0.004952872745734169,0.016096289590010863,0.027636962319406922,0.03829977462800849,-0.00947862504729653,-0.013059608016211382,-0.009285306369712434,-0.014206069790657125,9.662888115198652e-05,-0.009931310717018652,-0.00435433527926725,-0.013357304035924828,0.028175671477340375,0.026886541454617364,-0.04248415863803928,0.016367023193865637,-0.008652282114485018,-0.025980583742946078,-0.0211588604772229,0.02740792214476477,0.030728161081324867,-0.0035908590992433636,0.0007837492884432247,-0.0066703501166757995,0.014811761916920772,-0.030249200513184527,-0.013354437014303387,0.005558216116269976,-0.013357304035924819,0.0063244528048110845,-0.00943653405984998,-0.0268196231174684,0.021463768055390294,-0.014754192379640027,-0.010785032622073677,-0.032881784109308636,0.02158050538428009,0.002331461049662307,-0.004653629341027802,-0.02765461209326955,0.0002068608587918306,0.0339694758275873,0.053083831878885414,-0.032181445599840985,-0.043308885371407105,0.016729405563168247,0.0011960541824813352,-0.011562500101656761,-0.0066684918042941525,-0.00867280038768375,-0.01510709499206477,0.09877246818866307,-0.041650313631336845,-0.022199256321950557,0.0007794764868175723,0.0015967761243176587,-0.018912021862112723,0.021263236090638172,-0.02219925632195061,0.030630588211281413,-0.009436534059849988,-0.014935844431046933,0.07313055681753435,-0.05920985713300583,-0.006670350116675797,0.06796425092543643,-0.0066703501166757995,-0.0066703501166757995,-0.009436534059849983,-0.03752675470346373,-0.002623825514441704,-0.027451455388204486,0.043220783342327304,0.004305780417889113,0.021435793089379745,-0.018912021862112684,0.01090688691609625,-0.050540668872197964,-0.022868907726820265,0.05604363508311501,-0.038478258325275926,0.010906886916096243,0.025720142358434887,-0.01768448792324408,-0.00943653405984999,-0.03063058821128148,-0.006670350116675793,0.10275337089845547,-0.006670350116675799,0.04401303015414299,-0.014935844431046934,-0.016367023193865616,-0.0066703501166757995,-0.009436534059849983,-0.032237614608126755,0.10275337089845529,0.018335226615882265,0.011696850152045298,-0.006670350116675799,-0.011290971382369298,0.004555013044288742,-0.009436534059849988,-0.011562500101656773,-0.03830725853946362,0.0036386175411715514,0.09556862130199395,-0.01156131215827009,-0.01768448792324411,-0.011562500101656834,0.10275337089845529,0.019359881629417295,0.011337869639898135,-0.021158860477222874,-0.008460088283746284,-0.006670350116675797,0.0033219118901137135,-0.014935844431046919,-0.012661433849193725,-0.040483365047349444,0.008304624725102966,0.06623163415414834,-0.013226192738994922,-0.0009115368091631656,0.03236383806019833,0.033681665511898926,0.0075983521483110016,-0.024947895326844195,-0.014754192379640036,0.020039381318108406,-0.006670350116675795,-0.01880551341771931,-0.003742335790547017,-0.019826773000076518,0.012089810431260173,0.028381766811834318,0.05165784795811331,0.01621568653559993,-0.015485429346821709,0.0067810121489777705,0.042163447259307124,-0.009436534059849988,-0.044884067468048766,0.028075828466273774,0.05389077720093375,-0.05769233866165672,-0.02866315537240799,0.009621123971684856,0.006382443898479951,0.03872600020423493,-0.027422091982852243,-0.019484883257997805,-0.025070104676120725,-0.02956639804046636,0.010742794491076846,0.02812924744109181,-0.0009642278537414819,0.02341977922906767,-0.01768448792324411,-0.00943653405984999,-0.013354437014303392,-0.03158438691342957,-0.013040582323272806,-0.006670350116675793,-0.006857528157624605,-0.025638219412610266,-0.034973175143168854,-0.011561312158270089,-0.006670350116675793,0.00634218942473578,0.011054034355752144,0.03666583653038858,-0.05613903574200657,-0.014935844431046957,0.0021898541164398692,-0.0203600483837271,0.0024306181089082954,-0.006670350116675797,0.023754081466150073,0.019036348369188143,0.024418201643343008,-0.005398088541263779,-0.035437303703327,-0.05389832412788808,0.02126323609063825,0.03170318835154121,0.016508846252093198,0.03508270436875577,-0.036152117000818246,0.018252944637399002,0.0011876051103382479,-0.025070104676120725,-0.011561312158270089,0.0019726410037457795,0.01621568653559989,-0.02006613937469903,0.023759095331870487,-0.027078567886436374,0.0034553944540202703,-0.007139096412369254,-0.009436534059849986,0.013354437014303158,-0.004425948213925277,0.03654612539656462,-0.022199256321950585,-0.009436534059849984,0.014935844431046919,-0.006670350116675799,0.041413759729749984,-0.009436534059849984,0.01650884625209319,-0.014935844431046962,-0.014935844431046952,0.0368594325590843,-0.011561312158270077,-0.05269917908162298,0.0414137597297498,-0.023194371987281227,-0.0053980885412638156,-0.04497680266340907,0.03458420421112828,-0.04314008306291265,0.010815820396664053,0.10214656160289193,0.020416922994654047,-0.0176844879232441,0.04646960500368774,0.021139012862241055,-0.011573437654484766,-0.016092063439970463,-0.030779072337847803,-0.01768448792324409,-0.006670350116675797,0.0067485707625762805,-0.025959001403140478,-0.006670350116675797,0.014130111232421682,0.06796425092543638,0.007930181713775034,-0.00010918612821241949,0.0340671507809272,-0.015110744260576337,0.012519037051097191,-0.00022426744440488846,-0.003253089228384796,0.015992091005171686,0.008395348393314217,-0.014935844431046914,-0.05117366309879971,-0.02319437198728125,0.01555781018048517,-0.027237491859732777,-0.009436534059849977,-0.048963969680790746,-0.07128856560669306,-0.08330353563729805,-0.10268252508340751,-0.11664950533676254,-0.11131122686476744,-0.0769357398551589,-0.054106363712649055,1.0,-0.060938671524817536,-0.052285734598998115,-0.04325504817494971,0.04141375972974987,0.008513290092709963,0.021333294275193513,-0.03707797598346944,0.019359881629417302,0.0006780241799360238,0.06543537894529156,-0.030026867510779834,-0.002623825514441704,0.06889029997438828,-0.0400176726085884,-0.021158860477222874,-0.0369036127689365,0.034067150780927216,0.05463848087253505,-0.03657530593681186,-0.006043266508035692,0.0048358012602727225,-0.004091904435516969,-0.005143676226662003,0.015483550606114258,-0.027654612093269585,-0.010495004367401374,0.038338775419355875,0.0031693310573701217,0.027027389247371116,-0.037686793343361384,-0.03335344456896415,0.0021884291226945984,-0.0025232235588221875,-0.02219925632195057,-0.006670350116675795,-0.027787666562542883,0.024454808000839604,0.04340955764443294,-0.09402508537546728
MoSold_11,0.05688273200798965,0.016913749388725086,0.030995586259755806,0.0091092345032435,-0.01692778518681665,0.013301085573218517,-0.004482492976520649,0.042518786732725876,0.04519105141130615,0.04576960874354737,-0.007599821212070177,0.05564873119712336,0.02966464002726402,0.043280158762497474,-0.0035749953380156026,0.03400130358128924,-0.007590891511591059,0.032984230715255344,-0.024311824418453018,0.010228676443158722,0.015364206241492406,-0.004004028610458723,-0.004004028610458693,0.016845364653829627,-0.019172977652125653,0.021550475681583463,0.02053877729095774,-0.019378853629935865,-0.00626165391724871,-0.0010645618135239775,-0.0093162855720051,-0.012536202954956256,-0.019723140767366767,0.007088183464465852,-0.022670135553552705,-0.00885835217455684,0.0039039306885205786,-0.017645445634719308,0.032779201372229894,-0.011132583009632574,0.03694278007970966,-0.04088363512160768,0.009706780080477378,-3.958289530978432e-05,0.0022616107019831255,0.005860650871323367,-0.0014645528815359328,-0.018836675440098184,0.07015105203014999,-0.004004028610458679,0.038381211874027224,-0.012625661700410466,-0.008231915224378257,-0.013858815412195255,-0.01833341260915622,-0.021261029439857644,-0.03156899527795528,0.01794722205109164,0.014172503099160844,-0.018289477201012205,0.007237200270023532,0.0642713368702773,0.0259634989632415,0.014172503099160886,-0.032205407941486415,-0.008858352174556843,-0.014020716627044166,-0.015364206241492312,0.02436847841277119,-0.0062616539172487065,-0.008858352174556836,-0.006261653917248708,-0.00626165391724871,-0.008858352174556843,0.00677506647721648,0.03571490493954811,0.012056575774248316,-0.03575364205215411,-0.02353404490097423,0.016448488087353573,-0.017753271373258425,0.04918410127982899,0.012635995251895916,-0.019303258612735366,-0.007590891511591067,-0.020067942845320267,-0.02083909508150725,0.019258740481479845,0.027227958184920104,-0.00885835217455684,-0.03647019419274452,-0.0062616539172487065,-0.006261653917248704,-0.006261653917248707,0.01417250309916081,0.037802691665321575,0.031960142097281395,-0.00626165391724871,-0.00885835217455684,-0.028391896532879903,-0.006261653917248706,0.01058136224533075,0.05048514496548995,-0.006261653917248708,-0.024577250085829946,-0.009761130057221618,-0.00885835217455684,-0.031568995277955245,-0.01816207892534335,0.024815698399075204,0.013578326814667573,-0.010852943893212686,-0.01660094914692484,-0.008231915224378265,-0.006261653917248706,-0.0037605595716695916,0.03297517224256333,-0.019862444890336343,-0.022080251860656156,-0.006261653917248707,0.023667988032425605,-0.014020716627044166,-0.0093135405634094,-0.02083098080951793,0.02073957275653582,-0.0010679769290199805,0.025790043785063926,-0.0381710634814171,0.03290677836022962,-0.02353404490097418,0.0038156303694680672,-0.00014529462584051488,0.010704646942591671,-0.029266201488092884,-0.006261653917248706,0.024349663386892817,0.01645846461310606,-0.006148864868053472,-0.007110387403168498,-0.015364206241492255,-0.010852943893212667,-0.01769125622093065,-0.021077351595885495,-0.0007229467757287505,-0.007590891511591074,0.07299730715995588,-0.022066268922977233,-0.013114937553491907,-0.0019012961402572397,-0.010520380005096449,0.07013462855359864,0.009257394610746938,-5.672093620271064e-05,-0.0020682842741615655,-0.0017472260692706768,0.024735995553494698,0.007532596650040559,0.026187346979087676,0.0012525784227252282,-0.028781466960845152,-0.005551835495457692,0.028150268768050584,-0.01660094914692481,-0.008858352174556838,-0.012536202954956279,-0.010949860468818259,-0.024795015607241372,-0.006261653917248708,0.03219766835753664,-0.010551281566055889,-0.01035856753835129,-0.010852943893212673,0.1094600513888667,-0.05665933401867303,-0.002070552032135749,-0.016727142461595235,0.001389382259640864,0.03780269166532171,-0.01422620115916569,0.06344070258005984,-0.024368478412771184,-0.0062616539172487065,-0.019046191462275066,-0.016002361477641468,-0.006139552513399818,-0.002140792710186461,0.007847063970672781,-0.0029111634044327447,-0.0274638561971991,0.04119539687373199,-0.018836675440098184,-0.006450669758743497,-0.018928892253494502,-0.0007229467757287926,0.023816700772516793,-0.023534044900974185,0.05600485392995406,-0.018972413028045435,-0.01769125622093067,-0.018836675440098184,0.07105686551676509,-0.0021397446074859824,0.008039400388077659,-0.00558699538459049,-0.008858352174556841,0.012536202954955951,0.049377959927430715,-0.035733745677812775,-0.020839095081507247,-0.008858352174556843,0.014020716627043685,-0.006261653917248708,-0.012536202954956275,-0.00885835217455684,-0.01883667544009817,0.03780269166532158,-0.01402071662704416,0.03718248427553879,-0.010852943893212664,-0.02285496934145169,-0.012536202954956251,0.011759386699607825,-0.002140792710186505,-0.03805454915828809,0.03501835882776072,0.005236667264030055,-0.036854220524647485,0.04050963832447365,0.019291749891699905,-0.016600949146924802,-0.011744439128058733,-0.00964986810963699,-0.02741394111230428,0.02122435730186221,0.02196163439126281,0.1148857728486095,-0.0062616539172487065,0.0319980735962965,0.03567874265498566,-0.0062616539172487065,-0.004373673061312632,-0.008858352174556841,0.05378279210734212,-0.013740982077742003,0.08962609995768742,-0.0010431107856350174,0.00269110698624609,-0.016002361477641495,0.00023380841441750352,-0.028003537503016533,0.05701527006555064,0.0378026916653217,0.019172977652125684,0.01175938669960785,-0.06207364179507781,0.051125408392636525,0.0729973071599558,-0.04596391901367907,-0.06692067406930205,-0.07819947995531999,-0.09639110753933433,-0.10950232285574125,-0.10449112378510056,-0.07222184269400286,-0.0507912355968254,-0.060938671524817536,1.0,-0.049082157479194234,-0.010466246898796883,-0.012536202954956296,-0.02177323943599264,-0.03850139858861154,0.036170030605034806,0.01149059869121252,0.0039039306885205417,-0.03314625828615747,-0.02818710401745486,0.035714904939548105,-0.009048884432188667,-0.020992077882794825,0.016845364653829617,0.008039400388077668,0.03780269166532163,-0.03156899527795532,0.029944413968938897,0.015720666001312666,0.034964848004503266,-0.04437841575466062,-0.040491476411707264,-0.004731987922999442,0.002261610701983125,-0.027335479900169192,0.008671252844517826,-0.05931938482026012,0.008680608567015061,0.01704563832748781,0.04034570092312198,0.059292929737590636,0.02815026876805044,-0.020839095081507282,-0.0062616539172487065,0.04491185072779846,0.00410610409378571,0.026636296291397507,-0.08826411415632675
MoSold_12,-0.012413360110813057,-0.001071175064071396,0.040606653636774556,0.029399132126746972,0.019367695642524163,-0.010875510023521086,0.02617273608652715,0.005556989437806531,0.007704448576466915,-0.0008366632570935382,0.04096801881400551,-0.00024130768757249044,0.030024386931516506,0.07142187055284725,-0.017994764585538923,0.014464981029118246,0.023159304951526283,-0.021601471322657963,-0.00436837429303215,0.0018582779674060671,0.013182578316295596,-0.013828988249911847,0.0072245287937495505,-0.017042093239600885,-0.04605640424996581,0.03785804741274699,0.03465674547403874,-0.04571532619516729,-0.005372535479949056,0.017025318260781845,0.001984048349834944,-0.010756135048252229,-0.003971170859267361,0.040023437235430746,0.01757446930114096,-0.007600517687601891,-0.021601471322657977,-0.02393127988230374,0.022025392449082738,-0.035073666836306645,0.03673281497861511,-0.055646452630021555,0.012415332260881802,0.011171695819629804,0.010148772105477419,-0.018929232843491507,0.01837618642917967,-0.016161977085229668,-0.03112022534375476,0.007224528793749567,-0.001737345038332649,0.01865954868212529,-0.000275454727725391,0.00015204967185483275,0.02853893707884198,0.03729646453498758,-0.0002754547277253861,0.010144789122932135,0.022343193435791317,-0.01934682368487897,0.02106338858035968,-0.015232410094600569,-0.02356414835211815,0.02234319343579132,-0.001332985412098177,-0.007600517687601892,-0.012029856413112657,-0.013182578316295856,0.020908296209783087,-0.005372535479949053,-0.007600517687601892,-0.005372535479949052,-0.005372535479949056,-0.007600517687601892,-0.030225373116123472,-0.02066988078108154,-0.015175795894679295,-0.007867082287827723,0.015498726699492819,0.004602732258266937,-0.015232410094600572,-0.017880064784005625,-0.01498271325787702,0.055434045607036936,0.023159304951526294,-0.0009166718336994622,0.02234319343579131,0.0038776658285979335,-0.014243710922284877,-0.007600517687601891,-0.0249664565022716,-0.005372535479949052,-0.005372535479949051,-0.005372535479949052,0.02234319343579129,-0.012029856413112675,0.04118624750797516,-0.005372535479949056,-0.00760051768760189,0.018732528650598018,-0.005372535479949051,0.009298913024860493,-0.028781118304024706,-0.005372535479949052,0.03995618303587209,-0.018131930138683618,-0.007600517687601888,-0.02708638155966324,0.01592965133867602,-0.023226532899744832,-0.0013329854120981788,0.06749804274210038,-0.014243710922284892,0.05334639893615043,-0.005372535479949051,0.01008079004231227,-0.033553743668568094,-0.01704209323960089,0.03296499268551239,-0.005372535479949053,0.00307125878772566,-0.012029856413112647,-0.02763242732646794,0.019261676791184502,-0.030144311828940257,-0.03354663305842758,0.015241482053349914,-0.015874134981452945,-0.01442120630069532,0.015498726699492782,0.024180541642786286,-0.02589262435933445,-0.028695542843757596,0.0011594010031934878,-0.005372535479949051,0.012683790597903833,-0.018389301768230715,0.033987556782558735,-0.026529883267904793,0.04118624750797513,-0.009311888983126862,-0.009422558595283471,0.056501260526976516,-0.03290740736427898,0.006295172667621841,-0.007600517687601891,0.0068748335725105315,0.031141007645514262,-0.03379471240121041,-0.015249569829540373,0.011745190969484117,-0.014556487789355447,-0.015704558964434668,0.007559001336950769,0.02332667688181992,-0.007805755275692134,0.05118980080242579,-0.017102076409291313,-0.040217137665323546,0.029673611699082347,0.006964013473173389,-0.02292770369663697,-0.01424371092228491,0.08643978590476044,-0.010756135048252208,-0.018929232843491548,0.021183127331939732,0.12757495266794258,-0.009901803998996284,-0.002269836944723581,-0.0023518065209839067,-0.009311888983126852,-0.0053725354799490505,0.0006385877019789278,-0.012425720481253623,0.02355232643473695,-0.011840461957290167,-0.012029856413112624,-0.03022537311612346,0.03750044487484454,-0.020908296209783222,-0.005372535479949053,0.000565896128440915,-0.031206992857849124,-0.03332893092173098,0.03566218354905874,0.04535434226455682,0.02605114703339255,0.007126000259917996,0.03571588208466659,-0.016161977085229668,-0.04443832680139601,0.053299560818498154,-0.025938330666883093,-0.03783643488353998,-0.020192347403440183,-0.009311888983126862,0.045356734219698526,-0.03216129504009975,0.028275850682068445,-0.014243710922284885,0.021232715608772747,-0.005205805935960591,0.036083215739315985,-0.007600517687601891,0.010756135048252593,0.033501658306267765,-0.024816324930931014,0.022343193435791272,-0.007600517687601894,0.012029856413112832,-0.005372535479949052,-0.010756135048252218,-0.00760051768760189,-0.016161977085229658,0.04750773803822464,-0.012029856413112652,0.026016053348915512,-0.009311888983126862,-0.0020608936682436864,-0.010756135048252229,-0.018681566073312197,0.0057387421803083575,-0.030929976857182833,0.024223760161733405,-0.017548372515617798,0.0059161723828714255,0.0008243749038049584,0.004016901110322738,-0.01424371092228491,-0.0003929901115510156,0.020478093555972503,-0.0034291620181765713,-0.005986259205667947,-0.024790551512671462,-0.014243710922284878,-0.005372535479949053,-0.012493352255904845,-0.0209082962097832,-0.005372535479949055,0.04229137008789798,-0.00760051768760189,0.005129080513783934,0.043290994260289206,-0.01202985641311266,-0.01586659486039711,0.020649451555619022,-0.00780575527569209,-0.015299921573348203,-0.009109637509189349,0.017790656750461955,-0.012029856413112652,-0.02613076719925598,-0.018681566073312245,0.02885104330226082,-0.02743309190018701,-0.00760051768760189,-0.03943730984848145,-0.057418327574610795,-0.06709560862445747,-0.08270413089744826,-0.09395362989620468,-0.08965399194752433,-0.061966761087191874,-0.04357917555339669,-0.052285734598998115,-0.049082157479194234,1.0,0.003469167711161005,-0.01075613504825221,0.019842567354704514,-0.021221389012030936,0.007904671011387941,0.010080790042312266,-0.021601471322657956,0.029493289885530273,0.03566218354905874,-0.02066988078108154,0.03650123738352799,-0.043579175553396646,0.02512986630246228,-0.02972347260209767,-0.012029856413112648,0.026535472104212476,-0.005448693634972151,0.03381171994982916,-0.020097382662049603,-0.04289270613902777,0.017516083574019486,0.003167956121353842,0.010148772105477419,0.015085260868862672,-0.0010053408941378314,0.037024028832547795,-0.03575711538067229,0.004612370673258734,-0.016241865437287274,-0.017721465873015388,0.008592491592524964,-0.017880064784005632,-0.005372535479949053,0.03916689930630495,0.014691750426237181,0.011058923030459203,-0.07573112330671501
MSSubClass_30,-0.0792103764084152,-0.058668495563269224,-0.25647820678368743,-0.3292222530574697,-0.17262465465437923,-0.11216415078273234,0.006338615304207006,-0.1383684636155979,-0.1492348125652834,-0.25717615983889286,-0.15399273554112822,-0.19937498832741052,-0.10721705384624138,-0.0657698909743298,-0.0033891861784600403,-0.23863980017239503,-0.048076246680924736,0.007559939146297827,-0.16907995019096497,0.20556498388024216,-0.03614812252913796,-0.018320284417131433,-0.037858352531822265,0.020640423965471923,0.08899260428799625,-0.006443075207717645,0.0062157298945083655,-0.06353115346726951,-0.005830869671712123,-0.05842511252454086,-0.022332802379491572,-0.011673747315725206,0.03799626947365337,-0.0011255308587507288,0.04761040005120897,-0.0082489223643749,-0.023444305667170734,0.219121186845992,-0.03114357664187429,-0.07536521840862015,0.027947723986761652,0.09295375795069351,-0.05326938547650985,0.19000607093044264,-0.024174209166994764,-0.04150453126762902,-0.0950645858719678,-0.01754076494662173,-0.051095679602337546,-0.03785835253182224,-0.052552726527138056,0.2012361545965072,0.020364973066410472,-0.02203254025318471,-0.04570544256354896,-0.0557207354053836,-0.029397136853186633,-0.03640851624311574,-0.019405423727103036,0.030625521246908507,-0.023919635597357342,-0.01653189604408728,-0.0255744198393631,-0.019405423727103063,-0.005583378974506094,-0.0082489223643749,-0.013056130606500023,-0.014307191899677938,-0.009317969114862105,-0.005830869671712116,-0.008248922364374902,-0.005830869671712122,-0.005830869671712123,0.07902228525872206,-0.032803917643119664,-0.04280173016774658,-0.038798084362911885,-0.06481729101493904,0.011207033606176846,0.21103310370245798,-0.016531896044087245,-0.019405423727103063,-0.1474714548579169,-0.035913637305502365,-0.04807624668092476,0.04746202952370289,-0.01940542372710305,-0.04486487374016228,0.031269765631666155,-0.008248922364374908,0.029989766108574782,-0.005830869671712116,-0.005830869671712117,-0.005830869671712122,-0.01940542372710302,-0.013056130606500033,-0.014307191899677944,-0.005830869671712123,-0.008248922364374904,-0.0241919238931285,-0.0058308696717121215,-0.04650686239412438,-0.09431421302338265,-0.005830869671712124,0.07762102011416341,-0.06294837339863989,-0.008248922364374906,0.14477024786540316,-0.1036199641368966,0.1600786610728712,0.0676357824276998,-0.010106291761255996,-0.015458850358336444,-0.004516081893388082,-0.0058308696717121215,-0.04610760752528656,-0.09052543441711873,-0.018495964332695552,0.06284704503552045,-0.005830869671712116,-0.062211676227718046,-0.013056130606500013,0.16526133096397438,-0.10061081060271862,0.15768092703495468,0.06495768077242392,-0.14045929644421992,0.1631464271674291,-0.057628871993286084,0.11057304007389841,-0.13044074239819678,0.12094613612731475,0.0865314282678991,0.04411380220948322,0.11754695236741401,-0.0847200379017199,-0.051857019945200256,-0.1467037471835646,-0.028793163361734715,-0.014307191899677909,-0.010106291761255994,0.21831881475406584,-0.17121005773174375,0.13956374676336947,-0.03242600807353343,0.16629349288181894,-0.044958904474976594,-0.05962139424752488,-0.004663944408143346,0.10483006931677757,0.021447920282977886,-0.1410636970398729,0.022113171690524847,0.07531987842741025,0.07563626419369679,-0.03386927994785337,-0.021914968549730404,-0.04017123572710618,-0.009441856403727333,0.04926695975161417,-0.0548426758678748,0.0043676668094282355,0.12472699761167112,-0.008248922364374908,-0.011673747315725208,0.08395430030739871,0.04008492783710866,-0.005830869671712119,0.0338421774610108,-0.20298132649520279,0.06526231924117408,0.06117479988818241,0.11754695236741403,-0.20872134529310823,0.24336405693889768,-0.1296897442179047,0.07271652133598569,0.15269996231080468,0.011977494006206825,-0.012988122922794063,0.00931796911486207,-0.005830869671712116,-0.06739585086820538,-0.033869279947853353,0.11987205351615662,0.0015216179846950259,-0.1084807756969696,-0.14864205211084225,0.031387674692246535,-0.056405994505534934,-0.01754076494662173,0.18802522043474118,-0.1348893803685445,0.2171729908214612,0.19426183441609524,0.01120703360617682,0.061174799888182384,-0.19585542602977155,0.13391087843074556,-0.017540764946621757,0.0779983816216687,-0.14660664314645347,0.058752262252343763,-0.20365233251445256,-0.008248922364374904,0.011673747315725264,0.02476437275121532,-0.001617811750307665,0.0179225323223969,-0.008248922364374902,0.013056130606499879,-0.005830869671712121,-0.011673747315725212,-0.0082489223643749,0.023698392576836744,-0.01305613060650003,0.04219590036593486,-0.06725318226860069,-0.010106291761255994,0.04880589804377445,-0.011673747315725227,0.015475834046534846,0.0015216179846950294,0.011626633880029436,-0.06815148980325796,-0.19431145094909621,0.22320560826479663,-0.028793163361734795,-0.029625892980121703,-0.015458850358336442,0.06455231953392579,0.2782157978681166,-0.2011444765546577,-0.07376044636886135,-0.026905448181725876,-0.015458850358336454,-0.005830869671712116,-0.08416970844579551,-0.02269199537384063,-0.005830869671712119,-0.05362489201717182,-0.0082489223643749,-0.10858766171347609,-0.041159753450378284,-0.013056130606500007,0.22914176382061155,-0.22170381733471545,-0.0338692799478534,0.12300553847437132,-0.14935256094639696,-0.07399007485336344,-0.013056130606500025,-0.1626827937628721,-0.020275301567295633,0.04922614414675841,-0.048076246680924875,-0.008248922364374902,-0.007968661023426611,0.024759691820226342,-0.029108369465675667,0.03127176888235478,-0.008160079691685265,-0.009316830948984306,0.03772505662536612,-0.03141160992970889,-0.04325504817494971,-0.010466246898796883,0.003469167711161005,1.0,-0.01167374731572522,-0.02027530156729559,-0.07367400543404592,-0.11302654822533281,-0.04610760752528653,-0.023444305667170793,-0.045300288756981964,-0.02624791023598886,-0.04280173016774658,-0.05606416238671958,-0.04729694089520064,-0.01849596433269556,-0.0322591996982365,0.09744793133836965,0.04524602802620909,0.055096362211736805,-0.1548574819114959,0.060562307702763454,0.049350879676563965,0.05362602740343528,-0.0010525654242483583,0.005914746829435189,0.2646039738399502,0.13211500724199401,-0.05779955571439556,-0.09694642818383502,-0.08536258964607368,-0.05182827152811726,-0.04061989799029227,-0.024883679712430634,-0.019405423727103025,-0.005830869671712118,0.018938445852843478,-0.0029185085535862135,0.0001991776975212003,-0.012626564902294359
MSSubClass_40,-0.036978523166643774,0.010731595007643393,-0.013243241985964929,-0.04386488137626691,-0.029500000929324765,-0.02991543553985754,-0.0064362000903842856,-0.005220382995960167,-0.012020281944789735,-0.01793175367218087,-0.041259953762187905,-0.030281519052055266,-0.011397031452715964,-0.031385453298685514,0.011256490318144524,-0.016365535870343118,-0.011314070555035537,-0.0055172886143258935,-0.03700108868152426,0.051573929757892205,0.003366997005230357,0.07040624657765109,-0.008909432437295355,-0.004352765864448556,0.03986165562230938,-0.00987017275361823,0.07616210891726827,-0.02561583866425417,-0.0013722134196707807,-0.013749531024659232,-0.009559323439923577,-0.0027472527472527535,0.00344016927150116,-0.011314070555035529,0.1345197433150034,-0.0019412682161517045,-0.005517288614325885,0.056428652563586625,0.08821220628296945,-0.017736147418702525,-0.009971922616735402,-0.014212806847152579,-0.012536202954956275,-0.008451770976614698,-0.005689061168664088,-0.00976750947785511,0.01392042856488813,-0.004127973082268792,-0.01202465175609704,-0.008909432437295368,-0.012367547319858438,0.0338553126921903,-0.006918203966304096,-0.01211109896364856,-0.010756135048252253,-0.013113093789102094,-0.006918203966304088,-0.008568233795634657,-0.004566794380933162,-0.012703099052816434,-0.01722792537924517,-0.0038905499319174,-0.006018581117345406,-0.004566794380933162,0.09202117125884456,-0.0019412682161517054,-0.0030725772716427542,0.2014586541462817,-0.12460566849063576,-0.0013722134196707805,-0.0019412682161517052,-0.0013722134196707803,-0.0013722134196707807,-0.0019412682161517052,-0.007719942057021906,-0.010072787050317241,-0.00913058514728798,-0.01525384060441348,-0.005157380567343922,0.05270223434350986,-0.0038905499319173884,-0.004566794380933159,-0.0347053391291092,-0.008451770976614701,-0.011314070555035534,-0.003996400237596675,-0.00456679438093317,-0.025870110055915524,-0.003638023675491084,0.3523401812315337,-0.09202117125884468,-0.00137221341967078,-0.0013722134196707796,-0.0013722134196707803,-0.004566794380933159,0.2212255635582781,-0.0033669970052303357,-0.0013722134196707807,-0.0019412682161517052,-0.009870172753618229,-0.0013722134196707803,-0.010944737968266232,0.014297119134798659,-0.0013722134196707805,0.014551076616025485,0.0352518739023412,-0.0019412682161517045,-0.006918203966304088,-0.011269925585896273,-0.02124389519090201,-0.007057670952005781,-0.0023783740605938884,-0.0036380236754910995,-0.006918203966304103,-0.0013722134196707803,-0.010850778933039299,0.01626094148109866,-0.004352765864448547,0.01532711258914214,-0.0013722134196707803,0.027017943795716436,-0.0030725772716427577,-0.007057670952005762,-0.010495905069686241,-0.020700495731320035,-0.008568233795634629,-0.03470533912910918,0.043040739920129883,-0.016248084933316434,-0.00515738056734392,0.018417116304646604,-0.013020959700851152,-0.0073292040828580015,0.026207120918047954,-0.0013722134196707803,-0.020518088606486504,-0.01948349819296765,-0.020379850946991487,-0.006776067273708059,-0.003366997005230338,-0.0023783740605938884,-0.00821440096816908,-0.018383133709982156,0.029419824521269608,-0.011314070555035527,-0.0019412682161517067,0.015108222545878038,0.028723484698622452,0.03358521045357711,-0.020066266088861594,-0.017604076548431137,-0.0042092350434714855,0.04762607835705049,0.02894516377191388,-0.00785084522200391,-0.007970660137458388,-0.005157380567343917,-0.009453737067202773,-0.010271964924394956,0.018773109530813393,0.007846214805444162,-0.00585602511368782,-0.0036380236754910973,-0.0019412682161517052,-0.0027472527472527483,-0.009767509477855109,0.047287656672898463,-0.0013722134196707803,0.023817409187098706,0.013827535595733957,-0.007194623883381585,-0.002378374060593878,-0.0013722134196707805,-0.07762632808759962,-0.008683295340783314,0.010546473747666978,-0.00035901007765125434,-0.0030725772716427573,-0.007719942057021913,-0.008093362707828705,-0.00534024293531296,-0.0013722134196707803,0.014212806847152558,-0.007970660137458386,0.0020284538178240363,-0.006177077638842508,0.00454882023308844,-0.016649164036260156,-0.006018581117345409,-0.013274359909959016,-0.0041279730822687865,0.02789896452946839,-0.03342003165382179,0.029419824521269688,-0.009663903364335806,-0.005157380567343915,-0.002378374060593881,0.01158468280032676,-0.008214400968169078,-0.004127973082268791,-0.003638023675491089,0.010172792692354314,0.08477454531212415,-0.03202376354061174,-0.0019412682161517052,0.002747252747252791,-0.010271964924394958,0.015968235231911602,-0.004566794380933153,0.3523401812315335,-0.2212255635582783,-0.0013722134196707803,-0.0027472527472527505,-0.0019412682161517047,-0.004127973082268789,-0.0030725772716427542,-0.003072577271642752,-0.015827093456102028,-0.002378374060593889,0.020456892135617407,-0.0027472527472527466,-0.004771507933626235,-0.006177077638842504,0.024511593450977996,-0.016038497538760257,0.007174515164425069,0.016125571998556517,-0.006776067273708079,-0.015398508901831736,-0.0036380236754911008,-0.009870172753618248,0.0005841374327211734,-0.005340735669495582,-0.02166236569587843,-0.006331819974700306,-0.0036380236754910917,-0.0013722134196707803,-0.043040739920129856,0.12460566849063591,-0.0013722134196707805,-0.012619866434564439,-0.0019412682161517043,0.005778832510964239,-0.01532629166849749,-0.003072577271642756,0.005778832510964259,-0.02897481669029931,-0.007970660137458393,0.05997363476419111,-0.03323302161609305,-0.01971756691573342,-0.003072577271642757,-0.012666320478117003,-0.004771507933626238,0.011584682800326776,-0.011314070555035529,-0.0019412682161517045,-0.01007278705031725,-0.014665366087760286,0.027224842276558685,-0.021123679630080997,-0.02399694376175177,-0.022898761922855684,0.031524456637973694,0.053356554021465746,0.04141375972974987,-0.012536202954956296,-0.01075613504825221,-0.01167374731572522,1.0,-0.00477150793362623,-0.017338144158487223,-0.026599213322551763,-0.010850778933039297,-0.005517288614325901,-0.010660787780742724,-0.006177077638842503,-0.010072787050317241,-0.0131939145137965,-0.011130671865405102,-0.00435276586444856,-0.007591750326458878,-0.0030725772716427534,-0.0069182039663041005,-0.010564717791085523,-0.05941149182364711,0.04540915990198561,0.05425125861366008,-0.011937704471209211,-0.006483077384853397,-0.0056890611686641005,0.09124713203433693,0.008263543080030035,-0.0029736864357451987,-0.02826935858310905,-0.020088888561249164,-0.012197056993788126,-0.00955932343992358,-0.0058560251136878325,-0.004566794380933163,-0.00137221341967078,0.003093303674747518,0.00539340997883766,0.0022980437565396925,0.021000629882908982
MSSubClass_45,-0.05404193587890763,-0.03255168395694461,-0.039462920771850964,-0.11060855736721577,-0.09203769849203028,-0.05195799263793858,0.027309321281090777,-0.0528659602987332,-0.0673419717458612,-0.11068909753089283,-0.06491578262100323,-0.08290579061509483,-0.06556777601540212,-0.051304106158795444,-0.007982622159210188,-0.08291208642778079,-0.01965060457904503,0.06328499667891666,-0.10140876285769868,0.11086083861369786,0.0058478976639544265,-0.01547415963135283,-0.015474159631352836,-0.007560009495377876,0.05348832710431393,0.024571348338585382,-0.014474467578564318,-0.044490328578324155,-0.002383299907565848,-0.023880582677879753,-0.016602909098664825,-0.00477150793362623,0.005974985369802493,0.017131296299680278,-0.008628667870074056,-0.0033716507168577953,-0.009582586247911655,0.13684787322733646,-0.012729573375982272,-0.030804653195790482,0.023998293678606026,-0.02468521350942398,-0.021773239435992582,0.08186012892865996,-0.009880925782424286,-0.01696449262338925,0.0031660884177227783,-0.007169582897510159,-0.02088476253620472,-0.015474159631352876,-0.02148031345685772,0.03041156887624926,-0.012015736500645845,-0.021034906543553257,0.019842567354704545,-0.02277520010186718,-0.012015736500645814,-0.014881555974024798,-0.00793174040562987,0.01107695204445642,-0.02992195847622414,-0.006757219511337878,-0.01045324554841351,0.07979811559603377,-0.012257966790312491,-0.0033716507168577987,-0.005336540965509576,-0.00584789766395465,0.009275088198134671,-0.002383299907565847,-0.0033716507168577957,-0.0023832999075658486,-0.002383299907565848,-0.003371650716857797,-0.013408218377086195,-0.01749470753005112,-0.015858264046692154,-0.026493311012251296,0.9251805003181278,-0.09053710896820495,-0.006757219511337881,-0.007931740405629866,-0.06027723556171899,-0.014679279985591669,-0.019650604579045054,0.04813476561367468,-0.007931740405629864,-0.04493195447671286,-0.006318624614238613,-0.003371650716857799,0.0122579667903125,-0.0023832999075658464,-0.0023832999075658456,-0.0023832999075658486,-0.007931740405629868,-0.005336540965509595,-0.005847897663954641,-0.002383299907565848,-0.0033716507168577953,-0.01714280116645491,-0.0023832999075658486,-0.01900913707312345,-0.038549833530196594,-0.0023832999075658486,0.0888902924834589,-0.025729412754709535,-0.0033716507168577987,-0.012015736500645842,-0.06720383430344301,0.07206260858473777,0.04510303165153459,-0.004130828774528652,-0.0063186246142386045,-0.012015736500645871,-0.0023832999075658486,-0.018845946306467774,-0.03700121450585036,-0.007560009495377876,0.09096831196417653,-0.0023832999075658473,-0.02988084048865456,-0.0053365409655095775,-0.012257966790312498,-0.06609866136003356,0.0972744452572657,-0.014881555974024786,-0.06027723556171893,0.07475440044728796,-0.028220143284261038,-0.008957487554947307,-0.04842166695847327,0.05555281648810987,-0.01272957337598224,-0.0050574760752867065,-0.002383299907565846,0.01073538881200687,-0.01853415130606436,-0.05066777314176051,-0.011768869386923021,-0.005847897663954644,-0.004130828774528654,0.03532783155649796,-0.07799100807940751,0.0814973288997444,-0.01965060457904506,-0.003371650716857796,-0.03076998976329986,-0.02893923051885488,-0.026493311012251344,0.04637987328226709,-0.005440194204395983,-0.05765813935904859,0.013549511872649215,-0.02882018081081182,0.06768770615699393,-0.013843672781892047,-0.008957487554947316,-0.01641952363636109,-0.01784064541556785,0.03260567894770014,-0.0381854817887997,-0.010170913585369219,0.10350508891895621,-0.003371650716857799,-0.004771507933626219,0.025158227155774485,0.02082656533807919,0.28758485551294577,-0.008629490567908729,-0.06825617982086933,0.10012091429595604,-0.004130828774528675,-0.0023832999075658456,-0.1077103532590925,-0.015081398189518444,-0.012635627871292875,0.02972202918877402,-0.005336540965509577,-0.013408218377086225,-0.01405678615072341,-0.009275088198134777,-0.002383299907565847,0.024685213509424004,-0.013843672781892066,0.0378143618226532,-0.010728526885571856,-0.02906987083207971,-0.06075570352306435,-0.010453245548413544,-0.023055291759201343,-0.007169582897510173,0.08283151091848917,-0.05804487640888313,0.09669739279775494,0.025759616553307878,-0.008957487554947291,0.16339722708135598,-0.051879616555788544,0.03532783155649798,-0.007169582897510154,0.10350508891895614,-0.06345066996558688,-0.013185571276262123,-0.0556197976146902,-0.003371650716857798,0.004771507933626581,-0.017840645415567898,-0.026690336079090184,-0.007931740405629864,-0.003371650716857798,0.005336540965509917,-0.0023832999075658486,-0.004771507933626221,-0.0033716507168577974,-0.007169582897510151,-0.005336540965509603,-0.0053365409655095715,-0.027488953125100614,-0.004130828774528653,0.035530121216566304,-0.004771507933626227,-0.008287292817679552,-0.010728526885571858,0.0425724435926471,-0.02785612584286878,-0.07942253714444376,0.11482422668736669,-0.01176886938692307,-0.026744575090361954,-0.006318624614238599,0.024571348338585444,0.10681728110500385,-0.07027989998373617,-0.037623822519554734,-0.01099728784466149,-0.0063186246142386045,-0.0023832999075658473,-0.059286511465847895,-0.009275088198134773,-0.0023832999075658473,0.011415910720954811,-0.0033716507168577953,-0.03575625405329912,-0.026619146113307228,-0.00533654096550958,0.10162303783569189,-0.09590337806784253,-0.013843672781892052,0.0168824018836661,-0.027120469547245164,-0.03424603981716304,-0.005336540965509578,-0.0692328750019545,-0.008287292817679554,0.020120611744070104,-0.019650604579045095,-0.0033716507168577974,-0.01749470753005113,-0.025471231471970363,-0.004081136557891622,0.007073871905036102,0.03849366032522009,-0.01909245714464508,-7.51064293035586e-05,-0.01933207243690299,0.008513290092709963,-0.02177323943599264,0.019842567354704514,-0.02027530156729559,-0.00477150793362623,1.0,-0.03011338963599406,-0.04619828209242509,-0.01884594630646779,-0.009582586247911666,-0.018515964184725116,-0.010728526885571828,-0.01749470753005112,-0.02291557187125257,-0.01933207243690296,-0.007560009495377893,-0.013185571276262157,-0.005336540965509599,0.046460847802497464,-0.018349107051434,-0.08789588910853201,0.058793464852122466,0.05055254249002478,0.014302447902934003,-0.01125999608411527,-0.00988092578242428,0.09755865482853905,0.0919614199390345,-0.03913138530349714,-0.04909903862784991,-0.03489096197777503,-0.02118420093344149,-0.0166029090986648,-0.010170913585369238,-0.007931740405629882,-0.0023832999075658473,0.07800130959318026,-0.00931624211173835,-0.013994218445104352,-0.03359493480319715
MSSubClass_50,-0.06973752514405064,-0.001249261377817254,-0.16665769080380025,-0.3882213198100862,-0.2406053273710096,-0.12579751314967558,0.017408172859567222,-0.15608151998423092,-0.1457288363858855,0.024673665263653288,-0.2668015258635572,-0.19378544220962904,-0.07493438244850631,-0.100270740844532,0.010595614171051145,-0.1566922256381895,-0.07140405501411028,-0.012755270350286632,-0.14353683936493836,0.1901325482960734,0.021249402522667733,0.027199811000827124,-0.01451418486178589,-0.027470673064726236,0.10854356140576578,-0.0243975018237134,-0.008157190654957198,-0.05542637371196391,-0.008660154807472394,-0.049336301774803575,-0.021286542287933596,-0.017338144158487185,0.011472713618061656,0.006560628986339195,-0.006900524205675445,-0.012251507698221592,-0.03482007451073514,0.22675159366632724,0.05423975916720013,-0.11193432459723866,0.04966822061710273,0.09218984197118248,-0.06896312651818516,0.1512897280275836,-0.03590414561142484,-0.023378431569632572,-0.04575677113696186,-0.026051986827314123,-0.06534851063839392,-0.028418850149323528,-0.07805263586797694,0.17068133943354274,0.16882396259855714,-0.04501697093790666,-0.056217504927955526,-0.08275784261443428,-0.04366136963755769,-0.039646982321925296,-0.02882142511203901,0.05028516315663246,-0.10872689237483313,-0.02455358926943697,-0.03798377384331839,-0.028821425112039046,-0.009802949635166728,-0.012251507698221593,-0.01939129471327532,0.050565707854866714,-0.011858365948534639,-0.00866015480747239,-0.012251507698221593,-0.008660154807472393,-0.008660154807472394,-0.012251507698221588,-0.04872120645385217,-0.06357020996003626,-0.05762389415874754,-0.09626827660264581,-0.0325486644234714,-0.32898309482437177,-0.024553589269436963,-0.028821425112038987,-0.20405728960410546,-0.05333984058569116,-0.07140405501411033,0.1248744312800106,0.07743938464446837,-0.13432857800681397,-0.022959874733306098,-0.012251507698221592,0.04454155756561199,-0.008660154807472389,-0.008660154807472386,-0.00866015480747239,-0.028821425112038983,-0.019391294713275324,-0.02124940252266769,-0.008660154807472394,-0.012251507698221595,0.038759151833416966,0.07914419254606717,-0.046111685405710576,-0.11448805230898017,-0.008660154807472394,0.12393946441855284,-0.08471556668077729,-0.012251507698221593,0.04487418546082326,-0.13843120454890354,0.16947021147455005,0.0770435701909462,-0.015010119606439542,-0.022959874733306095,-0.025954258617881615,0.07914419254606717,-0.045336417086105384,-0.09493818749571127,-0.027470673064726246,0.12920559773949322,-0.00866015480747239,-0.07756748175034547,0.01992994178864408,0.059674266225723596,-0.1387159583480163,0.17864801378445666,0.06134807234658825,-0.15914417762089017,0.20606078440912673,-0.10254303654983894,0.01459523444385812,-0.1467308632243713,0.16398960002173082,0.08773808758687572,0.08882343081210639,-0.008660154807472389,-0.1154496918279777,0.002171262133677561,-0.1841105929491223,-0.006632431269844497,0.014658152666099536,0.08644717032597594,0.08331714387461336,-0.2090047540326061,0.2316978343349368,-0.037990619013917606,-0.012251507698221593,-0.02549268643244336,-0.08924306506111356,0.023597925502500453,0.1340932703985798,0.003065281472265582,-0.17393842780215957,0.10159661828625094,0.08687578833986348,0.12282938541778173,0.04242770745576192,-0.00897671498980658,-0.020212034986833004,-0.02831189576028154,0.017169099222170785,-0.1073752385770859,0.10876335881483762,0.04355087350206467,-0.012251507698221595,0.0266092351321227,0.01488671427303961,0.10042815319644136,-0.008660154807472387,0.04433921780782954,-0.06175015304165151,0.09099861363837129,-0.015010119606439548,-0.00866015480747239,-0.12866226426790173,0.030679198133092462,-0.1302690164876564,0.1539446444264196,0.019929941788644115,0.030952809476506398,0.13170084878193694,0.05741945617185214,-0.008660154807472393,-0.11947305195995142,-0.034848306622846444,0.08548719756171319,-0.019221306759224663,-0.0720460102199542,-0.21112587361202667,-0.017714654760261066,-0.05481907599204663,0.003296702036789727,0.2645511183128577,-0.1754445508216597,0.27772467091502395,0.11936759307652614,-0.008976714989806567,-0.015010119606439562,-0.0904043124504188,0.03826416977945204,-0.026051986827314154,-0.02295987473330609,-0.009488879366963946,0.09782069596077451,-0.1686497076831138,-0.012251507698221593,0.017338144158487282,0.032547008553633454,-0.022823796402379932,0.024308979766214715,-0.012251507698221593,0.01939129471327508,-0.008660154807472394,0.026609235132122697,-0.012251507698221592,0.03264539090089364,0.01992994178864412,0.019929941788644132,-0.09988612377443577,-0.015010119606439536,0.0680645154859746,0.07055661442273242,-0.030113389635994057,0.020304197280871097,0.040953430653527384,-0.10122031279817455,0.3513312770023929,0.2003526341722877,0.011433519577119992,0.047217633697230886,-0.022959874733306053,-0.02439750182371335,-0.039030518015749034,-0.019851521578872065,0.07803767445144202,0.05650520586385109,-0.02295987473330611,-0.00866015480747239,-0.14517160630342818,-0.033702724274782866,-0.008660154807472394,0.01120008418807677,-0.012251507698221588,-0.05597239395871816,0.01413500976809533,-0.019391294713275296,0.15202456775439183,-0.14605809432174957,-0.0039379009914031204,0.24635142958655212,-0.1773062131253149,-0.08958631520933817,-0.019391294713275307,-0.02749508986271201,-0.030113389635994057,0.05130974852653431,-0.049128431013981885,-0.012251507698221586,-0.05117537735564883,0.004826603375070599,0.039609397493357984,-0.014050179022660408,0.018490203555133512,-0.006759177612795472,0.008028187999174825,0.008889231561885954,0.021333294275193513,-0.03850139858861154,-0.021221389012030936,-0.07367400543404592,-0.017338144158487223,-0.03011338963599406,1.0,-0.16786988221230698,-0.06848018245173965,-0.03482007451073508,-0.06728113224034231,-0.03898405877927247,-0.06357020996003626,-0.0832679090352054,-0.07024661039148887,-0.027470673064726253,-0.04791217761344054,0.019929941788644122,0.02716707444114706,0.1112221885167861,-0.2267770695600781,0.05559086035222515,0.12418223340718407,0.09440735711090935,0.01565318239224528,-0.01449072543467636,-0.06979763057258712,-0.047725443871934885,0.03780207269330171,0.08000144854744767,-0.003050919931104744,-0.02494613884849077,-0.0212865422879337,-0.016140550888620375,-0.002256222672912166,-0.00866015480747239,-0.02446287939014405,0.017065633352199128,0.019949289340882862,-0.015985792117422758
MSSubClass_60,0.18007419301469982,0.07838905808154918,0.35271087940652845,0.39040552622458385,0.28192406442442836,0.2140766802392372,-0.004222376537219911,-0.0294609077919453,-0.10958752040192085,0.48466163675309865,0.30212816021926986,0.265263334796133,0.15145648587690427,0.2591907239587883,-0.025746111581542303,0.3771970684281052,0.09618576566882744,-0.05341901540049259,0.1549093771066617,-0.20784933985882348,0.032599647661859105,-0.07598864686242932,0.10893418298706059,0.060749340143805675,-0.20231566081618124,0.016428081956746807,-0.02596688976537188,0.05895090648542828,-0.013285926280496416,0.08816551101668717,0.003602596414172712,-0.02659921332255173,-0.06219655452406895,-0.027252163903239392,-0.011966546378559362,-0.018795579492765918,-0.053419015400492736,-0.10321895888538041,0.01566389409610769,0.12455210790843013,-0.09654928807834269,-0.1107323367484857,0.3287572649637052,-0.08183100713435883,-0.05508213679344424,-0.07572194902916506,-0.14139577908823892,-0.03996750452422695,0.11720280105025303,0.25276305064777493,0.054907587822505245,-0.14063411339439405,-0.06698283705154742,-0.07857326802916931,0.09409451176289245,0.06767315612265472,-0.0015681600647519402,0.012981905878967089,-0.02458846774749117,-0.06367758083379833,0.01954230845991565,0.031306633879537485,0.07651033653504537,-0.024588467747491183,0.08566697926693094,0.07298216652542239,-0.000696465874195463,-0.03259964766185934,0.03487338640375391,-0.0132859262804964,0.027093293516328176,-0.013285926280496418,-0.013285926280496416,-0.018795579492765915,-0.074745356362937,-0.09752586898746528,-0.08840336308164638,-0.14768941832189872,-0.049934344786276445,-0.5047075072601239,-0.03766874659952397,-0.04421622220967654,0.7627428800730062,-0.08183100713435879,-0.1013149216464794,0.05474888575570554,-0.044216222209676505,-0.04948387723632379,0.03848864601690563,-0.018795579492765935,0.004166442455625347,-0.013285926280496402,-0.013285926280496402,-0.013285926280496416,-0.004960713285305738,-0.0006964658741954596,-0.006069276654994973,-0.013285926280496416,-0.018795579492765925,-0.09556413433983035,-0.013285926280496416,0.004305194028289325,0.045072652398215236,-0.01328592628049642,-0.1615687008690064,-0.033188294534217476,-0.018795579492765935,-0.05389990165418825,0.3038115486139489,-0.17155733804196752,-0.016999788415990615,0.014453275717874041,-0.03522375868534479,-0.06698283705154749,-0.013285926280496416,-0.0024595629555186783,0.041881208296051145,-0.000986648215792655,-0.15752648106608869,-0.013285926280496402,-0.04055859914583802,-0.029749042340635648,-0.05549982629708626,0.31337917643894503,-0.17558542299671617,-0.05097844029637111,0.1580540125796515,-0.15427740219386651,0.01072009874593127,-0.04993434478627638,0.2988487664694718,-0.30620180135259967,-0.07096218688994253,-0.08995476339179953,-0.013285926280496392,0.11647419785084503,-0.23572499347012185,0.3536188978697107,-0.052258588498258804,-0.032599647661859264,0.014453275717874014,-0.06843693621015952,0.29005716151180916,-0.32472980049988287,0.04681059384000074,-0.01879557949276594,0.018730488978296045,-0.0026010976262200464,0.01045949233788256,-0.014362352657760206,-0.09171627221608813,0.16669475000071707,-0.047623053184278945,-0.09577752578645289,0.04134119975932512,-0.05433462053352318,-0.015101978141286658,-0.05266725956771901,-0.027509169194975484,0.06413756372341131,0.07596794346398447,-0.056698700684517836,-0.035223758685344886,-0.018795579492765935,-0.026599213322551725,-0.08514604293271773,-0.03362805617686692,-0.013285926280496409,-0.18885847852454382,0.1338797711291424,-0.06965916610365176,-0.02302768795547598,-0.013285926280496407,0.1552865559360405,-0.07354644769136189,0.23888306319288136,-0.25637360185963365,-0.029749042340635683,-0.0629718942537681,-0.04459924471220615,-0.03487338640375405,0.05158849636005468,0.0972934995371152,-0.02007729536628098,-0.23833030597847693,-0.03060366776333031,0.2642673301039238,0.1290758863433402,-0.05827258638632432,0.32789410760965226,-0.018283165391796138,-0.29323571477633975,0.1594110317793785,-0.3859424416775046,-0.09356701067040377,0.0023142051812082387,-0.023027687955476002,0.08800135574953402,-0.07953276373562695,-0.0182831653917961,-0.03522375868534483,0.08941977156221842,-0.0495764042614498,0.13950586837734838,0.027093293516328158,-0.038342009839531156,-0.06348175049785436,0.04501913023309222,-0.024588467747491217,-0.01879557949276593,0.000696465874195705,0.05158849636005465,-0.026599213322551732,0.027093293516328176,-0.03996750452422689,0.028356110592244715,-0.0006964658741954882,0.10435827249758638,-0.023027687955475964,-0.032445240067188685,-0.02659921332255176,-0.046198282092425214,-0.03060366776333029,-0.0015208029925103935,0.0994872664050435,0.5816772386458195,-0.13886466407402698,0.0011336712690315093,-0.004745573895563975,0.03848864601690572,-0.09556413433983035,-0.27741229553077296,0.08989236321092899,0.27107764116804695,0.009968595957206686,-0.035223758685344816,-0.0132859262804964,-0.02221435308138089,-0.03487338640375414,-0.013285926280496406,-0.01777636680970522,-0.018795579492765918,0.25231890248974476,0.01542816517336654,0.02835611059224467,-0.3863026489865695,0.3491509583305677,0.13979022208084926,-0.27560725944493175,0.17885026574132826,0.18505903835234702,-0.0297490423406356,0.6214954701323031,0.02899624617395243,0.11216421546511532,-0.10954411695128408,-0.018795579492765915,0.03068539690549782,-0.017714247005541032,-0.02801788412395721,-0.03807709227162597,0.005322711937948554,0.046625755705949554,9.241937021762018e-05,0.017523740567769924,-0.03707797598346944,0.036170030605034806,0.007904671011387941,-0.11302654822533281,-0.026599213322551763,-0.04619828209242509,-0.16786988221230698,1.0,-0.10505847481429746,-0.053419015400492605,-0.10321895888538037,-0.05980716772049495,-0.09752586898746529,-0.12774497980316252,-0.10776842999512962,-0.042143973788858265,-0.07350418945871155,-0.02974904234063572,-0.06698283705154735,-0.09352615996791028,0.2527028818650736,-0.0880654516961413,-0.12693739775407784,-0.06855043084343104,-0.034906090768506245,-0.055082136793444425,-0.13538090828797691,-0.24012975141937315,-0.17982824783833726,0.10408667694169889,0.26259439797303996,0.21251526415820363,0.11899105925933726,0.11249140206415474,0.034294795639065054,-0.013285926280496404,0.006591497705762891,0.007283660491299634,-0.021006923882854824,-0.020061034496478676
MSSubClass_70,-0.028565655052308264,-0.008229903889510098,0.002598237073905513,-0.35952459811076765,-0.07020666143281556,-0.11387867223947269,0.017907758610598297,-0.12461135170385355,-0.10178619432074006,0.11310063632470449,-0.27941011103144003,-0.09401532867465624,-0.06445610286095903,-0.03206963021960719,-0.0007606915984551507,-0.03688301717653506,-0.04468699814688172,0.077632375426015,-0.1461425906176606,0.16497634900803498,0.013298572622593409,0.06923450516130795,-0.035189438573722594,-0.017192047651837593,0.06434968637952954,0.03690490897771137,-0.03291606134857338,-0.06698123715418101,-0.005419808745550287,-0.05430629625568137,-0.03775630236415546,0.055158126242949704,0.028965771142287655,0.07241585340725466,-0.019622259639341666,-0.007667395103803944,-0.02179154397923221,0.06388608513784663,-0.0037908143253085787,-0.0700521693741457,0.31766175265266045,-0.015156744068443681,-0.049514034360315866,0.05443341924084341,-0.02246999120828718,-0.0385785713296881,-0.07880651202015065,-0.016304187302033722,-0.04749356901459767,-0.03518943857372265,-0.04884789797585387,0.21118917800541426,0.10565556959335311,-0.047835008126619144,-0.042483329464030384,-0.05179257058748764,-0.02732471627414302,-0.033841811917742014,-0.018037392558695242,0.010117233890316052,-0.05800995561857646,-0.015366440995063929,-0.02377149072293614,-0.01803739255869527,0.05039044755178478,-0.007667395103803942,0.046924737017899114,0.14850072761895897,-0.08155677569575875,-0.005419808745550279,-0.007667395103803944,-0.005419808745550287,-0.005419808745550287,-0.007667395103803937,-0.030491328007728632,-0.03978432113021672,-0.03606292179035508,-0.06024784302930456,-0.020370021093167847,-0.20588840431915273,0.03137315036492224,-0.018037392558695235,0.30515896350078486,-0.0333818206394122,-0.04468699814688174,-0.024134296515152562,0.22136799958398728,-0.023936979344395263,0.03558048544453312,-0.00766739510380395,0.027875566730774497,-0.005419808745550277,-0.005419808745550277,-0.005419808745550286,-0.018037392558695235,-0.01213570784945668,-0.013298572622593343,-0.005419808745550287,-0.0076673951038039425,0.03690490897771128,-0.005419808745550286,-0.025984194777239802,-0.07805634947756003,-0.005419808745550287,0.038182645238779955,-0.05851067917351269,-0.0076673951038039485,0.1854437411138512,-0.11672203243852582,0.17378726313651952,-0.027875566730774567,-0.00939382485917485,-0.014369042198753772,0.025867398072855492,-0.005419808745550286,-0.025476190476190506,-0.0742523499611724,-0.017192047651837572,0.03127089434500605,-0.00541980874555028,-0.05630710264114531,-0.012135707849456653,0.20692247611690334,-0.10677028934075196,0.14041761961555466,0.0745113578188882,-0.13707510641774864,0.162962265925605,-0.05197489784576307,-0.020370021093167757,-0.10280036814557883,0.11211060469882807,0.021366408015375357,0.08050764858994125,-0.005419808745550277,-0.09158526297407531,-0.0769536519512351,-0.09438535457332427,-0.026763321320156627,0.14850072761895883,-0.009393824859174851,0.10289472997436944,-0.09355756804159741,0.08854609751264866,0.038957895820358475,-0.007667395103803948,-0.12183175797076588,-0.05385947172523475,0.04263151465816295,0.06852606166321873,0.010492219803151896,-0.11585322097983317,0.03081264036984925,0.006406099468586218,0.11694000199814072,-0.008267891031402528,-0.020370021093167788,-0.017587337133569813,-0.04057101069932576,0.05240971932941202,-0.08683674576371819,0.10194089141949675,-0.014369042198753767,0.08561924532581065,-0.010850778933039283,0.13384402298055034,-0.017696801468718645,-0.005419808745550282,0.018274322598766907,-0.15521984419863832,0.022803354141338748,-0.009393824859174848,-0.005419808745550279,-0.05996848348882382,0.05129783766114844,-0.028734397305581114,0.019284476202863807,-0.012135707849456643,-0.006557274840371779,0.036667136314734866,-0.021092269576489343,-0.00541980874555028,-0.012162819314183152,-0.0314815850811096,0.07039658228067813,0.005286125395137912,-0.057699785781038,-0.17436530497504896,0.03711688902353202,-0.03793196386093133,-0.016304187302033753,0.19618259663429413,-0.08633080433002391,0.1645915694940999,0.1746778348597112,0.01503501556876663,-0.00939382485917486,-0.1507250899430377,0.19312073944138422,0.027777504292353743,0.08553001308781993,-0.1996330584681491,0.14026321924785115,-0.2018577102348006,-0.007667395103803948,0.01085077893303911,-0.02228901205086417,-0.011189745693077036,-0.018037392558695232,-0.0076673951038039485,0.012135707849456516,-0.0054198087455502855,0.05515812624294974,-0.00766739510380394,-0.016304187302033698,-0.012135707849456666,-0.012135707849456664,-0.0625120103770766,-0.009393824859174851,0.05023725387127692,-0.010850778933039311,0.019369444814980742,0.005286125395137931,0.033872245765258074,-0.06334698960087047,0.2372871351640801,0.20189070678981835,-0.026763321320156668,0.015729113022715298,-0.014369042198753767,-0.03898405877927256,-0.10997453124873448,0.013587715531722284,0.13925175055849856,0.003969632552269259,-0.014369042198753765,-0.005419808745550279,-0.0996469443921205,0.013124078847593309,-0.005419808745550281,-0.019522420795936354,-0.007667395103803945,-0.053542612729698714,0.08036108065569965,-0.012135707849456657,0.07836432129533172,-0.0729812123389241,-0.008267891031402493,0.11778588539824027,-0.08254981056405679,-0.035998923539657036,0.046924737017898975,0.028741551995735037,-0.01884594630646781,0.013009010739131159,-0.011229040559985687,-0.007667395103803939,-0.0025502769955266977,-0.018032804834237897,-0.04432392053551301,0.016086533085537813,-0.0036213829696567237,0.05063254288390965,-0.025107282856366837,0.006978195454401056,0.019359881629417302,0.01149059869121252,0.010080790042312266,-0.04610760752528653,-0.010850778933039297,-0.01884594630646779,-0.06848018245173965,-0.10505847481429746,1.0,-0.021791543979232234,-0.042106737931762436,-0.024397501823713304,-0.03978432113021671,-0.05211178687282729,-0.04396263136272671,-0.01719204765183758,-0.029985011240633214,0.046924737017899176,-0.027324716274143037,0.047339734642640977,-0.19292716056092166,0.01500851975312619,0.11496040050497444,0.11219990529746941,0.14432531334866278,-0.022469991208287254,-0.05522675764028861,-0.09972838338246325,-0.027193657011488164,0.04525026141655294,0.0755260209240077,0.061235161470241155,0.040434054304875705,0.03940572273358704,-0.018037392558695263,-0.005419808745550282,0.003959397873948373,0.02130226257272398,0.009076545580161393,-0.023283043369067946
MSSubClass_75,0.03848276481149364,0.011762077770518844,0.04002484044446495,-0.20445193862871602,-0.04139334998442,-0.06007896145038265,0.03442250300096596,-0.035071381673995546,-0.005379994771887694,0.15658435098253748,-0.09722124486767551,-0.017258554611351173,-0.03480773606532267,0.1343372330376865,-0.009230295949231429,0.015264598404934472,-0.022721969326411736,-0.01108033240997233,-0.10652137594452289,0.1404945896114499,0.006761916703879301,0.021929530548480864,0.021929530548480992,-0.008741629458288436,0.03909173413519004,-0.019822199398808166,-0.016736808631679354,-0.051444110903166154,-0.002755806681546019,-0.027613087674780868,-0.019197922880772593,-0.005517288614325889,-0.007752392646582877,0.009176179920281616,-0.009977317791061313,-0.0038986354775828475,-0.011080332409972311,0.012273828219700134,-0.014719189662786073,-0.03561938169433753,0.015805261831925908,-0.028543481291928546,-0.025176369338214218,0.024887015894025352,-0.011425302037994904,-0.019616021455026385,-0.026708250910095824,-0.00829017967488452,-0.02414902461795383,-0.017892751293287927,-0.024837659397456947,0.19109087906792896,0.13824312077939813,-0.02432263594455685,-0.021601471322658067,-0.02633493519427699,-0.013893780982854077,-0.017207524430655596,-0.009171461441647955,-0.025511545612555902,-0.034598722901785194,-0.007813364410791656,0.04596269180916615,-0.009171461441647958,-0.014173871561726292,-0.0038986354775828484,-0.00617063559747947,-0.006761916703879325,-0.05451759507827733,0.24871155300952777,-0.003898635477582847,-0.002755806681546019,-0.002755806681546019,-0.0038986354775828484,-0.015503906022864384,-0.02022910828383702,-0.01833689074499647,-0.03063418215729592,-0.010357531578558588,-0.10468794507581101,0.5269137624527602,0.6755615120995685,-0.05540638514917005,-0.016973632959980545,-0.022721969326411726,0.03973714093179706,-0.00917146144164796,-0.03537828661607175,-0.007306217683650362,-0.0038986354775828514,-0.03557096613087078,-0.0027558066815460158,-0.002755806681546017,-0.0027558066815460192,-0.009171461441647941,-0.006170635597479463,0.096075566500952,-0.002755806681546019,-0.0038986354775828484,-0.019822199398808155,-0.002755806681546019,0.010900037672623318,-0.044575123960586514,-0.0027558066815460197,0.01083259933746768,-0.029750887564168122,-0.0038986354775828514,0.03681851960456326,-0.077707708967308,0.12742235830701004,-0.014173871561726236,-0.0047764721095446645,-0.007306217683650363,-0.013893780982854055,-0.002755806681546019,0.011349762489183466,-0.04278445773309488,-0.008741629458288417,0.012180031080000027,-0.0027558066815460166,-0.012348396442926525,-0.006170635597479473,0.035570966130870636,-0.07642979888471928,0.07396557345004597,0.06543387579551929,-0.0696984915657404,0.08643841909011189,-0.032630916138615955,-0.01035753157855859,-0.032745692695931645,0.0280814298667058,-0.014719189662786037,0.030701754385964893,-0.0027558066815460175,-0.04120633486289269,-0.05240174285032024,-0.04092871313130422,-0.01360832885016542,-0.006761916703879313,-0.004776472109544656,-0.016496924420407958,-0.06354981209454003,0.08544735139650507,-0.022721969326411774,-0.0038986354775828506,-0.01909904070286151,-0.033462395802345044,0.01840738138398926,0.04423619587430927,-0.03535414468272251,-0.037561705716192446,0.005669803649237907,0.03526659385385484,0.06886380864994929,-0.016007421402721933,-0.010357531578558623,0.01867632220001223,-0.020629115825179373,0.01697721347199476,-0.0741094861046383,0.04785916762238822,-0.0073062176836503675,0.1739766081871348,-0.005517288614325893,0.05344365029073517,0.024081731271055895,-0.002755806681546017,-0.02443092071270981,-0.13227167400223552,-0.014448913182754333,-0.00477647210954466,-0.002755806681546017,-0.014816601485608767,0.023363254885537824,-0.019084431916866904,0.012437205940786261,-0.006170635597479465,-0.015503906022864325,-0.016253844122702758,-0.010724772802284106,-0.002755806681546017,0.028543481291928387,-0.016007421402721957,-0.01079538374732285,-0.012405382126079799,-0.006895443083654229,-0.10246516854901487,0.04596269180916615,-0.02665880482489982,-0.008290179674884511,0.11565230927156277,-0.06711721748879114,0.09862921245302414,0.05438269327603537,0.05715137960311795,-0.004776472109544665,-0.10161522193764892,0.026512914247084227,0.07576303091769447,0.08793554854964883,-0.08509266460656442,0.03112818806536589,-0.06431310193325525,-0.00389863547758285,-0.12034585789998334,-0.020629115825179376,-0.015129277513791317,-0.009171461441647962,-0.0038986354775828484,0.006170635597479742,-0.002755806681546019,-0.005517288614325896,-0.0038986354775828475,-0.00829017967488451,-0.0061706355974794755,0.1064434640565208,-0.03178544187845339,-0.004776472109544656,0.021659271770822646,-0.0055172886143258874,-0.009582586247911648,-0.01240538212607978,0.014937037409606925,-0.03221000322958451,0.12065323763812842,0.08885213113744098,-0.013608328850165451,0.017728394654099304,0.08793554854964909,-0.01982219939880819,-0.029411772966436635,-0.03717781141284212,0.03104537815245538,0.20830264900475465,-0.0073062176836503675,-0.002755806681546016,-0.04619604285555725,-0.010724772802284085,-0.0027558066815460175,0.0035640548610918494,-0.003898635477582849,-0.0016320359814369534,0.06691235896992982,-0.006170635597479461,-0.014869661164203374,-0.00548689101632686,0.07251846968808888,0.014474923327030152,-0.026936579563049696,0.00032816563019739665,-0.006170635597479467,0.0018704179012052455,-0.009582586247911662,-0.00795472696986636,-0.02272196932641174,0.17397660818713465,-0.020229108283837016,0.04660973768201847,-0.01214332240531144,-0.023446771003264713,-0.013429245587531191,0.043678226951484066,0.015762452734806816,-0.02235365101161821,0.0006780241799360238,0.0039039306885205417,-0.021601471322657956,-0.023444305667170793,-0.005517288614325901,-0.009582586247911666,-0.03482007451073508,-0.053419015400492605,-0.021791543979232234,1.0,-0.02140998606744685,-0.012405382126079766,-0.020229108283837012,-0.026497246894430462,-0.022353651011618153,-0.008741629458288441,-0.015246459460587397,-0.00617063559747947,0.03681851960456334,0.012748841071438853,-0.06627034472914707,0.021558627103864084,-0.004669389682807151,0.006409824625667397,0.148989303705118,-0.011425302037994913,-0.028081114085470763,-0.05070882722398924,-0.035428687112348395,-0.02528044812011748,0.03840266748597821,0.0351098796320366,0.09261976623862106,0.04785916762238829,0.1429914215675116,-0.002755806681546016,-0.02528044812011746,0.027034477927084424,0.004615145317757155,-0.038845780802849145
MSSubClass_80,0.04417217187027169,0.00771874179856856,-0.019684153212406595,0.02026402328050322,-0.026713310894860762,0.028692106873889053,-0.099190208531124,-0.0620183966235343,0.021139928301902214,-0.04727741518702702,-0.036938685770690094,0.008616448809419211,0.05359234040917291,-0.04862034369516205,-0.009350235281806792,-0.028645606731152004,-0.043904553464984494,-0.021409986067446804,0.10538567167944507,-0.08521331070850952,0.013065721953341217,-0.034573290919757124,-0.03457329091975715,-0.01689102438301359,-0.05638023009467151,-0.03830146941915593,0.03549934702081269,0.02223236415233381,-0.005324910884747052,0.03237339310141831,0.06224266034550823,-0.010660787780742711,-0.045262550174371835,0.007103919791416608,0.018051394426819457,-0.007533143245953503,-0.021409986067446807,-0.04136947218259627,0.04826593069798407,-0.03417546763319195,-0.03869631248501374,0.0003803667392695876,0.05985861762247154,-0.03279732337813937,-0.022076554059848295,0.05945529162667031,0.09772575949891224,-0.01601870997806572,0.04988005060636295,-0.034573290919757145,-0.04799259823369093,-0.05891086693038492,-0.026846275568352514,0.03293763050531325,-0.02393127988230378,-0.05088571125259192,-0.026846275568352434,0.03282685606508549,0.0633865480316791,-0.003336679352029941,0.030038634155827772,-0.015097383091537778,0.007587282107911987,-0.017721567766963736,-0.027387480937415193,-0.007533143245953507,-0.011923218300781753,-0.013065721953341113,0.020722955573677395,-0.005324910884747049,-0.007533143245953504,-0.005324910884747054,-0.005324910884747052,-0.007533143245953506,-0.0299574416776329,-0.03908771961787268,-0.03543147992720297,-0.059192936539074065,-0.020013353262804765,-0.2022834119566233,-0.015097383091537785,-0.017721567766963722,-0.13467499693434687,-0.032797323378139315,0.9422592628254366,-0.01126490686310772,0.02283249013235766,-0.012031265520757726,0.03664973005056338,-0.007533143245953512,-0.10519117346784418,-0.00532491088474705,0.12871594931750677,-0.005324910884747054,0.06338654803167897,0.048104018661774516,0.04175023796584858,-0.005324910884747052,-0.007533143245953508,0.00026414806495966576,-0.005324910884747053,-0.04247134848157053,0.08966224444053175,-0.005324910884747054,-0.017053892852248776,0.10329893815549522,-0.007533143245953511,-0.026846275568352444,-0.062081104538059984,-0.03206976203337298,-0.02738748093741516,0.0682122793169043,-0.014117448197845064,0.00018514672805759717,-0.005324910884747053,-0.042106737931762395,0.12844679155969135,0.02562776113284823,-0.03471657986627424,-0.0053249108847470495,0.051587002077726554,-0.01192321830078174,-0.027387480937415207,-0.05916962893797336,-0.029007241566344478,-0.03324926046298174,0.12434347837836075,-0.08323611725397204,-0.05065152598550254,-0.020013353262804713,-0.06234365700164383,0.07955416814954225,-0.028441172515793194,0.037405952669562315,-0.005324910884747051,-0.02067238730808155,0.11895794644570118,-0.06849546537698947,-0.02629471033026572,-0.01306572195334112,-0.009229344168850174,-0.03187620271019846,0.010286730843044482,0.026334528492397046,0.02410674421021693,-0.007533143245953513,0.005920547616897429,0.0932429397555323,-0.059192936539074065,-0.18300808584465034,-0.033456224409821725,0.018576394267013244,-0.015023413913992607,-0.027830198885234695,-0.0492616901692731,0.03985071447418845,-0.02001335326280471,0.003465045299309792,0.0344644312680453,-0.0707612200589161,0.03044744645595784,-0.02272446211516416,-0.014117448197845075,-0.007533143245953512,-0.010660787780742701,-0.018431407139537528,0.051255026261643376,-0.005324910884747051,0.038497727010176626,0.05365812179610998,-0.0018897871186778364,-0.009229344168850184,-0.005324910884747052,0.04970440974401788,-0.03369575986707944,-0.04492437840314459,0.06874465825565079,-0.01192321830078175,0.01869424336056953,0.03835034345385649,-0.02072295557367752,-0.0053249108847470495,-0.02814713870594931,0.06344440593092592,-0.10705198255682191,0.006199219403763399,0.09882911438025878,-0.005735946722860675,0.10041492353990761,0.1105721179176808,-0.01601870997806573,-0.07447888881324288,0.055973889576889944,-0.04392938159331145,-0.037501035535887475,0.05195584812560638,-0.00922934416885018,0.01167180112546718,-0.008950460859513844,0.07358786691073106,-0.014117448197845084,-0.016771433704762754,-0.029459990237773532,0.06086648381640589,-0.007533143245953508,0.010660787780742524,0.07162696424540567,-0.139300997162914,0.022832490132357674,-0.007533143245953507,0.011923218300781694,-0.005324910884747055,0.05642865256358664,-0.007533143245953504,-0.016018709978065714,-0.011923218300781769,-0.011923218300781758,-0.061417459565821016,-0.009229344168850174,0.05867600690584214,-0.010660787780742718,0.020324995168290262,-0.023970315027885224,0.022008062368036006,-0.06223781876409838,-0.06418631280305488,-0.03273783211944284,0.02886373375333766,0.005080183460432859,0.08741690829897174,-0.01901866067709808,-0.08332300539020042,0.1061739025417302,-0.04432377301644759,0.004881882451604635,-0.01411744819784507,-0.0053249108847470495,0.05463533325990289,-0.020722955573677482,-0.0053249108847470495,0.12052955790988965,-0.007533143245953506,0.050649375074730094,0.005617492270439306,0.048104018661774536,0.02948102938510046,-0.038694603521418285,0.0162570230174507,0.010821790583824358,0.058459505072878455,-0.06587335358028551,-0.011923218300781746,-0.030956784163387225,-0.01851596418472515,0.044954671522307255,-0.04390455346498443,-0.007533143245953504,-0.020165945532297707,0.010663559847140548,-0.04275635005515388,0.029291193756610476,-0.009734719909604034,-0.012387394383887522,0.027288933419296266,-0.025934635100209064,0.06543537894529156,-0.03314625828615747,0.029493289885530273,-0.045300288756981964,-0.010660787780742724,-0.018515964184725116,-0.06728113224034231,-0.10321895888538037,-0.042106737931762436,-0.02140998606744685,1.0,-0.023970315027885172,-0.03908771961787269,-0.051199338236899906,-0.043192869943557,-0.01689102438301358,-0.029459990237773463,-0.011923218300781782,-0.02684627556835246,-0.0228916675295159,-0.046760289343652874,0.03701686415528424,0.04901843461961454,0.002262982432541944,0.003627764076828914,0.01061286675899407,-0.04017884673988836,-0.026230969915137434,0.09444512906776116,0.0078069700793504185,-0.03598055322103931,-0.031445197064665156,-0.0370952103414637,0.00905495808420341,-0.017721567766963726,-0.0053249108847470495,-0.0005863850869615567,0.01661090869339032,-0.011867382281614816,0.0005176538498314926
MSSubClass_85,-0.0008812893322485111,-0.014166189879751859,-0.055349910068247896,0.016324420568897734,-0.010368500687935447,-0.03298505653125225,-0.12039237874271348,-0.04491202299859647,-0.05862032166405027,-0.10627765647599538,0.003210369689628486,0.01784866999723107,0.0015571154558076433,-0.043700896488008234,-0.005581596516001585,-0.04913652981950298,-0.02543919277164589,-0.01240538212607977,0.06106260525712689,-0.04937432832685103,0.007570545495625151,-0.020032469141483038,-0.020032469141483062,-0.00978700365857839,-0.03266785398539535,-0.02219265172047113,-0.01873829222489653,0.03973063809826399,-0.0030853618542539415,0.08912791892888922,-0.02149372063501024,-0.006177077638842507,-0.04479145264695487,-0.02543919277164584,-0.01117046269117833,-0.0043648566739910325,-0.012405382126079752,-0.023970315027885224,-0.01647939480486765,0.01834431778265247,-0.022421431837205904,0.014700162286241226,-0.02818710401745481,-0.01900343736500839,-0.012791605201270196,0.07619406187775891,0.01497903434756403,-0.009281566920162387,-2.8023676876042892e-18,-0.02003246914148308,-0.027807889198844,-0.03413415652620312,-0.01555527901971994,0.1070851540468153,0.035662183549058805,-0.029484217825137354,-0.0155552790197199,-0.01926529891955375,-0.01026823741640202,-0.0028209740833133627,0.012677313820927823,-0.008747731351357965,-0.013532516392855092,0.05787551998335672,-0.015868864436859333,-0.004364856673991034,-0.00690855560241398,-0.007570545495625096,0.012007302660701777,-0.0030853618542539406,-0.0043648566739910325,-0.0030853618542539415,-0.0030853618542539415,-0.0043648566739910325,-0.017357952049106676,-0.022648221104358716,-0.02052972133680107,-0.034297593404252515,-0.011596144624624934,-0.1172071301300184,-0.008747731351357963,-0.010268237416402017,-0.0780334370389633,0.7308619289299167,-0.025439192771645844,0.03379416274249458,-0.010268237416402018,-0.028473753595268134,-0.008179937109145857,-0.004364856673991034,0.01586886443685923,-0.0030853618542539393,-0.003085361854253938,-0.0030853618542539415,-0.010268237416401987,-0.006908555602413977,-0.007570545495625105,-0.0030853618542539415,-0.004364856673991033,-0.022192651720471118,-0.003085361854253941,0.004841068446826887,0.08137771904561213,-0.0030853618542539415,-0.01669718613311136,0.0342339101923335,-0.0043648566739910325,-0.015555279019719908,-0.037672036312594505,-0.03083919366819449,0.028686024174322672,-0.005347670046445109,-0.008179937109145873,-0.015555279019719925,-0.003085361854253941,0.00528612539513786,0.08723974626352456,-0.00978700365857837,-0.015519465387275316,-0.0030853618542539415,0.02097599639159539,-0.006908555602413979,-0.015868864436859316,-0.03599360931193235,-0.029296831186265183,0.017744354268010024,-0.026829473858340207,0.03670216719788116,-0.015697819968393506,-0.011596144624624913,-0.05852168395057023,0.055726219032932775,-0.0164793948048676,0.03928371006591927,-0.0030853618542539384,-0.028124485695699347,0.0750758096598822,-0.057685238386403784,0.03110620222027523,-0.007570545495625107,-0.005347670046445113,-0.018469721283454664,0.04215054306822297,-0.01649686366781757,-0.025439192771645885,-0.004364856673991036,0.03397017756889099,0.04417399498366446,-0.03429759340425253,-0.15869132429447744,-0.0005348918395448953,0.04267854965380667,-0.0003679902200921233,-0.037309902217550914,-0.06818626611210117,-0.017921680686694315,-0.01159614462462491,0.04620937890051866,0.039348849509085765,-0.03203930706292936,0.017641870800831884,-0.013167016328743062,-0.008179937109145871,-0.004364856673991034,-0.006177077638842505,-0.0219618178353541,0.011089029882027568,-0.0030853618542539406,0.04060761669009417,0.031090608978049387,-0.016176797112810358,-0.0053476700464451,-0.003085361854253942,0.03606186020065959,-0.01952400977109047,-0.012350669231535747,0.022763560478698656,-0.0069085556024139775,-0.01735795204910667,0.05994494322098514,-0.012007302660701862,-0.003085361854253941,-0.01470016228624126,-0.01792168068669432,-0.008756908196927912,0.036805555555555536,-0.004130467114503977,-0.049800296969949844,0.038460836063904005,-0.0050875257348053085,-0.009281566920162392,0.04937898657109034,0.02884654896376456,-0.004690284768301032,-0.021728864020781575,-0.011596144624624922,-0.00534767004644511,0.026047652568749347,-0.01846972128345468,0.0660022536544879,-0.008179937109145862,-0.00863135072312682,-0.017069718549972985,0.03526728079292992,-0.004364856673991033,0.006177077638842288,-0.023096063842289467,0.014766917760679347,0.05787551998335667,-0.004364856673991035,0.006908555602414126,-0.0030853618542539415,-0.00617707763884251,-0.004364856673991033,0.06600225365448799,-0.006908555602413965,-0.006908555602413982,-0.03558652736750327,-0.005347670046445114,0.028598814835332616,-0.006177077638842507,-0.010728526885571858,0.03680555555555548,0.02440128437814155,-0.0360618602006596,-0.090923470849312,0.0025403444360772892,-0.01523569088340014,-0.012834341128976006,-0.008179937109145862,0.010208619791416695,0.056101261831063065,-0.02385454528564951,-0.03201391289848186,-0.014236820262718693,-0.008179937109145859,-0.0030853618542539406,0.10747316224312312,-0.012007302660701855,-0.003085361854253941,-0.0024828315480463488,-0.004364856673991033,-0.05814569831702145,0.009289351217731485,-0.006908555602413971,0.08413260259278528,-0.08875083321069424,0.021723249317205286,-0.014302070634388422,0.056001547832693656,-0.04433408677427096,-0.0069085556024139775,-0.08962718913941792,-0.010728526885571858,0.02604765256874926,-0.025439192771645858,-0.004364856673991031,-0.022648221104358664,-0.010265625739366272,0.0612138670589063,0.0034923286551374077,-0.022819369140453984,0.028823843004819924,-0.03558652736750319,-0.02502682883977177,-0.030026867510779834,-0.02818710401745486,0.03566218354905874,-0.02624791023598886,-0.006177077638842503,-0.010728526885571828,-0.03898405877927247,-0.05980716772049495,-0.024397501823713304,-0.012405382126079766,-0.023970315027885172,1.0,-0.02264822110435872,-0.029665939689557747,-0.025026828839771774,-0.009787003658578387,-0.01706971854997295,-0.006908555602413963,-0.01555527901971992,-0.023754305858190553,-0.03856204793556714,0.0241367314121728,0.03717533929812922,0.00037279731048265084,0.03379194148227475,-0.012791605201270243,0.015881665211155454,0.06379207209233387,0.04608059433105907,-0.049458901427436655,-0.04516898725280439,-0.02742454915782992,-0.021493720635010243,-0.013167016328743076,-0.010268237416401996,-0.0030853618542539406,0.0069551580132332655,-0.03141052026796626,0.019137225449568338,0.02907696176342851
MSSubClass_90,0.01903514962901251,-0.015346054256382663,-0.15815576637058787,-0.026063085655267233,-0.13591740907064687,0.00838494680762813,-0.019824909911270883,-0.04336812396874858,0.08105101792953151,0.018966669092227304,-0.00354815256682924,-0.0416715222528366,-0.083258256380702,-0.09705176461432213,0.053194608181756024,-0.11465483002228453,-0.04148297730782203,0.08626547619117049,0.018144757637742877,-0.01829590155305545,-0.10319217336842018,-0.032666384907543776,-0.010296346462415283,-0.015959392042222856,0.061781232096410475,0.004454022643707384,0.01710614064338712,-0.032878805410973114,-0.005031212937271013,-0.03535481243492264,0.006826277570476185,-0.010072787050317248,0.012613361665950989,-0.02356429480207643,-0.018215359838481347,-0.007117649210979692,-0.020229108283837005,-0.03908771961787283,-0.02687248635887972,-0.06502948671915135,0.003694802341748214,0.06493854481772773,-0.04596391901367903,-0.007473287142415056,-0.020858911407218354,0.12835162064502623,0.091982688254626,-0.015135190545797237,-0.010174227545444689,-0.0326663849075437,-0.045345544057506834,-0.014171165652345052,-0.02536555669765992,0.05668365993781979,0.05439983548851831,-0.04807908607628062,-0.025365556697659806,-0.03141538196915644,-0.016744126417828,0.11486938587501935,-0.09541172151992967,-0.014264679874110167,-0.022067094482189433,0.06873288256828691,-0.025876911631758138,-0.007117649210979696,0.05199501980887575,-0.01234507595511775,-0.0537194083778561,-0.005031212937271014,-0.007117649210979693,0.13622976568610745,0.13622976568610745,-0.007117649210979696,-0.028305124986745783,1.0,-0.03347724009936538,-0.05592812247121714,-0.01890950741399711,0.023227585624357786,-0.014264679874110156,-0.016744126417827965,-0.05499003222238023,0.18064738920113657,-0.02356429480207641,0.0390087372282992,-0.016744126417827986,-0.05760548861159723,0.04016296139288873,0.09280319548162003,-0.03001109278002721,-0.005031212937271014,-0.005031212937271012,0.13622976568610745,0.02599437807522945,-0.011265587625256415,-0.012345075955117744,0.13622976568610745,-0.007117649210979693,0.024775500955622344,-0.00503121293727101,-0.04012882141481581,0.0009587361421461998,-0.005031212937271012,0.03269014096600332,0.14337128692011225,-0.007117649210979691,0.03160938603862221,-0.08772791635413316,-0.046042142912076124,0.0020670905741345326,0.07289272548045175,-0.013338793747273274,0.03160938603862231,-0.00503121293727101,-0.039784321130216696,-0.0039476186516327946,0.02884967023017217,0.024849108333025106,-0.0050312129372710145,0.1364781652233707,0.11525562724300796,0.0020670905741345196,-0.08512300095925882,-0.04344663786668698,-0.008203611890731159,0.04135250423122983,-0.015504223618351066,-0.03343849874338453,0.019013405806381615,-0.13616864722227687,0.14266045039560554,7.382551197492481e-05,-0.039420826399272205,-0.005031212937271014,0.03772303998793161,0.1224240146471348,-0.14911910066020673,0.26580337047618025,-0.012345075955117754,-0.008720295379563243,-0.030118055858176427,-0.059921693259044215,0.1004627564429251,0.012273070209414828,-0.007117649210979704,0.013734417234312141,0.05411264430194341,-0.055928122471217305,0.013487272376338559,-0.0523004387363493,-0.015433137078494035,0.022987347434066982,0.00337805676525899,0.06629686011842235,-0.029224381446285766,0.019013405806381643,-0.013505457250585657,0.0015021921328344278,0.022263386841907026,-0.046955630182814304,-0.021471083791061385,-0.013338793747273292,-0.007117649210979693,0.2020368633361712,0.04626955049971821,-0.025719250638922418,-0.005031212937271016,0.18475116503773792,-0.12910691789581108,0.0833457695688924,0.07289272548045178,-0.005031212937271015,-0.07328015517487,0.014003368345713852,-0.1498201216059051,0.16868999318614436,-0.011265587625256415,-0.028305124986745776,-0.029674269744005173,0.017069718549972985,-0.005031212937271013,0.037479962595417034,-0.029224381446285697,0.08261140371402485,-0.02264822110435878,-0.06436906391829642,-0.08431008088490642,-0.022067094482189405,-0.033141797394739256,0.1737312897692795,0.06879836453554616,-0.11438178394693209,0.1819163039223966,-0.014706820410289057,-0.018909507413997075,-0.00872029537956323,0.02493734857828628,-0.005957417642276624,-0.015135190545797235,-0.013338793747273264,0.017539492329014472,-0.001784301968810567,-0.023224935649989165,-0.007117649210979693,0.010072787050317009,-0.018079955313042906,0.018777313775666302,-0.01674412641782796,-0.007117649210979695,-0.05199501980887587,-0.00503121293727101,-0.010072787050317236,-0.0071176492109796975,-0.015135190545797279,0.05199501980887566,-0.011265587625256436,-0.05802995089119794,0.07289272548045178,0.020447778493469855,0.13133364654067523,0.2690372010550817,0.07273563316207494,-0.05459318450150127,-0.058805062794648956,-0.07067894139157,-0.06775687721765496,-0.02484441329795341,-0.05645854798604602,-0.01333879374727327,-0.03618893398012252,0.0021417366763225704,-0.19046434061396858,0.19278261148723122,0.038862715907291116,0.3076717370936989,-0.0050312129372710145,-0.08999056025618134,0.23696785751727173,0.13622976568610748,-0.01379221915107131,0.09280319548162007,-0.1647167742318506,-0.01503512077544053,-0.011265587625256408,-0.12753580787772226,0.10100430312613426,0.020504752483291446,-0.1032597776289143,0.027220429774063568,-0.027436827407319647,0.115255627243008,-0.14615254055460383,0.26903720105508194,-0.7467270409540387,0.7469390529449853,-0.0071176492109796905,-0.03693181818181824,-0.025285394461226428,-0.012785975555797925,-0.013492395535899945,0.019421363516382722,-0.0033671592665020606,0.035454616906412835,0.01375300485773447,-0.002623825514441704,0.035714904939548105,-0.02066988078108154,-0.04280173016774658,-0.010072787050317241,-0.01749470753005112,-0.06357020996003626,-0.09752586898746529,-0.03978432113021671,-0.020229108283837012,-0.03908771961787269,-0.02264822110435872,1.0,-0.04837541481775272,-0.04081054702349465,-0.015959392042222863,-0.027835110713445195,-0.011265587625256424,0.003121914670481212,0.11390635613623049,0.06524956500543318,-0.048656302041594574,-0.06703259536118937,-0.04376952762295235,-0.023770167485921576,-0.02085891140721836,0.02292990740840229,-0.06422190012657587,-0.03572377495843807,-0.1036494473766445,0.14752368821143602,0.005504054426707665,0.1115149882101321,-0.021471083791061395,0.15420989155440168,-0.005031212937271013,0.01134158086796107,-0.03483675461026025,0.008425764762664436,0.008728596853827772
MSSubClass_120,-0.21740303154304141,-0.12949355832712334,0.17445698242161742,0.23130690513847513,0.1765999138356366,0.012568545393950418,0.04502088521000368,0.13481801337198596,0.10286697835068342,-0.09340177992230582,0.1944906664609304,0.029183026598489394,0.06153483630983392,0.02282766380003506,-0.02207311311845908,0.06294383548205998,0.015806190986822025,0.029086058372621924,-0.06790834809277095,0.06502481868002391,0.016170288918499327,0.02726599901644146,-0.007761153261609192,-0.02090452753993452,-0.0007197727430054201,0.048056167872574045,-0.0027091604131072727,0.008399187597022462,-0.006590171425590697,-0.0070894140971207754,0.019659444458329435,0.04215986476822324,0.06004520190905616,0.015806190986822056,-0.023859523620068535,-0.009323105388781096,-0.026497246894430507,-0.05119933823690003,0.0069935863590851735,0.010117087960763884,-0.0006152326514281144,-0.06825821130944536,-0.06020617880196774,-0.04059034752705331,0.026620208924918298,0.017353027359521607,-0.09141658725104627,0.12803924298353242,-0.057749410747434664,-0.042788305539659933,0.1865584946700039,-0.0729087716779395,-0.0332252617862344,-0.05816458079960118,0.03650123738352801,-0.0015319122924641441,0.21210701604683435,-0.04114967010111249,0.0784479264811296,-0.061007711478586316,0.10028918059659751,-0.018684696289668453,-0.028904746691404255,-0.02193241765773913,-0.033895063823445905,-0.009323105388781104,-0.014756313156708263,-0.01617028891849934,0.025646969992798568,-0.0065901714255907,-0.009323105388781098,-0.006590171425590695,-0.006590171425590697,-0.009323105388781103,-0.03707567702085854,-0.04837541481775272,0.041717083642655174,0.7786842679657714,-0.02476875794871691,0.2473201120168551,-0.018684696289668463,-0.02193241765773907,-0.16667533706160892,-0.022180311059362114,-0.054336784213056995,-0.006939616523962668,-0.02193241765773913,0.02156108829435694,-0.01747191750798942,-0.009323105388781096,0.0338950638234459,-0.006590171425590699,-0.006590171425590698,-0.006590171425590696,-0.021932417657739105,-0.014756313156708233,-0.016170288918499365,-0.006590171425590697,-0.0093231053887811,0.00032691270661612656,-0.006590171425590694,0.07758172948747705,-0.058248585749822224,-0.006590171425590697,-0.008974245307353537,0.0394041686710058,-0.009323105388781094,-0.03322526178623441,0.08060651245823647,-0.08540275637343651,-0.012017613256588691,-0.0114223433095797,-0.01747191750798943,0.03368354125914803,-0.006590171425590694,0.07906615939325518,-0.052545941295717026,0.014176633619036066,-0.006152357130596487,-0.0065901714255907,0.005256852285794739,-0.014756313156708233,-0.033895063823445905,0.07891460490394538,-0.08247823733168565,-0.004804528934975629,0.07217646973622317,-0.1059637052154433,0.07542610770440214,-0.02476875794871692,0.2141884100789165,-0.22650701164227038,-0.035199124732916344,-0.06461876493603456,-0.006590171425590699,0.07611112594679648,-0.16799866445101658,0.22975359285546462,-0.03254263825504989,-0.016170288918499306,-0.01142234330957968,-0.03945035791280948,0.19426974012337025,-0.2369823136718998,0.04386338106677376,-0.009323105388781111,-0.0035445254613184355,0.04023710793046287,0.01301475669362841,-0.09946811241255167,-0.07495856950424182,0.23741800171790187,-0.01859315117825088,-0.07969199824865983,-0.09198348949208567,0.000653329440024125,0.03461118721569483,-0.012275204761276123,-0.0493319834648306,0.03547195724216,0.03768211261356872,-0.02812405768559384,-0.0174719175079894,-0.009323105388781098,-0.013193914513796503,-0.046909293363120254,-0.07295716092508443,-0.006590171425590703,-0.09219073983284812,0.06640791342151948,-0.03455279190135691,-0.011422343309579683,-0.006590171425590702,0.07702624582603422,-0.041702262938460584,0.15394823363427987,-0.1724374552972607,-0.014756313156708277,-0.037075677020858504,-0.03886906139343146,-0.025646969992798703,-0.006590171425590699,0.06825821130944545,0.000653329440024155,-0.004971688285950599,-0.0047738293753311406,-0.0045923157864613175,0.18415901796102715,-0.028904746691404307,-0.06375124023536131,-0.019824941122425534,-0.15117500067510353,0.09480465371929256,-0.20799583718309458,-0.046411716208543806,-0.02476875794871692,-0.011422343309579664,0.055636422491453445,-0.03945035791280943,-0.01982494112242553,-0.017471917507989418,0.04885570040241669,-0.03646002535352823,0.07532906580127868,-0.009323105388781098,0.01319391451379634,-0.04933198346483069,0.07668880513331683,-0.021932417657739088,-0.0093231053887811,0.014756313156708271,-0.006590171425590696,0.042159864768223344,0.06890525017225561,0.017141104904063956,-0.014756313156708306,0.0347706229554619,0.059912162188906784,-0.011422343309579685,-0.072606403972812,-0.013193914513796477,-0.022915571871252562,-0.0047738293753311145,-0.0255434857590262,0.057406687119081305,-0.219614884881108,-0.061211658835825085,0.012967181526916477,0.054431257930079247,-0.017471917507989418,0.31852194714633575,0.2667818969551704,-0.2670431375558895,-0.10403535002151819,-0.0304091028925119,-0.017471917507989414,-0.0065901714255907,0.10596370521544345,0.003046191838225145,-0.006590171425590695,-0.009753008237948608,0.0689052501722556,0.13545700350360665,-0.0521236592880729,-0.014756313156708247,-0.0683066962030255,0.07669525162615554,-0.03827977188386307,-0.1197633347933032,0.15696251923871735,-0.03323686170030459,-0.01475631315670824,-0.1193794506613285,0.009131109098123693,0.05563642249145311,-0.05433678421305707,-0.009323105388781101,0.01407207026970886,0.007622077873140937,0.005857164138604811,0.015387577639192362,-0.023514419646357882,-0.054765143270932196,0.007634038356846091,-0.024977341156620873,0.06889029997438828,-0.009048884432188667,0.03650123738352799,-0.05606416238671958,-0.0131939145137965,-0.02291557187125257,-0.0832679090352054,-0.12774497980316252,-0.05211178687282729,-0.026497246894430462,-0.051199338236899906,-0.029665939689557747,-0.04837541481775272,1.0,-0.05345599643867194,-0.020904527539934513,-0.03646002535352815,-0.014756313156708306,-0.03322526178623437,-0.05073795395686021,0.20458006605395793,-0.09965896884537116,-0.09340876288964632,-0.057331839031412785,-0.03113552944395822,0.16147622915524734,0.07226116943937849,0.08593644365000705,0.03915733871493765,-0.06651456997665348,-0.09647859252096722,-0.05857740153572379,-0.04590946224449411,-0.02812405768559386,-0.02193241765773912,-0.006590171425590697,-0.011113430610803596,0.04193567758130146,-0.028406548549826997,0.005094727879855622
MSSubClass_160,-0.34446321607490726,-0.16638066991275402,0.006688194172305121,0.11255047023649345,0.0382931464402707,0.07745767908956636,-0.08601919635954883,-0.17711947283486,-0.25013430546359594,-0.06012109875137971,0.07704617336999159,-0.07386800126969266,-0.038696876665595216,-0.032449002570568396,-0.01862135599807226,-0.11304188140989786,0.31371361074259896,-0.022353651011618108,-0.31908151590366884,0.19476823587143072,0.013641605736675616,0.2699529488872006,-0.01569380139774946,-0.017635511910057224,0.1265231327571406,-0.03998964211984071,-0.03376512232287202,0.07159189531537224,-0.005559611258532544,-0.0419731740007224,0.03765764675073277,0.05335655402146575,0.04961931591086419,-0.04583968727889172,-0.020128410563988706,0.1744071013525517,0.4956833406861991,-0.04319286994355706,-0.029694743507840207,-0.0718591462949467,-0.040401888259130145,-0.004204553662338599,-0.0507912355968255,-0.03424289574970004,0.22832230775003304,-0.0395736952302471,-0.09064207771022546,0.19860271249372788,-0.04871865288940957,-0.03609714070381726,-0.0048651471090098,-0.06150741789393125,-0.02802955000186256,-0.04906889933175053,-0.026461716229221565,0.2618380281943624,0.02393634587460636,-0.03471475237968327,-0.01850266226206323,-0.05146742591195228,0.0846061235051819,-0.015762814219205397,-0.02438466995054818,-0.01850266226206323,-0.028594609498283057,-0.007865173504087854,-0.012448745178599604,-0.013641605736675465,0.02163633901320398,-0.005559611258532544,-0.007865173504087854,-0.005559611258532544,-0.005559611258532544,-0.007865173504087854,-0.03127784363582108,-0.04081054702349465,0.6209360500004881,0.31510201975576246,-0.020895460323964395,-0.21119924048866845,-0.015762814219205383,-0.018502662262063214,0.32071929405436195,-0.03424289574969996,-0.045839687278891726,0.09597114452987376,-0.018502662262063208,-0.08782817898015798,-0.014739687788449744,-0.007865173504087853,0.028594609498283137,-0.0055596112585325425,-0.005559611258532548,-0.005559611258532543,-0.018502662262063208,-0.012448745178599594,-0.0136416057366755,-0.005559611258532544,-0.007865173504087853,-0.03998964211984071,-0.005559611258532543,0.12412204322940794,0.060272563312727144,-0.005559611258532544,0.10842230126508684,0.017254411413330468,-0.007865173504087851,-0.028029550001862514,-0.08622407732677582,-0.08607101285072766,-0.028594609498283043,-0.009636136051964846,0.22925060893645582,-0.02802955000186252,-0.005559611258532543,0.1258401246943662,0.058634809118534845,0.023234087119599196,0.11213423195875011,-0.005559611258532544,-0.05832831997581959,-0.012448745178599594,-0.028594609498283043,-0.10456146970165167,-0.08386939485890153,0.028798453728509178,0.0497793258814534,-0.06616774973532558,0.04143773783271011,-0.020895460323964384,0.04246274074017684,-0.02149605514757544,-0.029694743507840172,-0.048314637239396815,-0.005559611258532543,0.05852501578424684,0.024771094870098355,0.027695390596291242,-0.027453674015605847,-0.013641605736675437,-0.009636136051964842,-0.03328117583611032,0.090961572152768,-0.04458470587878622,-0.029496355550642145,-0.00786517350408786,0.03588046765478298,-0.06750760627948751,-0.03667499066576715,0.11721545381416557,0.006853963016233324,-0.0301036844739638,-0.01833505419045676,-0.04380093029035509,0.020586730444163166,-0.009615086923166675,0.01369339690164554,0.0002907706601574793,0.011964122104699363,0.0017309610562730108,0.03178944582809707,-0.023726063807275207,-0.014739687788449777,-0.007865173504087854,-0.011130671865405097,-0.00214085102152616,-0.02178518666121534,-0.005559611258532545,0.04836553893501304,0.05602315315808984,-0.029149483141297425,-0.009636136051964842,-0.005559611258532546,0.06498100820776954,-0.03518093165811224,0.032414674596267845,0.008658050636537738,-0.012448745178599604,0.038869086791673155,-0.03279078151023134,-0.021636339013203946,-0.005559611258532545,-0.04917499718126475,0.013063470278486571,0.006313827322815026,0.0039725125142495415,-0.004157402595848439,-0.1488005759946264,-0.024384669950548145,0.002871473690799237,-0.01672474944065702,0.17031277941222792,-0.023865959771438523,0.07698471417667171,-0.039153928372615866,0.013693396901645586,-0.00963613605196486,0.03094013046159643,-0.03328117583611036,-0.016724749440657008,-0.014739687788449779,0.04121572633847281,-0.030758466563514098,0.05127649543140808,-0.007865173504087854,0.011130671865405206,-0.04161752903904632,0.028422660641405625,-0.018502662262063194,-0.007865173504087856,0.012448745178599558,-0.005559611258532543,-0.011130671865405098,-0.007865173504087853,-0.016724749440657036,-0.012448745178599618,-0.012448745178599617,-0.027582040980704076,-0.009636136051964847,0.023169450015527306,-0.011130671865405103,-0.019332072436903,0.003972512514249463,0.0114676746704441,-0.028839190309352912,0.24340789317450612,-0.08655687623337323,-0.027453674015605892,-0.062388052928222346,-0.01473968778844975,-0.03998964211984064,0.09051307254050846,-0.004697124706530671,-0.07821739712454966,0.0026565136086780174,-0.014739687788449767,-0.005559611258532544,-0.08503516158358869,-0.021636339013203935,-0.005559611258532546,-0.02150714912731366,-0.007865173504087851,-0.0681494646071361,-0.06209546014509572,-0.012448745178599577,-0.047802180695802964,0.05981331488022412,-0.03229364412481984,0.023869448369254177,0.043806309506669555,-0.07988699530564364,-0.01244874517859959,0.2162704638134274,-0.01933207243690297,0.04693609026114695,-0.04583968727889174,-0.007865173504087853,-0.004434845769341916,0.01852464877597095,0.04468561715061833,0.011640269814065695,0.045266827488510394,-0.019270081204381156,-0.0032204076886121445,-0.011918964674870176,-0.0400176726085884,-0.020992077882794825,-0.043579175553396646,-0.04729694089520064,-0.011130671865405102,-0.01933207243690296,-0.07024661039148887,-0.10776842999512962,-0.04396263136272671,-0.022353651011618153,-0.043192869943557,-0.025026828839771774,-0.04081054702349465,-0.05345599643867194,1.0,-0.01763551191005725,-0.030758466563514025,-0.01244874517859962,0.023936345874606427,-0.007998117481376832,0.05825185594010444,0.0011241275916858186,-0.05672000418652679,-0.0327987182453879,-0.026266606565774776,-0.023049598604984955,0.10576581183570899,0.02701451024825034,0.035115689832129995,-0.00965373061480545,-0.08139142892460738,-0.049417163840226014,-0.01963325035527952,-0.02372606380727518,-0.0185026622620632,-0.005559611258532545,-0.01772153067068181,-0.017581474642163225,0.011308553599215777,0.004655884885257275
MSSubClass_180,-0.16003303928905288,-0.06882633946685507,-0.09006096392294456,0.027318772072779076,-0.0014717354034741775,-0.036274587113802235,-0.09656782307564502,-0.0888350956670784,-0.08819669778923211,-0.11336161112426861,0.04975762635276263,-0.08881488017619767,-0.042315833327423065,-0.030292927192087905,-0.007282076384811591,-0.08221508458044859,-0.01792609003637132,-0.008741629458288437,-0.16027818690942736,0.19822049211059306,0.005334692865344446,-0.01411616511201985,-0.01411616511201985,-0.006896551724137936,0.06315707721712191,-0.01563836857789011,-0.0132042048883613,0.027996760830626168,-0.0021741442384047554,-0.021784850103857934,-0.015145856819374099,-0.004352765864448568,0.05171758185800849,-0.01792609003637131,-0.007871425864313462,-0.0030757585131014863,-0.008741629458288424,-0.016891024383013625,-0.011612440601740654,-0.028101272126547904,-0.01579958175033361,0.0761137719997666,-0.019862444890336367,-0.013391043193216984,0.5328738819039894,-0.01547570818826228,-0.03544653427130772,-0.006540388517157808,-0.019051939705278683,-0.014116165112019874,-0.019595225759502868,-0.02405312026591956,-0.010961249232686876,-0.019188907246573714,-0.01704209323960096,-0.02077647463619582,-0.010961249232686876,-0.013575567672668086,-0.007235659955626408,-0.02012687619845018,0.03308611113236435,-0.006164213669280104,-0.00953588069615846,-0.00723565995562642,-0.011182221669673932,-0.0030757585131014867,-0.004868212244854896,-0.005334692865344432,0.008461117085036156,-0.0021741442384047554,-0.003075758513101486,-0.0021741442384047554,-0.0021741442384047554,-0.003075758513101488,-0.012231528495122575,-0.015959392042222863,0.23112854377313818,0.13059355833521533,-0.008171388710395789,-0.08259167602036564,-0.006164213669280097,-0.007235659955626415,-0.05498737443300819,0.3564912850086146,0.10286817820871523,0.043910513735058616,-0.007235659955626423,-0.04098877763377367,-0.005764109357818922,-0.003075758513101487,0.011182221669673871,-0.002174144238404754,-0.0021741442384047532,-0.0021741442384047545,-0.0072356599556264055,-0.004868212244854885,-0.005334692865344441,-0.0021741442384047554,-0.0030757585131014863,-0.015638368577890135,-0.0021741442384047554,0.27319051182661813,-0.03516674430904512,-0.0021741442384047554,-0.034979733525405,-0.023471428971489572,-0.003075758513101487,-0.010961249232686869,-0.009166155176742645,-0.03365897146061678,-0.011182221669673918,-0.0037683119742788515,-0.005764109357818937,-0.010961249232686883,-0.0021741442384047554,0.27564583068446336,-0.03375403031590574,-0.006896551724137926,-0.034416275091068045,-0.002174144238404756,-0.02725853216410814,-0.0048682122448549,-0.0111822216696739,-0.007896156003647811,-0.032798005675508925,-0.01357556767266808,-0.0008649699349012879,0.017396438754031015,-0.02574357584358586,-0.008171388710395798,-0.05884272510442852,0.06493917730952882,-0.011612440601740631,0.027681826617913328,-0.002174144238404754,-0.01981831999676005,0.0445259374499178,-0.023931221796292763,-0.010736046894010063,-0.005334692865344441,-0.0037683119742788485,-0.013014952543734788,0.09693437335340686,-0.07818214407486475,-0.017926090036371346,-0.0030757585131014897,0.023937570154749167,0.08865522808114168,-0.024168288393205475,-0.12071643594600857,-0.00037691916412101845,0.07600303534871125,0.01867028813180147,-0.026290954764314894,-0.05695079814221792,-0.012628767920295684,0.16226043296357387,-0.014978565055123573,-0.016274970815273817,-0.022576954711910915,0.012431595893177412,-0.00927832586270184,-0.005764109357818932,-0.003075758513101487,-0.004352765864448568,-0.015475708188262313,0.05255327008481325,-0.0021741442384047554,0.0012495518036712153,0.021908441074723208,-0.011399210821955186,-0.0037683119742788333,-0.0021741442384047554,0.0254115041557678,-0.013757871964304386,-0.051058041388963304,0.04925963873085864,-0.004868212244854891,-0.012231528495122572,-0.01282317870405854,-0.008461117085036208,-0.0021741442384047554,0.02251886745555234,-0.01262876792029568,0.050136777148283455,-0.009787003658578392,-0.0433816892101138,-0.008952165709772874,0.21029126377317875,0.013861990621534764,-0.006540388517157788,-0.04987370365394562,-0.034631410376808947,0.03829329505707651,-0.015311553960106208,-0.008171388710395792,-0.0037683119742788385,0.01835484991111653,-0.013014952543734817,-0.006540388517157806,-0.0057641093578189246,0.016117841658970643,-0.012028420648763211,0.024851592442693124,-0.0030757585131014867,0.004352765864448623,0.02772772805565174,-0.004488741627237566,-0.007235659955626417,-0.003075758513101487,0.0048682122448548935,-0.002174144238404755,-0.004352765864448569,-0.003075758513101488,-0.006540388517157799,-0.0048682122448548935,-0.004868212244854893,0.004933092608855108,-0.003768311974278847,0.007893087092968253,-0.004352765864448554,-0.007560009495377877,-0.009787003658578382,-0.004446908555888133,0.004269132698169035,-0.05568853494175982,-0.033848973427464596,-0.010736046894010077,-0.02439750182371335,-0.005764109357818935,0.25834584890674417,0.0298807935851737,-0.09193737584103052,-0.03432199896369645,-0.010032178463838075,-0.005764109357818931,-0.0021741442384047554,0.10113129729010072,-0.008461117085036197,-0.0021741442384047554,-0.019995001874219077,-0.0030757585131014863,-0.07439267371244283,-0.024283080349971394,-0.0048682122448548935,0.07599497745394161,-0.07085536283886389,-0.012628767920295702,0.009031076711117709,-0.04428035967778059,-0.031240646601085616,-0.004868212244854895,-0.06315707721712188,-0.007560009495377893,0.01835484991111644,-0.017926090036371335,-0.003075758513101486,-0.015959392042222884,-0.023235905382305792,0.0009628398335269862,0.038390339510401876,0.0278018586934343,-0.03628095352188246,0.0049330926088551295,-0.017635511910057286,-0.021158860477222874,0.016845364653829617,0.02512986630246228,-0.01849596433269556,-0.00435276586444856,-0.007560009495377893,-0.027470673064726253,-0.042143973788858265,-0.01719204765183758,-0.008741629458288441,-0.01689102438301358,-0.009787003658578387,-0.015959392042222863,-0.020904527539934513,-0.01763551191005725,1.0,-0.012028420648763197,-0.004868212244854897,-0.010961249232686873,0.026136037354557447,-0.027173297104392313,0.006020634358183466,0.014244147364325617,0.019439573722454917,-0.01027183172920206,0.45546135776669305,-0.022154091143527593,0.04495199349282975,-0.05119012518031967,-0.044790163254350354,-0.03182897113181838,-0.01932509973186319,-0.015145856819374108,-0.009278325862701838,-0.007235659955626415,-0.002174144238404755,-0.024913677433270862,-0.0016810535034069538,0.013485318875277496,-0.005078592986837873
MSSubClass_190,-0.014693171150693388,0.08121004109293825,-0.11866302392602351,-0.20644729445733814,-0.09286610393952335,-0.07010837860227527,-0.06211871930899855,-0.07090758243543627,-0.0440733625107304,0.018428809938628065,-0.06093905562015285,-0.08955307816853537,-0.018123517445529706,-0.0317680207625805,0.02818568789887753,-0.09357770607048006,-0.03126526997403615,0.07750283559131929,-0.09042897860119048,0.08833224280765914,-0.06616426541060429,0.03382789177049956,-0.02462029992764162,-0.012028420648763216,0.08009297998528216,-0.0007273388519923586,0.008103053484448635,-0.06281230322177962,-0.003791970610339502,-0.037995414418821094,-0.02641620685185874,-0.007591750326458876,0.02564558713874998,0.015552467628110252,0.03766597292421865,-0.00536449499539186,-0.015246459460587386,0.019978614069294715,-0.020253501445894356,-0.04901201867600489,-0.0012607495137127091,0.03718092925235407,-0.01330155336936479,0.03808435604873172,-0.015721135242339784,-0.00018361569761399997,-0.04845094901913466,-0.011407228922153628,-0.03322888801774504,-0.02462029992764167,-0.03417644463070334,0.19292763897562926,0.09252988535457542,-0.011457436822674853,-0.029723472602097695,-0.03623668559576583,-0.019117744907970125,0.006646296865776126,-0.012619866434564447,0.02816964167877247,-0.04058668066347199,-0.010751134472528763,-0.016631729719123113,-0.012619866434564447,0.01700274403924687,-0.005364494995391861,-0.008490751179843287,-0.009304349823366236,-0.0810006966555887,-0.0037919706103394972,-0.00536449499539186,-0.0037919706103395016,-0.003791970610339502,-0.005364494995391862,0.9833947289220359,-0.027835110713445195,-0.025231432689256983,-0.04215241917734394,0.035290395772699636,-0.08611246035791932,0.05465160023535458,0.09904683050158154,0.01946828154057275,-0.023355599565796734,-0.007856401172962935,-0.016885566886804638,-0.012619866434564439,0.025829499013556145,-0.010053304143091158,-0.005364494995391863,0.01950314757443025,-0.0037919706103394977,-0.003791970610339502,-0.0037919706103395007,-0.01261986643456442,-0.008490751179843284,-0.009304349823366222,-0.003791970610339502,-0.005364494995391861,-0.027275206949713103,-0.0037919706103395016,-0.030244657367867443,-0.020997587095637676,-0.0037919706103395016,0.07395016679837119,-0.004043161681976628,-0.005364494995391863,-0.01911774490797014,-0.056403940251571576,0.06611472792758526,-0.019503147574430214,-0.006572392026547607,-0.010053304143091161,-0.019117744907970153,-0.0037919706103395016,-0.02998501124063316,-0.003507618643499722,-0.012028420648763203,0.07648191433312662,-0.0037919706103394977,-0.031248380047399108,-0.008490751179843296,-0.0195031475744302,-0.07470186094112241,0.0699801490010925,0.006646296865776106,-0.06443929351252316,0.07956213996112167,-0.027828590728430098,0.13437496851912545,-0.10262883220296261,0.08341300948223183,0.22616409947915342,-2.1775842048323248e-17,-0.0037919706103395,-0.09358975854829338,0.0192145044834009,-0.09033452981683061,0.019245102691758147,0.06616426541060418,-0.006572392026547604,0.07199032481394557,-0.08500114807134065,0.086135497811058,-0.03126526997403615,-0.005364494995391864,-0.030815489958858598,0.004123345187478472,0.08381182760407602,-0.03477199411336858,0.04733226915919349,-0.05969521384374282,-0.011457436822674853,0.021260907617397736,0.01453423408074889,0.01045683500176352,-0.014251890600513304,-0.026124429773694235,-0.002803507977956208,0.02145939096089055,-0.1102178875510593,0.11507571859176606,0.059841096089828336,-0.005364494995391863,-0.007591750326458868,0.026624276154031547,0.02663374075503841,-0.003791970610339499,0.044604429795086144,-0.23583543787142228,0.01595437270588419,0.10004641195966911,-0.0037919706103394985,-0.0764680464378017,0.12571945392525213,-0.09890102665851543,0.07625845257248924,-0.008490751179843287,-0.021333265637916755,0.00964772263031967,0.08100069665558886,-0.003791970610339499,-0.018066789566284724,-0.02202609925903384,0.04379704177882643,0.024466596588294608,-0.04036967025528619,-0.0358767213381024,-0.016631729719123144,-0.016395888998794697,0.05027630524949182,0.03334080038736679,-0.07105185298945016,0.10548285578092657,0.000370905593245414,0.08483268214591252,0.10004641195966917,-0.059632206116361795,0.0404269992198433,-0.011407228922153638,0.059841096089828426,-0.049327666783700014,-0.020979020979020945,-0.16759751191283737,-0.005364494995391861,0.007591750326459017,-0.02838551827680641,0.044126575232680605,-0.012619866434564413,0.1251715498924767,-0.07415256030396462,-0.0037919706103395016,-0.007591750326458873,-0.00536449499539186,0.17364337359278276,-0.008490751179843308,-0.008490751179843296,-0.026289726175774845,-0.006572392026547606,-0.00048817372010187055,-0.007591750326458871,-0.013185571276262137,-0.017069718549972954,0.029989660074676548,-0.027065197270875717,0.07830282326205308,0.06528097207689249,-0.018724964781170094,-0.006847479676673767,-0.01005330414309115,-0.027275206949713124,-0.015219634872353852,-0.02446466248036118,0.022202233789358206,0.06360141705055504,0.05984109608982838,0.1807505990928495,0.028723281036811703,0.03312174235714366,-0.003791970610339499,-0.013658866830245565,-0.005364494995391858,-0.06174760856255484,0.011416795977493767,-0.008490751179843277,-0.0034599953073845622,0.011788476958636985,-0.022026099259033823,0.004641684637421768,-0.0480188424491297,-0.05448746760529573,0.07415256030396467,-0.09011318142302939,-0.013185571276262143,-0.3574793829817682,0.34327663084313514,0.12517154989247672,-0.027835110713445188,0.03389929963734602,0.018024585065379597,-0.0026706654117786286,-0.02804545502751511,-0.02379699486996886,0.026050728665085964,0.01676255056106851,-0.0369036127689365,0.008039400388077668,-0.02972347260209767,-0.0322591996982365,-0.007591750326458878,-0.013185571276262157,-0.04791217761344054,-0.07350418945871155,-0.029985011240633214,-0.015246459460587397,-0.029459990237773463,-0.01706971854997295,-0.027835110713445195,-0.03646002535352815,-0.030758466563514025,-0.012028420648763197,1.0,-0.008490751179843294,-0.019117744907970136,0.12036333360894623,-0.07658952480114756,-0.002275154869375069,0.02484351646075662,0.033904968645117994,0.021715536201772703,-0.01572113524233983,-0.038639415467981435,0.02900948052063323,-0.046047481089564433,0.0027701937609845746,-0.026618809538879098,0.05377869806040798,0.05564264847519174,0.027570224245943856,-0.012619866434564425,0.1807505990928495,-0.020341137044943853,0.02084949836407528,-0.045158453303248934,0.02087154635609442
OverallCond_2,0.013988232427734521,-0.010343900369804638,-0.05509290422785945,-0.0665334298571687,-0.03767998864502894,-0.01074536923798353,0.0364108574803905,0.009780604314746703,0.016196337872822045,-0.0008552325021505332,-0.018898145769287417,-0.02270444514124771,-0.008910186988959123,-0.041297539512200374,0.0054975374714819805,-0.028740033588784377,-0.012653861597527915,-0.0061706355974794755,-0.05573392936728153,0.041233058119324165,0.003765710483793029,-0.009964470738065632,-0.009964470738065659,-0.004868212244854897,-0.004083211051500021,-0.0110389801230636,-0.009320726428558525,0.01976265521432963,-0.0015347083625049962,-0.015377724734049802,-0.010691320615899945,-0.0030725772716427586,-0.04187563513625365,-0.012653861597527957,-0.005556366907682163,-0.002171149562076109,-0.006170635597479469,0.04810401866177486,-0.008197114701856363,-0.01983642877405668,-0.011152779014381225,-0.015895860811670652,-0.01402071662704417,0.1397453995638763,-0.00636274913595144,-0.010924159654485465,-0.025021381565701058,-0.004616799922473714,-0.01344858849341384,-0.00996447073806564,-0.01383208910755068,0.02689574118129377,-0.007737444721353517,-0.013545272617357506,-0.012029856413112673,-0.014665921793182605,0.08263590962405538,-0.009582867992366129,-0.0051075856173600715,0.037009338128017114,-0.010743383096992078,-0.0043512615673802265,-0.006731290219724521,-0.005107585617360084,-0.007893427126263305,-0.0021711495620761086,-0.0034364261168384905,0.17949886639415322,-0.1102944657811815,-0.001534708362504994,-0.0021711495620761094,-0.0015347083625049966,-0.0015347083625049962,-0.0021711495620761086,-0.00863412313502083,-0.011265587625256424,-0.010211811937729609,-0.017060171836483118,-0.005768107913725591,0.012045599635575903,-0.004351261567380223,-0.005107585617360079,-0.013345409659237658,-0.009452613864466945,-0.01265386159752793,-0.025749050304710766,-0.005107585617360079,0.030147597234956056,-0.004068831624680434,-0.0021711495620761125,0.007893427126263324,-0.0015347083625049933,-0.001534708362504992,-0.0015347083625049966,-0.005107585617360082,-0.0034364261168384953,-0.003765710483793424,-0.0015347083625049962,-0.0021711495620761086,-0.011038980123063608,-0.0015347083625049966,-0.01224079333763843,-0.024823880412261263,-0.0015347083625049966,0.00808097603732832,0.028227414783261465,-0.002171149562076112,-0.007737444721353545,-0.01873867374156381,0.009919038554184644,-0.007893427126263322,-0.0026600166618645474,-0.00406883162468043,-0.007737444721353525,-0.0015347083625049966,-0.01213570784945666,-0.023826658636078867,-0.0048682122448548875,0.008854870219118446,-0.0015347083625049944,0.059892700792411956,-0.0034364261168384866,0.08075583136869365,-0.017903797290939577,-0.023151809661268216,-0.00958286799236616,-0.03881508038144273,0.02423250500236464,0.023283070667982048,0.11453814285826514,-0.01668270742606425,-0.002482308640700945,0.16277127765114704,-0.019540346058684998,0.44660013348895305,-0.08565543290917232,-0.004050315530484972,-0.02869356073183045,-0.007578476467859633,-0.0037657104837934235,-0.002660016661864548,0.06745981944773563,-0.05022173328656266,0.015285321165011644,-0.012653861597527944,0.3148166865010364,-0.11526379294290459,-0.018635203627019512,-0.017060171836483173,0.015219609979538185,-0.019688718318712658,-0.011191854365782326,-0.013545272617357471,-0.018558542447321764,0.06034460640126754,-0.008914530780917052,-0.005768107913725585,-0.0105732309026977,-0.011488351770097946,0.020996185997127114,-0.07129970953451899,0.09969771060981579,-0.004068831624680435,-0.0021711495620761125,-0.003072577271642755,0.05417491420489727,0.005515860925210868,-0.001534708362504992,-0.011995840447471708,-0.07960387999048486,-0.0080465977672431,-0.0026600166618645574,0.4466001334889532,-0.02396482915731673,0.1357127545138722,-0.04800059239321887,-0.012126006033026323,0.19725085910652945,-0.008634123135020875,0.06868691171873821,0.11029446578118157,-0.0015347083625049949,-0.12335187989856433,-0.008914530780917033,0.008893145316005565,-0.006908555602413995,-0.030622734239199097,-0.00631925119531156,-0.006731290219724536,-0.014846284746000308,-0.00461679992247372,-0.008642149349369847,-0.03737756920246955,0.03877644632387178,0.05494211388693962,-0.005768107913725591,0.25624827175961834,-0.09831711657083321,0.06745981944773581,-0.004616799922473713,0.1656595732905604,-0.11398902608002806,-0.008490751179843303,-0.11051781212985078,-0.0021711495620761107,0.003072577271643,0.05063384669043159,-0.02419628635419646,-0.005107585617360082,-0.0021711495620761103,0.0034364261168387754,-0.0015347083625049966,-0.0030725772716427542,-0.0021711495620761086,0.14517270867334028,-0.0034364261168385022,-0.0034364261168384857,0.024665757351691384,-0.0026600166618645483,-0.04635144747548265,-0.003072577271642757,-0.005336540965509593,-0.006908555602413985,-0.0642455160558072,0.023964829157316774,-0.027476490384675176,0.043192418108773695,-0.007578476467859629,-0.017221971482700292,-0.004068831624680435,0.05342866379562781,0.021092576556512033,-0.041327917551585415,0.008985816970709161,-0.007081622235832772,-0.00406883162468043,-0.0015347083625049946,-0.0003274662838157257,-0.005972624500786,-0.0015347083625049953,-0.014114287379195692,-0.0021711495620761094,-0.028922600870231904,-0.01714120241986631,-0.003436426116838486,0.041848902935140125,-0.038276022480577925,-0.008914530780917043,-0.007114078814927439,-0.06672499555547985,0.04910028262631842,-0.003436426116838488,-0.020249393581928815,-0.0053365409655096,-0.04268029866640815,0.044191178194443674,-0.0021711495620761077,-0.011265587625256408,-0.016402011269852457,-0.019166405141040375,0.04400755077335923,0.004137178098101811,-0.02561039041758473,-0.017701308217096118,-0.012448745178599608,0.034067150780927216,0.03780269166532163,-0.012029856413112648,0.09744793133836965,-0.0030725772716427534,-0.005336540965509599,0.019929941788644122,-0.02974904234063572,0.046924737017899176,-0.00617063559747947,-0.011923218300781782,-0.006908555602413963,-0.011265587625256424,-0.014756313156708306,-0.01244874517859962,-0.004868212244854897,-0.008490751179843294,1.0,-0.007737444721353542,-0.01181577188290016,-0.06644688940042894,-0.026774434613580565,-0.023692373643980205,-0.013351345073912503,-0.007250791265172626,-0.006362749135951445,-0.0156383685778901,-0.028239738917324248,0.04260651247422044,-0.03161696307456234,0.04769897066815921,-0.013641409636416291,-0.010691320615899922,-0.0065494846386010466,-0.005107585617360082,-0.0015347083625049944,-0.003555707093491779,-0.030061550749983977,-0.004378814611442411,0.05055990221574881
OverallCond_3,-0.04150203742663179,-0.011706974565091892,-0.15459772447840756,-0.10031949668899315,-0.15800378604416337,-0.044153290167168936,-0.008522305345593487,-0.05320791979035686,-0.01740046781453669,-0.05573708733472908,-0.04639209714092743,-0.10223005883308763,-0.03497877022370524,-0.06811503445957247,-0.01157399485688058,-0.13128705457159104,-0.02849138939515636,0.0368185196045633,0.003762496231823495,-0.010856723519333868,0.00847886022114715,-0.022435966580378316,-0.022435966580378316,0.053052446286204535,0.04559346197300144,-0.024855328058356562,0.013058275503226904,0.027056883483664963,-0.00345554384541988,0.008398265967338054,0.005838871200210796,-0.0069182039663041005,-0.011926906346723807,-0.0028929718462774225,-0.012510695803726853,-0.0048885525680412425,0.03681851960456321,0.027216569024467722,-0.01845659406714044,-0.0446636318925241,0.0036436377162993197,0.17322874588621737,-0.03156899527795528,0.0123098997204868,0.03488885916927486,-0.02459679870306206,0.01677622022800761,-0.010395170149199665,-0.03028079362397397,-0.022435966580378316,-0.031144282231498205,-0.03822957567848774,0.06397212543553994,-0.006429410825829142,-0.0002754547277254011,-0.03302173691627125,-0.0174216027874564,-0.0215767512066217,-0.011500221459806025,-0.00892540332717699,0.006520718682514842,-0.009797284941114596,0.03142906670726127,-0.011500221459806038,-0.01777281221098496,-0.004888552568041243,-0.007737444721353536,-0.008478860221147163,0.0134479399076237,-0.003455543845419878,-0.0048885525680412425,-0.0034555438454198792,-0.00345554384541988,-0.0048885525680412425,-0.019440560688103736,0.003121914670481212,-0.022992879138554766,0.0009434679020858399,0.041188773468314795,0.04824069307978053,0.06172289512902192,-0.011500221459806025,-0.0644569280879617,-0.021283471479346346,-0.028491389395156354,-0.019646365832581735,0.04955549974498236,0.0013667158756177158,-0.009161366694949822,-0.004888552568041245,-0.022147658293688977,-0.0034555438454198766,-0.0034555438454198758,-0.0034555438454198792,0.04955549974498227,-0.007737444721353513,-0.008478860221147157,-0.00345554384541988,0.28060291740556753,0.004175695113803878,-0.00345554384541988,-0.0011747450589257055,-0.02648640308184214,-0.0034555438454198792,-0.02607963855542052,-0.017132688025231196,-0.004888552568041244,0.0639721254355399,-0.08638939691053803,0.06783203525424826,0.06206812879836295,-0.005989283976805378,0.14370258044364165,0.023275261324041844,-0.00345554384541988,-0.0007286591006437827,-0.023377059548198915,-0.0109612492326869,-0.024845309484834262,-0.003455543845419879,0.027947157994708354,0.08263590962405562,0.062068128798362814,-0.07362667500169358,0.009684793182166319,0.011583308542502157,-0.052987444235624744,0.06532672125410521,-0.040916353889507644,0.09536499803024223,-0.08233135878939431,0.0705724253366332,0.17401931549018113,-0.026398183867422785,-0.0034555438454198766,-0.04763512416097384,0.012183887034009246,-0.0858627071631589,0.1490227218248806,-0.00847886022114715,-0.005989283976805378,0.08286108449323853,-0.08102170585592228,0.07673040085385535,-0.02849138939515639,-0.004888552568041245,-0.10082169465471773,-0.023672367156954408,-0.01873457691284711,0.05688170381905101,0.00814732765985464,-0.0485591119590806,0.017639665599069643,0.0316068163214956,0.03399699867314275,0.015449300262610875,-0.01298745109361277,-0.023806648783997474,0.002107692208301254,0.014011607862484364,-0.08841948456579468,0.03309836463669049,0.06727060687434586,-0.004888552568041246,0.09408757394173582,0.0926646742976583,-0.016023580750362542,-0.0034555438454198766,0.08897343027476305,-0.17923581072020622,0.17782177886618336,-0.00598928397680536,-0.003455543845419878,-0.18604588771466754,0.0763645538692611,-0.09730705220482957,0.0888518619398549,0.08263590962405558,0.017182947188840027,0.014626306125011687,0.1436239982134232,-0.003455543845419878,-0.1314247840690479,-0.02007192553803768,-0.0038412954399626702,0.029866135717862303,0.00823875860554617,-0.03638677011588012,0.07801428233426791,-0.03342784149403847,-0.010395170149199646,0.04035105893957063,-0.049219172397601436,0.09788741412045195,0.005272777264947051,-0.01298745109361276,-0.0059892839768053655,0.004118520318088105,0.08286108449323848,-0.010395170149199663,-0.009161366694949819,-0.059065009233226676,0.018098131846211774,-0.1335054447606829,-0.004888552568041244,0.006918203966303921,0.0021076922083012642,0.02127324890467457,-0.011500221459806021,-0.004888552568041244,0.00773744472135328,-0.00345554384541988,-0.0069182039663041005,-0.0048885525680412425,-0.010395170149199662,-0.007737444721353549,0.08263590962405575,-0.039856202103197826,0.11060211077167269,-0.010836851581508714,0.09408757394173578,0.046460847802497394,-0.01555527901971993,-0.0345852607798031,-0.04038856541218039,-0.04055049532635336,0.036831568260666116,-0.01706367043796346,0.019789605262704422,-0.009161366694949822,0.06223774145812482,0.010675186117390219,-0.07182589489237028,0.03518906748015008,0.07273936719617279,-0.009161366694949819,-0.003455543845419879,-0.011502221800948585,0.038909372799391835,-0.003455543845419879,0.014618652270055498,-0.004888552568041243,-0.08636853962387243,0.05940284671371714,-0.007737444721353522,0.06235706693989764,-0.075608546028762,0.015449300262610832,0.032576937388252195,-0.04375857108091395,-0.04965329446979483,-0.007737444721353528,-0.05655090303976399,-0.0120157365006459,-0.020935811616948363,0.022705445702601537,-0.0048885525680412425,-0.025365556697659903,0.0037627515600630887,-0.007406746239809389,-0.03796605961719974,-0.0185827401984621,-0.014489994348385797,0.03645862421899062,-0.0020466020636280475,0.05463848087253505,-0.03156899527795532,0.026535472104212476,0.04524602802620909,-0.0069182039663041005,0.046460847802497464,0.02716707444114706,-0.06698283705154735,-0.027324716274143037,0.03681851960456334,-0.02684627556835246,-0.01555527901971992,0.003121914670481212,-0.03322526178623437,0.023936345874606427,-0.010961249232686873,-0.019117744907970136,-0.007737444721353542,1.0,-0.026604349599162396,-0.14961157788973722,-0.06028522096050954,-0.05334566353389349,-0.03006184068934812,-0.016325855610700712,-0.014326343137141883,0.0495862148829858,0.05794281605801274,-0.05772151409829915,-0.02064254200801371,-0.018990926845157404,0.01711846491941275,-0.024072539158763753,-0.014746796125258112,0.04955549974498235,-0.003455543845419877,-0.02064254200801383,-0.028677692785057714,0.06524300011545658,-0.016199307532710757
OverallCond_4,0.019900881142080076,0.008570093261387938,-0.20375437973026336,-0.18508181763843304,-0.2116646685899033,-0.06520962966150769,-0.00145463524802754,-0.06277618765787539,-0.014189547980286786,-0.01771405414187172,-0.12400783676528761,-0.06440723269611111,-0.057120781374504076,-0.017652521879874112,-0.010829671115670824,-0.15350977582021372,-0.04350890634358657,0.04671473151724292,-0.08601901123908356,0.08422794090213047,-0.09760202340883053,0.008547107481321033,-0.03426173273387178,-0.016738810440559262,0.0872389836400187,-0.037956314647610685,0.03635887756018832,-0.025498892620551827,-0.005276925300178234,-0.052874609072849,-0.016726975946051624,-0.010564717791085523,-0.008441750921685112,0.042217143942022646,-0.01910495428875045,-0.007465258113202614,-0.02121704937436532,-0.004786665041383056,0.04916459239374707,-0.06820537075340442,-0.03834759957404838,0.02934172949393093,-0.04820868648628237,0.10249846757009204,0.07701189850981364,0.04097742310318079,0.03149521630679192,-0.015874356921465695,-0.04624148705148553,-0.034261732733871876,-0.04756011158160106,0.10041793341445802,0.0006534401655934771,0.03403054434496227,-0.005448693634972126,-0.05042715323096364,-0.026604349599162365,-0.010739816007991941,-0.017561869359388527,0.09017820420132731,-0.05339525585769333,-0.01496133259815165,-0.023144798406733808,-0.017561869359388534,-0.027140677880783007,-0.007465258113202611,-0.011815771882900153,-0.012947979831582659,0.020536210075260724,-0.005276925300178228,-0.007465258113202616,-0.005276925300178231,-0.005276925300178234,-0.007465258113202609,0.14201939044878456,0.11390635613623049,-0.03511218814688119,-0.019119861270604322,-0.019833002365618996,-0.016576674187296126,-0.014961332598151647,0.023331797729458762,-0.06432348673151123,0.012498309607479306,-0.02636369628646472,0.012443586385213522,0.023331797729458727,-0.010386667458219631,-0.013990228415381797,-0.007465258113202614,0.02714067788078313,-0.005276925300178226,-0.005276925300178231,-0.0052769253001782295,-0.01756186935938852,-0.011815771882900162,-0.012947979831582662,-0.005276925300178234,-0.007465258113202615,0.05926512287083064,-0.0052769253001782295,0.010930693386465833,-0.01641789602639317,-0.005276925300178231,0.02383165576638304,-0.016435256052490514,-0.007465258113202612,0.08242680945986097,-0.11919531918929552,0.09098979598017896,-0.0004028980522113523,-0.009146173673659773,-0.013990228415381804,0.05516901969510528,-0.0052769253001782295,0.011712924035292617,-0.02110103357437195,0.02613603735455745,0.01644905042249506,-0.005276925300178229,0.005443849227420834,0.04871414723651823,0.07981044143350359,-0.12403744602207976,0.0859994256927828,-0.03294963381488748,-0.056641499768075115,0.0717846761503249,-0.04997950178882467,0.12531077434517648,-0.12782631479795317,0.11389176707269984,0.15229721436913593,-0.020038324409122777,-0.005276925300178227,-0.04377851673442849,0.09451494000655752,-0.13709960238803784,0.05737277593420308,0.042327021788624006,-0.009146173673659766,-0.008471222022433148,-0.12973936307050077,0.1645035497391208,-0.0435089063435865,-0.007465258113202612,-0.034910685587337446,-0.051827168134999255,-0.019119861270604294,0.06293303632860561,0.061181320889898215,-0.09637099109401512,0.01790965052807566,0.009923988671209368,0.05889141950257751,0.016930911036211367,-0.019833002365618996,0.024375244845716848,0.03544605203060052,-0.02806236566420041,-0.13888875140901244,0.07361696556211747,0.08839440058941746,-0.007465258113202612,0.12473780830527294,0.11951636334688785,0.024680826772216218,-0.005276925300178227,0.0877070712977455,-0.21922853206833856,0.1298153666696964,-0.009146173673659757,-0.0052769253001782295,-0.17845200688677662,0.12012447156428317,-0.1361883445186848,0.12238843076362176,0.04871414723651821,0.04390117913671766,0.10955853856723013,0.014531470287172837,-0.005276925300178228,-0.12733927048346483,-0.03065163008576858,0.033774949498880276,0.006667875328614904,-0.02774406607532419,-0.0825767464399642,-0.023144798406733783,-0.021330774433607924,0.07448260645217933,0.07924569181389578,-0.06611331687995968,0.12199215981302784,0.04216163868999218,-0.019833002365618985,-0.009146173673659766,-0.02257361668227307,0.03776423275421139,-0.01587435692146567,-0.013990228415381807,-0.017598198411672882,0.02065810406621631,-0.06843092896839473,-0.007465258113202614,-0.05708654525709368,-0.02076455908237211,-0.014700091015982988,-0.017561869359388523,-0.007465258113202617,0.011815771882899827,-0.0052769253001782295,-0.010564717791085516,-0.007465258113202609,0.07448260645217931,-0.011815771882900157,-0.011815771882900143,-0.06086399439733502,-0.009146173673659766,0.04734677063621089,-0.010564717791085533,0.02081711560221166,0.03709005651542033,0.020538665910226062,-0.06167696090556785,0.024020860212249053,0.09995064900441324,0.001752422106888006,0.006161600633250704,0.037202086087017826,-0.01851202714392234,0.0001914169284586745,-0.05252846747252039,0.04692489526090907,0.03504926941684683,0.0883944005894174,-0.005276925300178229,-0.050154455901396604,0.014531470287172828,-0.00527692530017823,0.013622573807444568,-0.007465258113202614,-0.05248681892009315,-0.019556130900879078,-0.011815771882900158,0.06847166256520969,-0.06362114595122424,-0.03065163008576859,0.09433832749962749,-0.07966036202162581,-0.0436341204253,0.04871414723651819,-0.05054381910114588,0.02081711560221168,-0.1568199725116764,0.1622336143418755,-0.007465258113202614,-0.0005750206138130184,-0.01551323928296225,0.005928435235692588,-0.009836180462171943,-0.00819726491760681,0.008331820937155239,-0.0353070683633663,0.0268074012155238,-0.03657530593681186,0.029944413968938897,-0.005448693634972151,0.055096362211736805,-0.010564717791085523,-0.018349107051434,0.1112221885167861,-0.09352615996791028,0.047339734642640977,0.012748841071438853,-0.0228916675295159,-0.023754305858190553,0.11390635613623049,-0.05073795395686021,-0.007998117481376832,0.026136037354557447,0.12036333360894623,-0.01181577188290016,-0.026604349599162396,1.0,-0.22847029465777483,-0.09206093800111904,-0.08146361156143653,-0.0459071262874608,-0.024931045407903134,0.011085559122931295,0.003024546951275085,-0.03379114978975297,0.026167678408871936,-0.015611363590823829,0.007399876533970072,-0.014866800495376647,0.043374873638613066,0.009525868531293684,-0.017561869359388544,-0.005276925300178229,-0.03253864977173941,-0.04239996000541279,0.01512497720085112,-0.009060234250297481
OverallCond_5,0.07077723308765671,0.010614226001138446,0.4069051078751197,0.6115663677838539,0.28907421101410385,0.20954341063250334,0.18046235705002128,0.2580637018504115,0.18373093993869993,0.17887045933685372,0.475144221653553,0.30527876275148375,0.0891021845720365,0.14236940922635974,-0.03827859322576513,0.3172289613670502,0.1770476837473821,-0.053009009298149896,0.11072670889008285,-0.19984244147915803,0.008070729777831579,0.03296415479075385,0.04967805164593727,0.056525044187617966,-0.10359546899368205,0.037074300329104914,-0.002170809658991872,0.035514506056976154,-0.029675189676157187,0.012044192539677707,0.03575025198953407,0.019827952204237897,0.056705013727967615,-0.03716098606169964,-0.019256928623352192,-0.04198144523351056,0.013297667856835437,-0.1598603472301443,-0.01756818480902723,0.1984909148832652,-0.13293588726918354,-0.08872722199450216,0.1743902967936086,-0.1037137558481719,-0.07155103364816101,0.034082234056679206,-0.1549594703714621,-0.018714337145480084,-0.10167313721115509,0.09981974221148757,0.20816759418479872,-0.2353048617524672,-0.06447329629401827,-0.06050092150463566,0.1039226574966987,0.20312468489056137,0.08451869649848952,0.08351865455768696,-0.03489588855375102,-0.07568372944955983,0.10627101772739513,-0.06543356451448461,-0.02051765534224573,0.02896872728890205,0.0352789692543742,-0.004653241798111411,0.02808412986839075,-0.07281394667692093,0.060720901681884466,-0.029675189676157152,0.032674961637287725,0.02309676760421984,-0.029675189676157183,-0.04198144523351054,-0.0807559187400659,0.06524956500543318,0.05569129882632176,0.1744156245964857,-0.09736523686896748,0.057295204403489036,-0.06543356451448452,-0.05086204251441425,0.1582534011831625,-0.024651346389160507,-0.043855006993233435,0.014643737620313475,-0.09876050439640388,0.02147724053583589,-0.038700980995985935,-0.0046532417981113286,0.02735657405091935,-0.029675189676157152,0.02309676760421962,0.023096767604219828,-0.018929734593087718,-0.06644688940042874,0.0135103425218647,0.02309676760421982,-0.04198144523351057,-0.054025523200476794,-0.02967518967615717,0.01861616409366445,-0.06089288906299857,0.02309676760421985,-0.15326183476687674,-0.024959167622064203,-0.04198144523351058,-0.11768472229134261,0.4056771587137961,-0.2135262686893428,-0.04823508848601702,-0.020945393417786003,-0.03870098099598591,-0.011261870296693939,-0.02967518967615717,0.022674895907900897,-0.0530446427883911,0.039785375929215876,-0.14185028659301174,0.023096767604219727,-0.07385450714352348,-0.042814134583223785,-0.12130988900885929,0.3966375060274699,-0.20924147135178436,-0.0205381529981853,0.16425197237099728,-0.2656005682590047,0.2051396545696832,-0.06903092436573978,0.3968211787907917,-0.41673515888895013,-0.09810052333706372,-0.2443718961887294,-0.029675189676157135,0.27467634953593917,-0.3524058854579724,0.5202083318648136,0.005473598853701196,-0.07281394667692095,0.00954341454828336,-0.12348759313862447,0.37019758278239184,-0.46406663391744474,0.009697160459036966,-0.04198144523351056,0.08809182313209227,0.09395584985799646,-0.0005427799011408658,-0.14271353971181697,-0.1382593343500755,0.31748194572999255,-0.07938320996055044,-0.12374176170088683,0.018921963206086048,-0.051616732851636024,0.0018048568923288355,-0.0700825627373195,-0.09046110537441193,0.13633261544795872,0.08481443503994941,-0.07659483058930916,-0.03870098099598592,0.032674961637287836,-0.032998343814351974,-0.06557587754334708,-0.1358206810983974,-0.029675189676157142,-0.1749321411470131,0.14229817457495603,-0.07360787549255995,0.009543414548283287,-0.02967518967615715,0.1642719076294518,-0.10215787935479377,0.24075048646266256,-0.26870947737125017,-0.04281413458322388,-0.04244753067719662,-0.08348093867306366,-0.06072090168188451,0.02309676760421971,0.11059080749863297,-0.023750186581431965,-0.058325347593085726,-0.0029287631343469385,0.05379664574182305,0.19186948564367898,-0.020517655342245686,0.1306127967373286,-0.001075258880534385,-0.2647005557272409,0.16963277973646892,-0.36724634945119283,-0.10059156531183976,-0.06903092436573972,-0.020945393417786062,0.13259648414816935,-0.08738408655892146,-0.03635341541042566,-0.01871391617315627,0.10189027015305242,-0.0863215270822334,0.1884000695870271,-0.004653241798111376,0.0065851958050571115,-0.024622015720054274,0.1026573972321162,-0.05086204251441424,-0.004653241798111403,-0.004451375051185706,0.023096767604219803,-0.03299834381435205,0.03267496163728766,-0.0010752588805343609,0.028084129868390737,-0.04281413458322394,0.24644141545297585,0.00954341454828345,-0.1975794697287016,-0.006585195805057087,0.003854347854139627,0.020826760066466776,-0.1643166236008632,0.24528410032316567,-0.016246755246609054,-0.20525927754213277,-0.01624230964196104,-0.09306623636933356,-0.018713916173156157,0.02189099640750792,-0.02026200347816192,0.02744384271723081,-0.006946363094894453,-0.04416628220594946,0.0012731486496733908,-0.029675189676157152,0.08543826863270967,-0.005954868350269753,0.023096767604219727,-0.13338238786596598,0.03267496163728774,0.15414073898958788,-0.04442527036275749,0.004451375051185782,-0.3959025251396563,0.3929954762506873,0.013405208445506828,-0.33516212081235935,0.17442070255349917,0.25647138909097184,0.004451375051185859,0.12651855467799053,0.019146054014584933,0.0015616480466889226,-0.010384902335564414,0.03267496163728767,0.02055249044744171,-0.00322886174397365,0.03137095905681459,-0.02275843448569994,-0.008277239709953942,-0.021018200745474485,0.00696424754836749,0.010689822888425337,-0.006043266508035692,0.015720666001312666,0.03381171994982916,-0.1548574819114959,-0.05941149182364711,-0.08789588910853201,-0.2267770695600781,0.2527028818650736,-0.19292716056092166,-0.06627034472914707,-0.046760289343652874,-0.03856204793556714,0.06524956500543318,0.20458006605395793,0.05825185594010444,-0.027173297104392313,-0.07658952480114756,-0.06644688940042894,-0.14961157788973722,-0.22847029465777483,1.0,-0.5177116675985327,-0.45811679856615983,-0.2581622066967082,-0.14020162485139329,-0.00720182265498918,-0.0750938915032275,-0.07641362979023865,-0.031081885174782338,0.04954665525422363,0.09024816082345599,0.030178904545679015,0.020106503179487707,0.010986190737916207,0.02896872728890213,-0.02967518967615715,0.013197503393512286,-0.037226118407162945,-0.01331261606072318,-0.018735097407739595
OverallCond_6,-0.03627668396698046,-0.008711029510237915,-0.19143806384186013,-0.2203383592919817,-0.2661962137189678,-0.058430724165968916,-0.11303756513794444,-0.08811175669449828,-0.0823690348627741,-0.10876026639380205,-0.22738471991965364,-0.11838120517370487,-0.056496224526159294,-0.08678390157597694,-0.009718135007667923,-0.15505157620576399,-0.08101539246914552,0.038967695451011024,-0.0029540349268859663,0.03749306172474962,0.0010090478878003626,-0.02278307465983609,-0.022783074659836106,-0.03792999645655577,0.05395046378291013,-0.016246082751090147,-0.025872081434091913,0.0042976700027096025,0.05731991672857045,0.00572563175483565,-0.021690053436117792,-0.023939557103138845,-0.018491185366151047,0.006861630565737446,0.014589129998486992,0.08109039811338724,-0.013259509590429687,0.08341506270157124,-0.024221545291454174,-0.08888828455110426,0.03156141931971367,0.00530787349736734,-0.0852062397699193,0.007077354669155948,0.034901168977049986,-0.014668183662841627,0.11126281345284739,0.0798090119073339,0.14470005824651655,-0.044724558171287655,-0.10777079232538667,0.05762421211727161,0.0095690826921444,0.01840430086877869,-0.05691316520482561,-0.09117355676167671,-0.046314360229978785,-0.006362309980550769,0.0021246991421401754,-0.023601005528929932,-0.018341282679830952,0.03975442103701602,-0.004469074913799635,-0.018835170773566993,-0.006683208441152423,-0.016916208877958257,-0.026774434613580565,0.027321912038901785,-0.043334059257651755,-0.011957466072516331,-0.01691620887795825,-0.01195746607251633,0.05731991672857043,0.03208709461771443,-0.004408991505784218,-0.048656302041594574,-0.015243140713248665,-0.07212431541509307,0.08524600406428046,-0.008372159394329006,-0.009350024575541838,0.04404443897355456,-0.06618015717301545,0.007077354669155976,0.05080014208317896,-0.008507879843480828,0.02308456905784736,-0.0016640287663453339,0.020775059170547096,0.032087094617714494,-0.03442978730638628,-0.011957466072516326,-0.01195746607251632,-0.011957466072516328,0.002124699142140175,0.09732294486523732,-0.0010090478878003557,-0.01195746607251633,-0.016916208877958253,0.013652170379067356,0.05731991672857044,-0.03196453140053516,0.08420452266350822,-0.01195746607251633,0.09639984173014317,0.09251022286178956,0.03208709461771449,0.009569082692144343,-0.19303477665717053,0.01272356256658902,0.02072545539054002,0.019299609348689177,0.04701345570082287,-0.018372638768917208,0.05731991672857044,-0.03977257734578443,0.05856387876678231,-0.03792999645655574,0.09256427879061621,-0.011957466072516333,0.09475020987698535,0.004249910256123939,0.020725455390539986,-0.19057832758284785,0.0371203752936043,0.016404779655733902,-0.03861857582386234,0.09789508966886985,-0.10313429370268527,-0.026343206276887528,-0.23525632355513226,0.26377865175773646,-0.011006501896266199,-0.0012083006341398982,-0.011957466072516326,0.009546031991843253,0.22513999545423632,-0.25420979390350407,-0.044792657650094006,-0.029340007814502488,-0.02072514867558102,-0.0004869406806842609,-0.1638589385179916,0.23457528848034834,-0.04586458325519225,-0.01691620887795827,0.0431193536096943,-0.04475168424726584,-0.05185843771955126,0.07743792010397701,0.11082316705343132,-0.1730044349735554,0.04319238137469824,0.10735571611158666,-0.060640555343638367,0.02809656923487104,0.010853197170168433,0.10438192594893465,0.044939121666297266,-0.0990480609415545,0.006477695486397499,-0.018179784721717857,0.020775059170547137,-0.01691620887795825,-0.02393955710313885,-0.004604486224989738,0.03125896484719429,0.05731991672857031,0.143839310322975,-0.019125893394963792,0.004570281616105584,-0.020725148675581045,-0.011957466072516338,-0.03513951837306336,-0.041944403143538665,-0.1743219706628054,0.22887075033997642,0.004249910256123897,0.03330855301635398,0.00158040454469411,-0.010587298568630856,-0.011957466072516328,-0.005307873497367353,0.08906712673028089,-0.0232873549320466,-0.007048779969926587,0.008723838975723893,-0.04619285822648361,0.011523202964012862,-0.06997951372190346,-0.012815119559047279,0.08706743632242268,-0.03533749130285775,0.1292616595808068,0.027597004299206005,0.010853197170168373,-0.02072514867558105,-0.036665851270583305,-0.000486940680684245,-0.0359711524256426,0.02077505917054711,-0.0082566078720754,0.03605245408394283,0.00470063553717926,0.03208709461771445,-0.010734801399423231,0.01612861919288073,-0.029888501292579507,-0.018835170773566962,-0.016916208877958253,0.026774434613580665,-0.011957466072516326,0.010734801399423413,-0.01691620887795825,-0.03597115242564257,-0.026774434613580565,0.0662985999955328,-0.11826863744022126,-0.020725148675581014,0.07658830535169808,0.010734801399423361,-0.02150443850063604,-0.02264153566097625,0.09551298202195874,-0.12032622958049013,-0.028948862121027392,0.0627366734008725,-0.030538673306341333,0.040063821391864554,0.020775059170547158,-0.036178251504528504,0.0050901728793220765,0.03726527235665754,-0.029597086435783262,-0.024730955888812384,-0.005463337359728665,-0.011957466072516333,-0.04246271652407071,0.00738648737346338,-0.01195746607251633,0.057275781658595724,-0.01691620887795825,0.006594334932218522,0.00101386208202053,0.004249910256123901,0.19258455427047283,-0.18714970152044458,-0.008485765262374906,0.16394269250536045,-0.048340527917220905,-0.14432000220302216,-0.02677443461358054,-0.031380928790632576,-0.001429962662446372,0.04074245298640003,-0.03707688095170412,-0.016916208877958243,0.019800114101728217,-0.0020667490395409483,-0.020475833433038937,0.025035587004938343,-0.03672106401228365,0.012899295465855484,-0.026575004103924632,-0.00779558047277771,0.0048358012602727225,0.034964848004503266,-0.020097382662049603,0.060562307702763454,0.04540915990198561,0.058793464852122466,0.05559086035222515,-0.0880654516961413,0.01500851975312619,0.021558627103864084,0.03701686415528424,0.0241367314121728,-0.048656302041594574,-0.09965896884537116,0.0011241275916858186,0.006020634358183466,-0.002275154869375069,-0.026774434613580565,-0.06028522096050954,-0.09206093800111904,-0.5177116675985327,1.0,-0.1845958235106395,-0.10402514226428318,-0.056493528458190875,0.0011109125403835575,0.045539531493233,0.030289291518047403,0.04712309534800585,-0.020762990599853075,-0.03946565539394427,-0.04881243458908071,-0.0319583666711153,-0.03460459022525016,-0.018835170773566917,-0.011957466072516333,0.005265028526465305,0.02914302221107582,0.020025150503610416,-0.012306981449683741
OverallCond_7,-0.025032290614663312,0.009165050872258418,-0.16165426065271443,-0.2966432893513503,-0.033002646362163865,-0.12358195021453158,-0.09884159004531638,-0.14165307464927113,-0.0942790217307273,-0.08836763845620303,-0.23053748162590829,-0.17088833840398163,-0.03543702846313391,-0.07710527243784249,0.012461291132187722,-0.11591051061608233,-0.08724180494928269,-0.023606358951969355,-0.031918067082316114,0.09619995363313086,0.025962618366772442,0.002901659402704934,-0.020965510895600257,-0.033563795513640804,0.004582170090322624,0.021458753492053218,-0.013409595648064486,-0.046101728362366735,-0.01058101723207172,0.014469971594810673,-0.006694054589800467,-0.021183824792000556,-0.042671654888418294,-0.0012112370668380945,0.0036655187493018484,-0.014968948818546298,-0.004669389682807066,0.08939469106228741,0.015359436410562359,-0.08481460078784898,0.08417370023507374,0.046510499644617384,-0.07923651232590723,0.04772895851025302,0.011265918772627502,-0.031528670644347695,0.08413224274297586,-0.03183043810159911,0.05201423870816182,-0.032899096044752885,-0.09536507181315934,0.1042755910503431,0.02263937915828654,0.014466770564512219,-0.052904432911686554,-0.10111391519662498,-0.03814865499545739,-0.06606889871531851,0.03318406654665857,0.048460080563853085,-0.05113425353098094,0.05012143167077921,0.05796625730606223,-0.03521415061774822,-0.024606905391626386,0.03833511282798449,-0.02369237364398018,-0.02596261836677235,0.021626895420122395,-0.010581017232071721,-0.014968948818546305,-0.01058101723207172,-0.01058101723207172,0.03833511282798447,0.02252782822435558,-0.06703259536118937,-0.02376123577602996,-0.10292468897608378,0.04115375725444425,-0.0313017272035019,0.02341439143744428,0.010384660825189651,-0.09200966973488443,0.022640109032316263,0.03702457088091507,-0.010538838802849929,0.010384660825189612,-0.010717529691328618,0.05757112001884666,-0.01496894881854631,-0.005207270435572434,0.06477647134756101,-0.010581017232071728,-0.010581017232071718,0.01038466082518961,0.010054812229396524,-0.02596261836677236,-0.01058101723207172,-0.014968948818546306,0.021458753492053225,-0.010581017232071718,0.004285496621940865,0.021022105190558055,-0.01058101723207172,0.11082431989694583,-0.023836525898455904,0.0383351128279845,0.06823040477359447,-0.2158404864101694,0.12501989610149505,0.03502144626277118,0.02519808358863422,-0.028052481231594185,-0.007754637918585504,-0.010581017232071718,0.005714008072436583,0.02789166776988289,-0.009659824074657593,0.10006963591202386,-0.010581017232071721,0.0004101491715641592,0.01005481222939648,0.04992853417637054,-0.2146663044246666,0.1231385892646462,0.05775727859452106,-0.08344380856396566,0.12285246276737265,-0.09043240566059671,0.000692824196202768,-0.15681232392531985,0.18196738865188863,-0.04213999220333769,0.1741509411328435,-0.01058101723207172,-0.138629991515802,0.16697681594965383,-0.24148374372905776,-0.021239699176192974,0.06648963240270955,0.02519808358863426,0.0655475117689058,-0.14673858512664467,0.18438879600726013,0.017906666907038477,-0.01496894881854632,-0.03906951088655651,-0.039708614639311975,0.0440386811022364,0.054265839589854016,0.05368892118178105,-0.1643912580392918,0.07738183233868907,0.05704201885228641,-0.03200566748629489,-0.008403766613134758,0.020923290725323423,-0.01646558591798216,0.07748901188340016,-0.07261286047774591,-0.03375539536389434,0.07990896490399146,-0.028052481231594185,-0.01496894881854631,-0.021183824792000542,0.02320600134227254,0.04865019923559608,-0.010581017232071721,0.06455031477855637,0.01869664948767139,-0.011576524987445175,-0.018339433617763367,-0.010581017232071721,-0.038392443268052925,0.0675423607073396,-0.06146052313364126,0.062293393858587266,-0.023692373643980188,-0.004824046376525206,0.02909948790215674,0.03702685191123108,-0.01058101723207172,-0.007484448218674036,-0.048196737170464625,0.06131361901383137,-0.013708406366185168,-0.02857703400629992,-0.09321417231550326,0.023174587967171846,-0.06922176130884203,-0.006642123939900085,0.13249024585991603,-0.08373502415446996,0.17253812944068952,0.03604708845439528,0.0613842237835649,-0.018339433617763377,-0.051008223735117986,0.01399229712507951,0.11929944686859524,-0.028052481231594158,-0.048046779494678976,0.010946376984624596,-0.08721913994661121,-0.014968948818546301,0.021183824792000663,0.014810919168849329,-0.05366941918059122,0.07878287798959646,0.0383351128279845,-0.010054812229396503,-0.010581017232071718,0.054251258613660015,-0.014968948818546313,-0.006642123939900079,-0.02369237364398019,-0.023692373643980195,-0.12204132840560913,-0.018339433617763374,0.12281614395031254,-0.02118382479200055,0.006879931818169057,-0.013708406366185146,0.07083794057873231,-0.12367144673084271,0.017513880965717588,0.1060111343665113,0.0562852028169115,0.07809250001015228,0.0004887191852194306,-0.04358577266378985,0.030854777133331596,-0.003529105283374264,-0.010653771493347244,0.01740882830404995,-0.02805248123159416,0.06477647134756098,-0.01833701035478939,-0.02162689542012236,-0.01058101723207172,0.03263468005947684,-0.014968948818546298,-0.10419992037331255,0.028197699046039602,0.010054812229396482,0.20918779320837896,-0.18887382693273014,-0.04819673717046462,0.1641713464066868,-0.08627683715505233,-0.12811060433994434,0.01005481222939648,-0.07823319759716006,-0.014956373517758808,0.042549573567987914,-0.03944704501459128,-0.014968948818546305,-0.013843688172419525,0.03887402803861478,-0.018675030222850175,-0.015034140612117297,0.05977667345709638,-0.020723181830232203,0.048943403594892354,-0.017909831433238484,-0.004091904435516969,-0.04437841575466062,-0.04289270613902777,0.049350879676563965,0.05425125861366008,0.05055254249002478,0.12418223340718407,-0.12693739775407784,0.11496040050497444,-0.004669389682807151,0.04901843461961454,0.03717533929812922,-0.06703259536118937,-0.09340876288964632,-0.05672000418652679,0.014244147364325617,0.02484351646075662,-0.023692373643980205,-0.05334566353389349,-0.08146361156143653,-0.45811679856615983,-0.1845958235106395,1.0,-0.09205059133698734,-0.049990440657872476,-0.007112004588306742,0.026758056629251223,0.05741658239688882,-0.0019649825718630973,0.0037976052730188527,-0.0723099238530736,-0.004740753678188566,-0.017863562819638985,0.008443673167496791,-0.03521415061774821,0.06477647134756098,0.027391238033050855,0.03066312537655068,-0.058234335880474386,0.04508791728831665
OverallCond_8,-0.045185013984754586,-0.027570511960384944,-0.07127452065210763,-0.21218986759473604,0.10018901064203617,-0.08700837962357963,-0.06002884304778388,-0.09495834519799622,-0.09680969455631551,-0.06620675235371687,-0.15550683556975886,-0.09666913709181278,0.027150017077805868,-0.01588202739273696,0.0902438654594298,-0.07247084684067144,-0.0491633071574825,0.03679405824084387,-0.07559584586927616,0.1087212996260409,0.014630694334214642,-0.019567021210175867,-0.0004196680152316247,-0.018914179838064225,0.03534384609425117,-0.025495188868917308,0.024980451761458355,-0.02771276680449185,-0.005962712492266397,-0.021080653249381593,-0.005695567318997227,0.04857982513978207,-0.006199634565959798,0.04286031906036925,0.012085492800815365,-0.008435440200012462,0.006409824625667369,0.05085054642535383,0.03734530118153631,-0.04581342591810431,0.0772693225903834,-0.011665637391127607,-0.04049147641170721,0.02365663614373895,0.004766431932958537,-0.024878718506906986,-0.0008401219206188675,-0.017937382270528254,-0.037736842728138424,-0.03871437440512001,-0.05374100547749243,0.12343683408856808,0.04308863832139893,0.06274108620369348,-0.03067515138465226,-0.05698064676214832,-0.030061840689348113,-0.037231755612875,0.053318768137328935,0.04153182306000983,-0.05646076497255235,0.025945556013181312,-0.026152687548212625,0.05331876813732905,0.017168764822985766,-0.008435440200012464,0.04079577661473273,0.13370828988768352,-0.07090443578688382,-0.005962712492266396,-0.008435440200012466,-0.005962712492266397,-0.005962712492266397,-0.008435440200012464,0.032283181995138285,-0.04376952762295235,-0.002255446519166378,-0.06628288619185682,0.010049149083438853,-0.0493653993550574,0.025945556013181305,-0.019844203178930684,-0.013367319612608416,0.003529195135662682,-0.0031514940485565454,0.013254944834700685,0.05331876813732891,-0.02474069269309045,-0.01580839314500812,-0.008435440200012466,0.006749552583082173,-0.0059627124922663945,-0.005962712492266395,-0.005962712492266397,0.016737282479199127,-0.013351345073912523,-0.01463069433421462,-0.005962712492266397,-0.008435440200012464,0.02668655283475457,-0.005962712492266397,-0.03174893852600052,0.01807773509855691,-0.005962712492266398,0.0013324150102100767,-0.02811295366134124,-0.008435440200012464,0.01870514531781654,-0.07545235890743493,0.09851053595370655,-0.006749552583082199,-0.010334806903278928,-0.01580839314500813,0.018705145317816568,-0.005962712492266397,-0.031215148750074174,0.034385424636250016,-0.018914179838064253,0.003994116301737673,-0.005962712492266397,-0.021380335195737128,-0.01335134507391249,0.01716876482298577,-0.06556849773765015,0.10448549719518743,-0.037231755612874985,-0.07521470683432482,0.11607838748278786,-0.07060320036116226,-0.0224104917612973,-0.08761597314886067,0.09335391353720224,0.014280944275849672,0.19823284470029304,-0.0059627124922663945,-0.1858380230007633,0.04936000961226267,-0.12676430813789538,-0.02944421064696361,0.03481563373975148,-0.010334806903278934,0.10906572473020414,-0.11189259057808915,0.11516247486957575,0.0428603190603693,-0.00843544020001247,-0.05321047120263597,0.00429250575703049,0.051617959129915895,-0.005902049960239662,-0.024091464192946548,-0.025288426370542454,-0.02378471907721882,-0.01713759970663417,0.02014165847468476,0.05049494989246691,-0.02241049176129726,0.013246667971894012,-0.01111283422357418,-0.018073231741361388,0.03409434885766674,-0.025446328974679234,-0.015808393145008145,-0.008435440200012466,-0.011937704471209232,-0.04244299753015846,0.13731363249552456,-0.005962712492266397,-0.04938638624481357,-0.004040812714972455,-0.03126297490727793,0.05952083235036583,-0.005962712492266395,0.013164134192336113,0.0015049695013660822,0.0006541784143509744,0.004766713294884203,-0.013351345073912524,0.010340237063619768,0.027755363503394675,-0.023205088075707404,-0.005962712492266397,-0.01338117230158757,0.029212436369660442,0.04456113239702937,0.00037279731048265474,-0.04960530783881641,-0.09889835402855461,-0.026152687548212598,-0.031098431768610577,-0.01793738227052828,0.13556402324392192,-0.07543991471038,0.12783868214562966,0.08218728812965795,0.04250878992817512,0.05952083235036578,-0.09977362067948438,0.08838573017097048,-0.017937382270528244,0.02998576160045198,-0.07418316500637269,0.07850069316932728,-0.1046018873343099,-0.008435440200012466,0.01193770447120884,0.0056482587169405995,-0.06677581778791836,0.05331876813732888,-0.008435440200012467,-0.04079577661473274,-0.005962712492266398,-0.011937704471209233,-0.008435440200012462,-0.01793738227052827,0.0407957766147327,-0.01335134507391252,-0.06877385581144466,-0.010334806903278941,0.07955230544988705,-0.011937704471209239,-0.020733749980092333,0.0003727973104826562,0.09002378107697032,-0.058386806947184865,0.037561169815443225,0.07007084191306301,-0.004566578966080001,0.003268666054410235,-0.01580839314500813,0.04408046673597858,-0.004814648655938767,-0.010488552520783557,-0.013478709896212904,0.052188897377836024,-0.01580839314500812,-0.005962712492266397,-0.025781453392812854,0.008164753211822955,-0.005962712492266399,0.07026043654676076,-0.00843544020001246,-0.07672775633245697,-0.007882337606160927,-0.013351345073912496,0.11421972817672567,-0.1132346403842336,0.00792992284685394,0.12958453023888744,-0.06147226490331507,-0.0760804169482469,-0.013351345073912502,-0.03534384609425117,-0.02073374998009233,0.020316639989969156,-0.018488765084865195,-0.008435440200012466,-0.026701282342634372,-0.02715359216731243,0.011208059269010629,0.02682185612627647,0.004373392760107508,0.047081809411183256,-0.02304988974372649,0.013904268072817206,-0.005143676226662003,-0.040491476411707264,0.017516083574019486,0.05362602740343528,-0.011937704471209211,0.014302447902934003,0.09440735711090935,-0.06855043084343104,0.11219990529746941,0.006409824625667397,0.002262982432541944,0.00037279731048265084,-0.04376952762295235,-0.057331839031412785,-0.0327987182453879,0.019439573722454917,0.033904968645117994,-0.013351345073912503,-0.03006184068934812,-0.0459071262874608,-0.2581622066967082,-0.10402514226428318,-0.09205059133698734,1.0,-0.028171074525907027,0.004766431932958508,-0.009952478501510377,0.05208843991868562,0.02248674451376038,-0.03955673625526505,-0.030497997655325446,0.004318532345841429,0.01222582984853712,-0.025446328974679203,-0.019844203178930656,-0.005962712492266398,-0.01684324585174382,0.015645421787175054,0.017485328324799515,0.003602153290401894
OverallCond_9,-0.01606939634974568,0.010745290174476329,0.06024771309678511,-0.14168771240193148,0.09696784172093023,-0.0059305405582114985,0.0012309549626479468,-0.04825989684132776,-0.014676067132212388,0.07312006137439567,-0.04578300193987357,0.017793763304989607,0.0017778411865725413,0.0619216335556687,0.017494534688626558,0.054642279904582834,-0.0266993981603391,-0.013019919291013291,-0.05978862320510385,0.09015596520220807,0.007945574778770129,-0.021024836540383604,0.01300649533207773,-0.010271831729202067,0.0007192899107355058,-0.023292030129942593,-0.019666548756017407,0.04169881235116162,-0.0032382043469266287,0.013367787550725974,-0.022558475433263774,-0.006483077384853411,0.001853638393754387,0.0005601272341329801,-0.011723824482331942,-0.004581082713504679,-0.013019919291013279,0.0036277640768289285,-0.01729575019483288,-0.04185447310576032,0.12957360322190656,-0.011281620386083564,-0.029583435288392208,-0.01994482864208423,-0.013425275064515421,0.008167911671112802,-0.0060793806156201535,-0.0097413566923183,-0.002579659656481019,-0.021024836540383625,-0.029185434946114225,0.13249231741441986,0.027011870192250306,-0.002949314074181296,-0.025382759540230133,-0.030944805451410536,-0.016325855610700706,-0.020219662280496063,-0.010776904819518445,0.019143742151388445,-0.04883097945100695,-0.009181076005285388,-0.014202889475599447,-0.01077690481951843,-0.016654975405681505,-0.004581082713504681,-0.0072507912651726255,-0.00794557477876998,-0.04315271320692242,0.2116608114036588,-0.004581082713504679,-0.00323820434692663,-0.0032382043469266287,-0.00458108271350468,0.02078221589914539,-0.023770167485921576,-0.021546721588705405,-0.035996625775885915,-0.012170593824927632,-0.06679010795842195,0.14314132135513147,0.05424078541393982,0.028024701597058485,0.015828451231924306,0.0005601272341330033,-0.0162337630813121,0.11925847564739818,-0.0043856158356599855,-0.008585154401874066,-0.00458108271350468,-0.025855975804624495,-0.003238204346926628,-0.003238204346926628,-0.0032382043469266295,-0.01077690481951841,-0.007250791265172608,0.07993729777429175,-0.0032382043469266287,-0.004581082713504681,-0.02329203012994258,-0.0032382043469266295,0.058468669513403265,-0.03672029512399056,-0.003238204346926629,-0.0049515921442650265,-0.034958712481663615,-0.004581082713504679,0.027011870192250244,-0.008945665948099788,0.06291966850460469,-0.016654975405681484,-0.005612582642924792,-0.008585154401874073,-0.016325855610700747,-0.0032382043469266295,0.05935960468372417,-0.03415614257322819,-0.010271831729202058,-0.0035712245006487746,-0.0032382043469266287,-0.021625226315325964,-0.007250791265172624,0.025855975804624433,-0.007030475957226595,0.04988682192644403,-0.02021966228049606,-0.008616550043274681,0.021325149116853213,-0.018463405539434437,-0.012170593824927618,0.019624592000340394,-0.053899894185973074,-0.017295750194832833,0.22114135644281652,-0.003238204346926629,-0.24602803589134006,0.016408484752633484,-0.08770573205436792,-0.015990435734153593,0.07993729777429165,-0.005612582642924792,-0.01938467336145515,-0.060450059640858776,0.08632351898219898,0.08233870341754906,-0.00458108271350468,-0.04884922715055015,-0.03931991175990023,0.005913321299706948,0.03692921340190988,-0.004286972708512316,-0.028589671702809776,-0.02858025781409031,-8.029697508716671e-05,0.011608108873035736,0.01901675099940672,-0.012170593824927634,-0.022309308469714635,-0.024240195433764215,0.008879716807205652,0.018515812865323056,-0.01381928328860463,-0.008585154401874087,-0.00458108271350468,-0.006483077384853407,-0.02304976120800938,0.035869376813505056,-0.0032382043469266274,-0.05495326486016937,0.03263077392446075,-0.01697816243427934,-0.005612582642924775,-0.0032382043469266295,0.03784829072772509,-0.020491189136539967,0.0822372172502086,-0.07956038302318043,-0.007250791265172621,-0.01821782936146166,-0.01909904241282859,-0.012602119786092419,-0.0032382043469266287,0.03353995249916744,-0.01880948395854122,-0.0015665978612977459,0.03379194148227491,-0.023514535568915224,-0.027491242971768384,-0.01420288947559946,0.015921571197118588,-0.009741356692318301,0.027622614571959386,-0.029256169070389016,0.05252864830450575,-0.02280526733966724,0.045521182098430556,-0.005612582642924777,-0.02602226719573326,-0.01938467336145514,-0.009741356692318301,-0.008585154401874077,0.024006164817035984,0.021715536201772738,-0.044865878166348815,-0.004581082713504681,0.006483077384853445,0.00554994373567668,-0.042986762033541175,-0.010776904819518417,-0.004581082713504681,0.007250791265172507,-0.0032382043469266295,-0.006483077384853409,-0.004581082713504679,-0.009741356692318303,-0.007250791265172631,-0.007250791265172619,-0.03734941088177069,-0.00561258264292479,0.03167549181147107,-0.006483077384853394,-0.011259996084115263,-0.014576915933530315,0.04319191149406233,-0.0378482907277251,0.06232801897876197,-0.00215939184046644,0.0282255418640742,0.005239965242690855,-0.00858515440187408,-0.023292030129942593,-0.03129308140944577,-0.01260328256000879,0.0603705792533087,-0.014942083113391066,-0.008585154401874073,-0.0032382043469266287,-0.03278859451840171,-0.01260211978609242,-0.003238204346926629,0.11844663300978076,-0.004581082713504678,-0.0203007143409818,0.08906092487961738,-0.00725079126517262,0.02494973289235168,-0.07400580697343914,0.1324954558732506,-0.02018540083625474,0.006616931635739617,0.004650693610503285,-0.007250791265172628,0.010949190863417835,-0.011259996084115266,0.000657866305510083,0.0005601272341330139,-0.004581082713504679,-0.02377016748592156,-0.0346079199735923,-0.02140673413274844,0.047449381650357426,0.002787699028616918,0.03791436567293087,-0.017032667257558635,-0.02626660656577482,0.015483550606114258,-0.004731987922999442,0.003167956121353842,-0.0010525654242483583,-0.006483077384853397,-0.01125999608411527,0.01565318239224528,-0.034906090768506245,0.14432531334866278,0.148989303705118,0.003627764076828914,0.03379194148227475,-0.023770167485921576,-0.03113552944395822,-0.026266606565774776,-0.01027183172920206,0.021715536201772703,-0.007250791265172626,-0.016325855610700712,-0.024931045407903134,-0.14020162485139329,-0.056493528458190875,-0.049990440657872476,-0.028171074525907027,1.0,0.038983552727443166,0.03472843185799302,-0.030826770701380412,-0.051070299647566486,-0.01288508051102942,0.003065179046744684,0.047622955589106876,0.009293917344845635,0.08808048237484367,0.05424078541393981,-0.0032382043469266287,-0.03979812421074749,0.06119104449858672,0.02541696371335571,-0.011026091113902533
TotRmsAbvGrd_3,-0.12728520704014296,-0.06664399139166885,-0.10477872059335032,0.02293300879824053,-0.0005314254968231164,-0.020355106395592275,-0.1135838181013497,-0.09472233175506385,-0.11833604769140395,-0.15704598483583007,0.04758828858431038,-0.1084574725278006,-0.015448027279346825,-0.07415133225200561,-0.009517667450584516,-0.09526690334153287,-0.02342938396132094,-0.011425302037994921,-0.16259136053931542,0.20533032458878983,0.0069724388979571375,-0.018449815425442603,-0.018449815425442606,-0.009013787057082402,0.0692952806103135,-0.020439334020784124,-0.017257884212657403,0.01550056810739009,-0.0028416046134726422,-0.002458850837379097,-0.01979562158420013,-0.005689061168664095,0.053366394432785416,0.007527087154994511,-0.010287946703597176,-0.004020013680035248,-0.011425302037994894,0.010612866758994092,-0.0151774496855806,0.11047307949342743,-0.020650039495828512,-0.004155125650107757,-0.02596019805780627,-0.01750208171329833,0.3453181688475806,-0.02022673703414869,-0.04632858921580548,-0.008548282057815871,-0.02490086849152451,-0.018449815425442592,-0.02561094288808417,-0.03143740709963183,0.03488885916927491,0.004027135738854288,-0.022274000922962372,-0.027154834134293666,-0.014326343137141843,-0.017743255046164086,-0.00945700121833385,-0.02630580954567804,0.043243518242643844,-0.00805662186144087,-0.012463387709552678,-0.009457001218333856,-0.014615153918552306,-0.00402001368003525,-0.0063627491359514446,-0.006972438897956961,0.011058672612085969,-0.00284160461347264,-0.004020013680035248,-0.00284160461347264,-0.0028416046134726422,-0.00402001368003525,-0.01598659701946216,-0.02085891140721836,0.13214755236091294,0.18258411319037673,-0.010679997880442474,0.006979574138922044,-0.008056621861440858,-0.009457001218333844,-0.071868450175243,0.22624710081212832,0.00752708715499449,0.057391002954362044,-0.00945700121833385,-0.0535722964315359,-0.007533685877141785,-0.004020013680035249,0.014615153918552276,-0.0028416046134726396,-0.0028416046134726388,-0.0028416046134726396,-0.009457001218333835,-0.00636274913595144,-0.006972438897956964,-0.0028416046134726422,-0.0040200136800352506,-0.020439334020784173,-0.0028416046134726396,0.16879307842281374,-0.045962903980426476,-0.002841604613472641,-0.027871159570689173,-0.03067713708779401,-0.004020013680035249,-0.01432634313714186,0.026770021834211222,-0.025651675248091293,-0.014615153918552311,-0.004925180446616473,-0.007533685877141788,-0.014326343137141893,-0.0028416046134726396,0.17050758034523855,-0.04411648802995228,-0.009013787057082395,-0.026929875234995796,-0.00284160461347264,-0.035626877640305823,-0.006362749135951451,-0.014615153918552296,0.028624489346851908,-0.02417906725847667,-0.017743255046164058,0.02522283347194579,-0.001997300848911378,-0.033646831057580345,-0.010679997880442441,0.01783628478737981,-0.00722766077123856,-0.015177449685580574,0.02766715297436024,-0.0028416046134726396,-0.01809701825037929,0.020839515339344982,-0.006857762150667,0.0361805590185877,-0.006972438897956967,-0.004925180446616472,-0.017010531564152432,0.07500333077650438,-0.0510131376848711,0.007527087154994493,-0.004020013680035252,-0.01669483473578136,-0.012390005986606997,0.01600585602150958,-0.13042976168502507,-0.015300601941393452,0.08662384628732807,0.004027135738854366,-0.012173448083363882,-0.06074594452243746,-0.016505788599894492,0.12035190888801123,-0.019576971394993235,-0.02127137258692079,-0.0013500419614582487,0.016248084933316108,-0.012126763768029136,-0.007533685877141796,-0.004020013680035249,-0.005689061168664096,-0.02022673703414872,0.0033336379785818735,-0.0028416046134726405,-0.027821413953094155,-0.02313794354583355,0.03249162812395401,-0.004925180446616462,-0.0028416046134726405,0.010393656978385915,0.021615801955679255,0.015327135927768867,-0.019898076761681812,-0.0063627491359514446,-0.015986597019462145,-0.01675988332382812,-0.01105867261208591,-0.00284160461347264,0.029432140021596637,-0.016505788599894506,0.03666841104248829,-0.012791605201270241,-0.025584719275155838,0.05261083151734364,-0.012463387709552671,-0.027488786962953378,-0.00854828205781587,-0.03625345817769855,0.0012155085460447612,0.025743146430462296,0.015793932372061278,-0.010679997880442445,-0.004925180446616469,-0.006308729163909726,0.024729596307549322,-0.008548282057815867,-0.007533685877141794,-0.013069807712343664,-0.01572113524233981,-0.014011415877686017,-0.004020013680035249,0.005689061168663961,-0.021271372586920762,0.03306731318434615,-0.009457001218333849,-0.0040200136800352506,0.0063627491359511314,-0.0028416046134726396,-0.005689061168664096,-0.004020013680035248,-0.008548282057815867,-0.006362749135951449,-0.006362749135951444,-0.032775034216989636,-0.004925180446616473,0.042362505887625905,-0.005689061168664097,-0.009880925782424296,-0.012791605201270257,0.03412047866277015,-0.03321281365273709,-0.08180683522417928,-0.04424057859352091,-0.014032003877931335,-0.031887513493741144,-0.007533685877141791,0.47106653349077876,-0.03218258861140525,-0.12016206962061009,-0.04485882255466349,-0.013112048456794239,-0.007533685877141782,-0.00284160461347264,0.1061422736849998,-0.011058672612085893,-0.0028416046134726405,0.0019215771999651064,-0.004020013680035249,-0.032996999769363405,-0.03173796472787634,-0.006362749135951442,0.10831815124289706,-0.11434544209063713,-0.01650578859989453,0.010334447396382793,-0.03340874644288512,-0.04083149771822387,-0.006362749135951446,-0.08254624455151284,-0.009880925782424312,0.02398977274170909,-0.02342938396132089,-0.004020013680035248,-0.020858911407218364,-0.005763764330422381,-0.013872349137935712,0.10358131280961955,-0.03282462035874602,-0.030015455317216153,-0.009702927198279525,-0.02304959860498498,-0.027654612093269585,0.002261610701983125,0.010148772105477419,0.005914746829435189,-0.0056890611686641005,-0.00988092578242428,-0.01449072543467636,-0.055082136793444425,-0.022469991208287254,-0.011425302037994913,0.01061286675899407,-0.012791605201270243,-0.02085891140721836,0.16147622915524734,-0.023049598604984955,0.45546135776669305,-0.01572113524233983,-0.006362749135951445,-0.014326343137141883,0.011085559122931295,-0.00720182265498918,0.0011109125403835575,-0.007112004588306742,0.004766431932958508,0.038983552727443166,1.0,-0.028955377701588143,-0.052287570949148446,-0.06690544873111512,-0.05854070410486716,-0.04160043736409393,-0.025257888406784716,-0.019795621584200142,-0.012126763768029134,-0.009457001218333845,-0.002841604613472639,-0.027977704643717214,0.022962219560523463,0.0009745754088395273,-0.0007405160486212527
TotRmsAbvGrd_4,-0.13326212814089122,-0.08132003032013128,-0.1743268786192475,-0.09409295391252759,-0.10340487087899819,-0.1077339998285577,-0.10067351098989838,-0.1640366606758942,-0.20834138725595822,-0.2870206779093763,-0.04198199774729791,-0.12596185031535584,-0.07714717375220903,-0.04102674003602682,-0.0164387135384267,-0.19508987907681347,0.10242870942213916,0.024751909838224333,-0.15129195052681688,0.08886857233142782,-0.02585252057289879,0.12112401556287482,0.0045950276072520444,0.011191241917864492,0.054478535039026645,-0.004868212244854871,0.010786310692457453,-0.028169699838284767,-0.006984097494435168,-0.03636402811450766,-0.01749142324365947,-0.013982577894677209,0.019041506239255726,0.009087522592512545,0.09181865077668741,-0.009880391993036012,-0.001664602123623245,0.10063036171003266,0.022854356746660438,-0.054038474769058334,-0.035774829096214635,0.014765968616003275,-0.05164848669532432,0.044478880436184164,0.0223179412120792,0.02663996212348079,0.0003912935872524616,0.04926393365380792,-0.0612013692603019,-0.04534596723087197,-0.06294659053083419,0.09769561701652202,-0.014011917236334116,-0.011490127381519562,-0.02681292721333039,0.07342968519565683,0.00718746013677244,-0.043609382714085286,0.00856107338890121,0.03145906860008024,-0.0056976960009783445,-0.019801569961324435,-0.03063252166109255,-0.023243423170375477,-0.015126187240765547,-0.00988039199303601,-0.015638368577890097,0.025852520572898805,-0.054640230442567855,-0.006984097494435161,-0.009880391993036012,-0.006984097494435168,-0.006984097494435168,0.13883478645884667,-0.02021433958987117,0.02292990740840229,0.002328591662541994,0.13762319442261095,0.11485520679713657,0.11422217173642206,-0.019801569961324414,-0.0232434231703755,-0.10494358151911952,0.09697618475051635,-0.04425029845298826,0.04787859601100842,-0.02324342317037549,-0.0693045078828094,-0.018516297590785217,0.0644771972329052,-0.04725865279177041,-0.006984097494435159,0.09813736994757896,-0.006984097494435166,0.04036556994817789,0.03143795745039761,-0.017136864434427218,-0.006984097494435168,0.06447719723290518,0.04049938271783533,-0.0069840974944351646,-0.028214942733718728,-0.02105749777785843,-0.006984097494435168,0.10288891355066622,0.008665476888969768,-0.009880391993036015,-0.0352112946094408,-0.0990890297015296,0.018278622840931756,0.047258652791770245,-0.0121051114056359,0.021297832722243466,0.049586214882985744,-0.0069840974944351646,-0.02751848748399262,-0.02170318652532108,0.011191241917864444,0.09161766952380195,-0.006984097494435161,0.023813986367093126,-0.015638368577890072,0.005668759436746409,-0.10114368718932752,0.015388321566152916,0.008210773630921127,-0.10494358151911973,0.13494960505369005,-0.05352405838745188,0.1148552067971362,-0.07242102522643691,0.06691663598776623,0.02285435674666052,-0.015584535824067136,-0.006984097494435159,-0.0014623317445067025,0.06590687717747895,-0.077428930573821,0.008770110611480942,-0.017136864434427208,-0.012105111405635898,0.08404800442324897,-0.03372584631813317,0.05192649055698146,-0.030915843191613075,0.06447719723290518,0.025226090118133843,0.010452124050337434,-0.04688540416050383,0.03627835195173689,0.019747171800841533,-0.04119692593444104,-0.011490127381519572,-0.0175509947785011,0.029324429864958472,-0.003561259070210047,-0.026249305087598627,-0.0008842527858960382,0.0060085980977008496,0.008912816299160574,-0.07276734221524635,0.020040816850715217,0.10092609334830076,-0.009880391993036015,-0.013982577894677207,0.02663996212348078,0.01473000406468975,-0.006984097494435168,0.05174321824602196,-0.0968787548152645,0.00420850379625938,0.04862843722745146,-0.006984097494435166,-0.11495590318393976,0.09225693038895917,-0.061340736637449454,0.05592857241687055,0.031437957450397666,-0.02021433958987119,-0.004721269412224294,-0.027180012066302807,-0.006984097494435162,0.007010106312647985,-0.022064598011514905,0.10511461465063987,-0.007778774797300636,-0.09914850819819333,-0.11070918322619269,-0.006365846878024119,-0.056006139451021314,0.014126980485972355,0.1513428262714921,-0.08516046704730397,0.1290726940011378,0.027931206055061348,0.0019715972893483307,-0.012105111405635893,-0.032395174224273626,-0.005849494813339626,-0.021009972681863352,0.021297832722243434,-0.007039768814509937,0.05829107694310605,-0.08038051685540062,-0.009880391993036015,0.013982577894677245,-0.023136096994137104,0.031946964647978734,-0.02324342317037547,-0.009880391993036015,0.015638368577890374,-0.006984097494435166,-0.013982577894677207,-0.009880391993036012,0.014126980485972239,-0.01563836857789009,0.031437957450397604,-0.04080139120734696,-0.012105111405635896,0.02291932682109844,0.03863227706982981,0.006175654796673988,-0.03143921480575668,-0.018585222290641298,-0.0423131977458895,-0.1494666011343318,0.03289628821407583,-0.012858878396563252,0.0029811329516098366,-0.018516297590785227,0.22196976256859588,0.31461892586603973,-0.2787476909863131,-0.10246298979253791,-0.03222680042812055,-0.018516297590785238,-0.006984097494435161,-0.045229011529834155,0.02736681627294407,-0.006984097494435164,-0.04006148372739746,0.06447719723290514,-0.15596848610724812,-0.026957556554358244,-0.015638368577890083,0.1981917895151395,-0.20392780919733763,-0.04056793695281979,0.08533362359976963,-0.04850616226811809,-0.10035567916656218,-0.01563836857789008,-0.1001412038051431,-0.024285345213947734,0.03286000564250276,-0.044250298452988356,-0.009880391993036006,0.052608688273887476,0.010148716282755014,-0.0034245896244042766,-0.05198493055882002,0.0667840053544624,-0.03408397901344671,0.008889992812278138,-0.016047034822299286,-0.010495004367401374,-0.027335479900169192,0.015085260868862672,0.2646039738399502,0.09124713203433693,0.09755865482853905,-0.06979763057258712,-0.13538090828797691,-0.05522675764028861,-0.028081114085470763,-0.04017884673988836,0.015881665211155454,0.02292990740840229,0.07226116943937849,0.10576581183570899,-0.022154091143527593,-0.038639415467981435,-0.0156383685778901,0.0495862148829858,0.003024546951275085,-0.0750938915032275,0.045539531493233,0.026758056629251223,-0.009952478501510377,0.03472843185799302,-0.028955377701588143,1.0,-0.12851242270815882,-0.16444025133954163,-0.14388137706520165,-0.10224557948155678,-0.06207885301853144,-0.04865369040136882,-0.029805167139138673,-0.023243423170375484,-0.006984097494435161,-0.04514411771233883,0.03930397213260136,0.010066194973714037,0.020095501818175664
TotRmsAbvGrd_5,-0.1342277859662335,-0.054390481908390124,-0.22466706937279038,-0.09217264179007874,-0.11501790501456467,-0.14123301983751196,-0.16005651204808177,-0.10619122764035223,-0.16692524403982448,-0.3717259427265835,-0.08888700243460092,-0.17239237317240275,-0.09480845380196738,-0.12495701563033743,0.03168481611540456,-0.23882147634536055,-0.0020651854130084688,-0.0002304946691999632,-0.042018973490065586,0.05867901570772092,-0.05120110059868452,0.03475147910644155,-0.02886878358372104,-0.01876636621545319,0.04279334716535758,-0.004024479823540803,0.0589553475880478,-0.011196916770904803,-0.012611871170170182,-0.005035266092768772,0.031234890209517637,-0.025249714966758246,-0.027914960980095146,0.04889544618686319,0.01028168789568578,0.029520391336793707,0.050247837885589224,0.06345806070804941,-0.01627184870230302,-0.024540578754829283,-0.005783319212393227,0.07742703490600146,-0.09198952941171966,0.00034354503754972457,-0.035958190502997256,0.09503524682781837,0.07093260329999564,0.006821494415918839,-0.07836683166525903,-0.060678914928802355,-0.10583146467734506,0.004692105286895671,-0.06358449487611124,0.06438036962408067,0.03457763378322557,-0.031238657421281867,0.04443978150977668,-0.03474031938356032,-0.001456911735791144,0.013339440740607712,0.018704193951246763,-0.03575764077152722,-0.039859391790091986,0.018801099066638034,-0.038375460115426974,-0.017841994763996196,0.0017457293148891817,-0.0035634465618132175,0.014337781964178554,-0.01261187117017018,-0.017841994763996196,-0.012611871170170178,-0.012611871170170182,-0.017841994763996206,0.026258921215598467,-0.06422190012657587,0.03005444688089874,0.08832153782931687,0.09640245095928103,0.2426343296543079,-0.03575764077152721,-0.04197293334064942,-0.25047376412592337,0.03378192869239031,-0.010558624012987105,0.008841452359225224,-0.02171492253822033,0.0005743954801612054,-0.03343669814884246,-0.0178419947639962,-0.0013608319189866238,0.05434569940600611,-0.012611871170170178,-0.01261187117017018,-0.0014569117357911001,-0.028239738917324193,0.02381882701843567,-0.012611871170170182,0.02952039133679368,-0.07145101063761825,-0.01261187117017018,-0.04806226457712035,0.07408040729875702,0.05434569940600616,0.08109771008753314,-0.002292156459713315,-0.017841994763996196,0.003930677865068681,-0.12099483243922018,0.05132001766966553,0.04109712395340053,0.016825105649461346,-0.008076916695694443,-0.02307539123140332,-0.01261187117017018,-0.0467816780230462,0.04022666194723605,0.044951993492829724,0.08762599778408513,-0.012611871170170182,0.01923384935549301,-0.028239738917324207,-0.01188459875915113,-0.11396833322359613,0.045601764088202594,0.00926910907630785,-0.10966942739578772,0.16341955926152932,-0.09978257290376924,-0.011450099539224946,-0.14823507503602495,0.17815149937815808,0.009273204099161896,0.04379398714799065,-0.012611871170170175,-0.04000785013785023,0.14696030958666512,-0.16174279286849974,-0.007171421177862962,-0.003563446561813192,0.016825105649461287,-0.006784988736320419,-0.09361567585139993,0.1361408636469192,0.006428253186970142,-0.0178419947639962,-0.019115531462845406,0.022815114945455666,0.0034434219811936427,0.027532357790236585,0.07036391074722227,-0.037717817556444974,0.032436328960985486,0.042302423364290444,-0.11253039265000027,0.009242958606225544,0.006525325543859352,0.05350671824848877,-0.010871289174311889,-0.02611748434746645,0.012292115832200268,-0.022072505468152218,0.042642646210601765,-0.0178419947639962,-0.025249714966758246,-0.00223181266647871,0.05004668472394909,0.05434569940600613,0.11692416637506865,-0.00785631478333493,-0.001113216189475157,-0.021859389229615094,-0.012611871170170178,-0.009112504859876613,0.028834793281787827,-0.11570591361695273,0.15261062703202205,0.0317311975471025,-0.04665015956051631,-0.02792430501330593,0.020406054828685585,-0.01261187117017018,0.04740624591177265,0.07995764628354958,0.06912260884185176,0.048721453119064076,-0.10652201523772206,-0.10707045557420022,0.05288118512390686,-0.09256115453318972,-0.01555913894866885,0.15520911111590754,-0.0791655054031575,0.1782596687165641,0.0094202959424151,0.006525325543859337,0.01682510564946128,-0.018220084309327908,0.027571370414065054,-0.015559138948668822,-0.008076916695694426,-0.018891863261763092,-0.04507887206267498,0.010222269184646594,0.029520391336793787,-0.008263543080029969,0.0633840661215728,-0.02289665490445583,0.03905910986906709,-0.017841994763996203,-0.0017457293148891565,-0.01261187117017018,0.008263543080029988,-0.0178419947639962,-0.01555913894866883,0.0017457293148891238,0.0017457293148891143,-0.08216289253839441,0.055509600528537664,0.06388864282946778,-0.025249714966758246,-0.024452169463558344,-0.026631641747285013,0.08376606931221212,-0.07227824442975082,-0.2753019510885355,0.04922546160034635,0.020381933873926342,-0.018456067911807403,-0.008076916695694408,-0.042553926003013644,0.31584963402735217,-0.10367187303983148,-0.19413401233976849,-0.05819510044785133,-0.03343669814884243,-0.012611871170170182,0.07231560137381458,-0.014337781964178462,0.054345699406006136,0.022564915432146927,-0.017841994763996193,-0.16013463987742474,-0.049819619239891005,-0.02823973891732421,0.3086569230865177,-0.2864771174714506,-0.061471729071098366,0.15920665432927575,-0.053719911520266,-0.15995968822118437,0.001745729314889149,-0.19548977126659245,-0.04385443436399049,0.0981607042165039,-0.09549301001277327,-0.017841994763996196,-0.016961832493107773,-0.03352356677832079,-0.0033105498554281405,0.023117509084927015,0.01085728300114643,-0.014684787120778624,0.012790529445290917,-0.05057470607131464,0.038338775419355875,0.008671252844517826,-0.0010053408941378314,0.13211500724199401,0.008263543080030035,0.0919614199390345,-0.047725443871934885,-0.24012975141937315,-0.09972838338246325,-0.05070882722398924,-0.026230969915137434,0.06379207209233387,-0.06422190012657587,0.08593644365000705,0.02701451024825034,0.04495199349282975,0.02900948052063323,-0.028239738917324248,0.05794281605801274,-0.03379114978975297,-0.07641362979023865,0.030289291518047403,0.05741658239688882,0.05208843991868562,-0.030826770701380412,-0.052287570949148446,-0.12851242270815882,1.0,-0.296945921321567,-0.2598207417320368,-0.1846348905020665,-0.11210188535962978,-0.08785874993645629,-0.05382211924500158,-0.041972933340649415,-0.012611871170170184,0.016900194143056473,0.02044866044960753,0.009700052354432696,-0.03215678820063053
TotRmsAbvGrd_6,-0.03714471199063342,-0.07203705141414422,-0.10749941503853208,-0.005670711850877407,-0.0641947843882586,-0.07970307510928662,-0.041662198244115205,-0.019533077871875523,-0.05125124665155924,-0.22660728631017585,-0.06478736571823662,-0.0784359810573631,-0.01711224208113688,-0.07874610512224843,-0.008572152716740451,-0.15227148032526427,-0.03640880285482757,-0.0059720338184825065,0.045349925333130967,-0.03452506126378702,0.01562871456602293,-0.03980834080972786,-0.0026827083713997445,-0.05119012518031967,0.03598681866357541,-0.02333087066817047,-0.038683529582759016,0.05584979490506858,-0.016137733779981463,-0.011759032522664999,-0.008175434858333368,0.05569634324247036,0.04558332008140355,-0.05871237719107161,-0.05842619492456264,0.01862748486325449,0.008756292828450564,-0.007614114254153398,-0.030293531029891824,0.023729412063075113,-0.05881405922366633,-0.021454795881030275,-0.038986084967956115,0.056707937882280804,0.03314923169498906,-0.029729145316640653,0.13610448824820887,-0.028956136751996476,-0.0077390921871323065,-0.10477819757680205,0.012339069452115624,-0.06951055253200322,0.0013762492842510259,0.08126053694746824,-0.025269353011900187,-0.0369879993262961,-0.04590196142178898,-0.014089766355755191,0.052686961353610645,-0.002027877732684915,0.018143886237986014,-0.004211216303888083,-0.030191620833622455,0.034954604604815906,-0.013436410036552984,-0.02283002717996434,-0.00988758728304697,0.008339692226407291,0.03239104620188478,-0.016137733779981463,-0.022830027179964345,-0.016137733779981463,-0.016137733779981463,-0.02283002717996433,-0.04824322750599466,-0.03572377495843807,0.028661741638147564,0.020636905980813167,-0.04491833870312888,0.1229815219880522,-0.045754296058459515,-0.01824246564156827,-0.1749725216411614,0.007925478945131355,0.09741264316263636,0.03278146426268065,-0.0005101088927735303,-0.01834364464603208,-0.020586427009915635,-0.022830027179964338,0.036624540832495465,-0.016137733779981456,-0.016137733779981452,-0.01613773377998146,-0.01824246564156826,-0.009887587283046917,-0.01562871456602307,-0.016137733779981463,-0.02283002717996434,0.06941511520579433,0.042471946117463584,-0.021426111727743842,0.059246270675520955,-0.016137733779981463,-0.015324716873887038,0.0015409024313602496,0.01862748486325446,-0.010443303392258881,-0.03787127252885593,0.0056355801799908315,-0.02503047543452422,-0.02797055244386563,-0.020586427009915708,0.04865445999029134,0.042471946117463584,-0.027193657011488136,0.048371682544966425,-0.014007248183669564,-0.012673677232807117,-0.016137733779981466,0.025363699208141292,0.042606512474220384,-0.025030475434524184,-0.047644173786356915,0.030328467251898472,0.005171524729827726,0.0015742735680323798,-0.0003083611993768205,-0.017587282357385967,-0.013449636924545358,-0.08895760882794539,0.10914325522123466,0.014426949560241731,-0.02657824059757041,0.04247194611746373,0.018797114804604043,0.09414675366302339,-0.056013699664547854,-0.019393642757104004,-0.03959712135845328,-0.02797055244386559,-0.01640969791422449,-0.028432831833706467,0.08330578535669494,-0.00667070373983556,0.018627484863254478,0.027876668635827113,-0.05255665437842705,0.003491676808589761,0.016864222640204724,0.04190994696268028,-0.034237476887995784,-0.0026237788267271106,0.02333756226309713,-0.06767267707463374,0.050691664920106363,0.01801906485403831,-0.005843953935217895,0.06606607214699954,-0.07870111535673317,0.029438277769273127,-0.04107775429627399,-0.020586427009915684,-0.022830027179964338,0.05569634324247027,0.004326996042555371,-0.022128479682055707,-0.016137733779981456,0.08472905939250162,0.03206350442858533,0.0064390116321425064,0.005890978707082868,0.04247194611746371,-0.030591875911791185,-0.026040995764424053,-0.0699170840819783,0.10618242185781104,0.01635946259558673,0.058122088348358074,-0.0036768747894547625,-0.017184960203572398,-0.016137733779981466,-0.008897919221977699,0.03005887128103325,0.03945035963932865,0.0328888947774619,-0.05298909125314484,0.08414109578036288,-0.04372132200522734,-0.0981256198627123,0.029814891502750785,-0.029729684318926544,0.0906704294514493,0.00342583152876379,-0.02765885902790668,-0.02918398781383714,0.0058909787070827975,0.04164553991915701,-0.006385363623526738,0.02981489150275077,-0.020586427009915687,0.004862695198030591,-0.0028131901630280946,0.07280614922015936,-0.022830027179964345,0.03230870127485291,0.0660660721469995,-0.05971922067413609,0.03495460460481585,0.018627484863254433,0.009887587283047007,-0.01613773377998146,-0.0029736864357451983,0.018627484863254485,0.010224548751168348,-0.03613463716168067,0.016359462595586755,-0.02544310868934518,-0.027970552443865575,0.018747584532602307,-0.00297368643574513,-0.02214808490423868,0.03288889477746183,-0.007433525756026275,-0.029691010854266106,-0.17563164536852607,-0.03189857024227168,-0.01939364275710388,-0.016667682686956595,-0.0205864270099157,-0.0739195902357875,0.00152333850130858,0.20845971039890043,-0.22000664464828523,-0.07446452835230088,-0.04278449453907146,-0.016137733779981466,0.028446320642510667,-0.001978874205259835,-0.01613773377998147,0.046979390810751524,-0.022830027179964334,-0.06470683209129557,-0.03224330762751701,-0.0361346371616806,0.14509376523149423,-0.11504454988765955,-0.09373789055340555,0.09314355901541997,0.05293622750715483,-0.16209253467845428,-0.03613463716168061,-0.09645164905288985,-0.022148084904238658,0.0634750594076571,-0.05871237719107162,-0.022830027179964324,0.005644175104474027,0.04026406805107319,0.02687318074172047,0.008094139592190889,-0.03914119885116491,0.0023818494204952377,-0.019902097548765846,0.027569486247362596,0.0031693310573701217,-0.05931938482026012,0.037024028832547795,-0.05779955571439556,-0.0029736864357451987,-0.03913138530349714,0.03780207269330171,-0.17982824783833726,-0.027193657011488164,-0.035428687112348395,0.09444512906776116,0.04608059433105907,-0.03572377495843807,0.03915733871493765,0.035115689832129995,-0.05119012518031967,-0.046047481089564433,0.04260651247422044,-0.05772151409829915,0.026167678408871936,-0.031081885174782338,0.04712309534800585,-0.0019649825718630973,0.02248674451376038,-0.051070299647566486,-0.06690544873111512,-0.16444025133954163,-0.296945921321567,1.0,-0.3324580392563858,-0.23625270740679194,-0.14344186978745482,-0.1124211544493093,-0.06886900604444815,-0.05370717913915777,-0.016137733779981466,-0.035186889515272275,-0.029094020361251215,-0.00023903450362198328,0.03217337583114975
TotRmsAbvGrd_7,0.02186776828481377,0.05266191117679628,0.14504904544749425,0.08866006564026012,0.09445805081758525,0.08233020919230573,0.1323155066944119,0.081380288169177,0.10720322038487183,0.1460881712578947,0.06486080812366785,0.11078360448015287,0.04614072357106109,0.044348237387728584,-0.009446617779898123,0.10693537627233468,0.010752119100781549,-0.02528044812011747,0.05470521720713348,-0.060370189580366745,0.009021443615526937,-0.042063761386792076,-0.022217876227730398,0.03471578002996751,-0.042330986870250296,0.015620564024191215,-0.0011874309147142182,-0.002295973745192788,0.04854066340545393,0.018821132817357686,0.003797738609163682,-0.028269358583109045,-0.00022019906434183673,0.0028037171326088426,0.018682017943428806,-0.019975740260252086,0.006212260288902598,-0.08451993675008092,0.00825240922778234,0.03886799938936307,0.040245938087284674,-0.0034673357472332095,0.095635589752895,0.006908661440495351,-0.05854070410486708,-0.0367904259754868,-0.0849157386225549,0.04130070380245109,0.0643117101744556,-0.0023719910686686857,0.004757340920328411,-0.02124910695966959,0.029903556661504203,-0.07230901997810349,-0.01078244381834658,0.03913448916513179,-0.0206425420080137,0.04568462829817789,-0.02803450263326313,-0.04477847646267803,0.019397998577737746,0.004380613474032667,0.024857795966410922,-0.04699252664649345,0.03893530215000117,0.06867040192810066,-0.03161696307456227,-0.03464655583083623,0.022437075326075338,-0.014120139929614804,0.024347330833924218,-0.014120139929614818,-0.014120139929614818,-0.01997574026025209,0.00016356601838975174,-0.1036494473766445,0.0030084984886925483,-0.07753136902325224,-0.05306968598124044,-0.10032501841588448,-0.04003393980435419,-0.009076478620032847,0.09872896389755055,-0.07653825233922086,0.0028037171326088348,0.003507993880491011,-0.02803450263326311,0.006410820087555975,0.010029379976200894,-0.0199757402602521,0.04783285920477699,-0.014120139929614799,-0.014120139929614813,-0.014120139929614813,-0.009076478620032845,-0.03161696307456229,-0.034646555830836305,-0.014120139929614818,-0.019975740260252086,-0.029450628614779536,-0.014120139929614816,-0.014304306567570823,-0.036642697106707985,-0.014120139929614818,-0.0347139227386394,0.01668002822804745,-0.019975740260252096,0.004630507326745185,0.10274981484190389,-0.04436264073836167,0.0017489472836677484,0.011728473368724932,0.05749419282953443,-0.05855211601015235,-0.014120139929614816,-0.012556947543093439,-0.0077350622141864585,-0.04479016325435028,-0.03348055184955931,0.04854066340545392,-0.01658993286189877,-0.031616963074562264,0.0017489472836677423,0.0980204040995331,-0.04026969995269954,-0.01609328832609473,0.109412913542301,-0.15876610250693546,0.09364935065766063,-0.03624777075488102,0.12869687756818596,-0.10864865714528504,-0.03955916804428996,0.0005464488217089844,-0.014120139929614802,0.015587047708975146,-0.10539786467612897,0.11287448548562747,-0.031048224797703864,-0.009021443615526757,-0.024473579735584495,-0.009506027419023603,0.09203521714449776,-0.10374591505793847,0.002803717132608855,-0.01997574026025209,-0.010851449543206748,-0.0011122761385256646,0.0018999914464296918,-0.01163598417870003,-0.02363107414107885,0.0029261328426428974,-0.005047196212544946,-0.016923839142239282,0.06946865068342029,-0.0048121729152504865,-0.03624777075488113,-0.012817174054025438,-0.010149864281580783,0.03825039564100154,0.035951685727168156,-0.000834383520955195,-0.03743543287713253,-0.0199757402602521,-0.028269358583109007,0.017824746291122993,0.0030578172764094058,-0.0141201399296148,-0.12765450724356076,0.0691740692987978,-0.02536107881079584,-0.02447357973558451,-0.014120139929614804,0.053714740842348736,-0.03851634468294627,0.14029556883038438,-0.10369671051599,-0.03161696307456228,0.03427876413967784,0.014547758624847742,-0.006179938861524459,0.04854066340545392,-0.04196365314600256,-0.026871113123306055,-0.0930588038982417,-0.03535538656726922,0.13368940742795019,0.08840890335083747,0.024857795966410898,-0.012606334034746768,0.02035626908498713,-0.0973406905420546,0.06475221911288015,-0.13659256379467577,-0.016699608939741817,-0.03624777075488106,-0.02447357973558449,0.0414123109680009,-0.020223247520779912,-0.021532600349940617,-0.01370302645046578,0.03456065737021778,0.025881524566912974,0.012182712360390858,-0.019975740260252096,0.028269358583108993,-0.0535812882297285,0.06434647028979125,-0.009076478620032857,0.024347330833924218,0.003555707093491736,-0.014120139929614814,0.0030933036747475165,0.02434733083392424,0.020356269084987205,-0.0035557070934917885,-0.0035557070934918067,0.032630734172904664,-0.024473579735584502,-0.04602429135135254,0.003093303674747515,-0.030941846024845652,-0.021251871707101713,-0.004102416096263717,0.03417116311338058,0.15159384263253511,0.005294124180300916,0.03341481303598177,0.029461559135207104,-0.03743543287713251,-0.06550758272595632,-0.1930920999394677,0.23341466770318411,-0.023210904588522218,-0.06515472212285223,-0.0374354328771325,-0.014120139929614804,-0.07186920300365873,-0.038694211790626064,-0.01412013992961481,-0.00019735412270748098,0.02434733083392421,0.1336820602448348,0.018778265777202895,0.024505548887578617,-0.2192638828251003,0.23617949345175823,-0.048930053331361724,-0.10242118395534264,0.06386887859201071,0.08562605964663565,-0.0035557070934918136,0.08315889163032647,-0.012784653421841425,0.08030961797603037,-0.0766803025491182,-0.019975740260252093,-0.006349346554285948,-0.01823488442425096,-0.009841716370455326,0.00014249955943297798,0.004280782711543721,0.0012059069734805946,0.026706726228060005,-0.017721530670681766,0.027027389247371116,0.008680608567015061,-0.03575711538067229,-0.09694642818383502,-0.02826935858310905,-0.04909903862784991,0.08000144854744767,0.10408667694169889,0.04525026141655294,-0.02528044812011748,0.0078069700793504185,-0.049458901427436655,-0.1036494473766445,-0.06651456997665348,-0.00965373061480545,-0.044790163254350354,0.0027701937609845746,-0.03161696307456234,-0.02064254200801371,-0.015611363590823829,0.04954665525422363,-0.020762990599853075,0.0037976052730188527,-0.03955673625526505,-0.01288508051102942,-0.05854070410486716,-0.14388137706520165,-0.2598207417320368,-0.3324580392563858,1.0,-0.20671559791576102,-0.1255082839250291,-0.09836588293718306,-0.06025877086703401,-0.046992526646493456,-0.014120139929614806,0.019078256055512114,-0.014147691316327626,0.030448511186020516,0.002852030127824683
TotRmsAbvGrd_8,0.12326152795608812,0.062161329335237735,0.14740144594895443,0.05647374229287009,0.09574459492499386,0.06416484500146366,0.07026905141515022,0.028104902722061592,0.06468622026082807,0.27529552409041036,0.07393395508100804,0.10033226382825654,0.02405064542086758,0.10640475702063368,-0.023896611985356808,0.15688103720602892,-0.01317049755763375,-0.0009708539532972067,0.043038435316852794,-0.03405580742532805,0.02462067885518393,0.009287568518566918,0.009287568518566925,-0.006978544472751633,-0.0318010146991693,-0.00455430852634567,-0.021291000359172547,0.020882017809330137,-0.010034112259086157,-0.008682553939289362,0.034604618707105475,0.019122043657231805,-0.026228793450564572,-0.03304535692109147,-0.014510363198912218,-0.014195243193683002,-0.04034437539257266,0.005994363041619415,0.006182318978738722,0.02556871185020627,-0.017103712760779134,-0.014672342881945789,0.1167008809701725,-0.06180235344716619,-0.041600437364093856,-0.0031412933444144716,-0.08411959180594614,-0.030185206409006408,0.034325040201026794,0.058911905342382866,0.019602086933900573,0.027049850372485074,-0.018990926845157404,-0.03249826804731226,0.04624489730669189,0.017279086711559515,-0.018990926845157362,0.0017105080733381586,-0.03339402371785669,-0.02126151435726764,-0.002286402843289067,-0.0006846036243408983,-0.007840791656330842,0.014010229688143033,0.04137572150585339,-0.014195243193683014,0.08278234456010487,0.007416924646214082,-0.0016009703254205923,-0.010034112259086153,-0.014195243193683005,-0.010034112259086155,0.06830708505784298,-0.01419524319368301,-0.028016113971468234,0.14752368821143602,-0.06676608393832284,-0.11154150426805552,-0.037712599828657864,-0.19261292736070182,0.02707987669615033,-0.009691897014856845,0.2538082718874489,-0.04876124403354249,-0.04298278660282035,-0.0007032296551522868,0.06141448309414282,-0.023917902782937147,0.062411264842473925,-0.01419524319368301,0.005116238523812488,-0.01003411225908615,-0.01003411225908615,-0.010034112259086151,0.014010229688143031,0.012615596776213385,-0.024620678855184024,0.06830708505784298,-0.01419524319368301,-0.01582429233730273,-0.010034112259086151,-0.018571422121267528,-0.06526624013082093,-0.010034112259086157,-0.029666383556346525,0.0013087436807200424,-0.014195243193683014,-0.01899092684515737,0.12026528114102203,-0.03170411655612098,-0.036110878543589936,0.02786982767536872,-0.02660252220084614,-0.01899092684515741,-0.010034112259086151,-0.017396443021822004,-0.0676466296805904,-0.006978544472751618,-0.037143440422428446,-0.010034112259086153,-0.0012981165306500666,-0.0224677771157324,-0.00511623852381254,0.13125386058502486,-0.03138822207113762,-0.024035283545978284,1.5248319128093167e-05,0.0013052176322611772,0.004387934768436612,-0.03771259982865788,0.12381037504083915,-0.12266830247426276,-0.023705713170130552,0.008881515794978189,-0.010034112259086153,0.0050027584199389095,-0.12076112982170276,0.10781359006696754,0.014926529571811053,0.00741692464621408,0.07313117184226346,-0.0064701247976660615,0.06573027402933512,-0.08978887909809807,-0.03304535692109142,-0.014195243193683019,0.03346371954164185,-0.00825616796226679,0.0030451803867158713,0.026645415422173566,-0.06761018651025015,0.03836635946803848,-0.013810803947636882,-0.035863290635748626,0.08870065009112511,-0.03070527617205328,0.004350345740356995,-0.045662806857417644,-0.042532372194997316,0.0727107219133667,-0.04061456942824459,0.05004727868498322,-0.026602522200846097,0.09663392826501842,-0.020088888561249157,-0.01452166129192101,-0.02687453361984523,-0.010034112259086155,-0.08023129195781965,0.00139445001382409,-0.006970856384824852,-0.017391516491525958,-0.01003411225908616,0.058677227021904935,-0.03807282738043806,0.06248494731765784,-0.09485849835714287,-0.0224677771157324,-0.028016113971468228,0.03594827398495485,0.0016009703254205479,-0.010034112259086153,0.006558092651778748,-0.044494788079527205,-0.06507384415931529,-0.009903360841523991,0.06947037717238987,0.039542619472320614,-0.02592539800426602,0.10100708139032391,-0.03018520640900639,-0.09086668626785686,-0.0002291615823646951,-0.09389550661151307,0.021287943805780127,0.04641329130937189,-0.017391516491525965,-0.0320032378803131,-0.006470124797666064,-0.003999584687586691,0.003068740146927234,0.008638838100506328,0.031170724924709788,-0.04947631319250677,-0.014195243193683007,-0.019122043657231698,-0.03167241007455372,-0.022922035280583522,-0.033394023717856665,-0.01419524319368301,0.022467777115732265,-0.010034112259086151,-0.020088888561249168,-0.01419524319368301,-0.03018520640900638,0.012615596776213345,-0.022467777115732425,0.032395593220670614,0.027869827675368723,0.010407459886801041,0.01912204365723183,0.0559126110838142,0.025362265569756508,-0.013045696750651472,0.02922572444656657,0.24071360954857507,-0.015487031732769387,-0.017311241396893336,0.016236899789468684,0.03274000249470064,-0.049634243770173864,-0.19463189383795365,-0.024632006382283064,0.29448363441404074,0.03976869058686135,-0.026602522200846093,-0.010034112259086153,-0.013842176468455173,0.04225169511001097,-0.010034112259086153,-0.05625683517541945,-0.014195243193683005,0.1309228786166969,-0.013158800874491934,0.012615596776213368,-0.22374112654214798,0.22835772663692705,-0.003126252357105438,-0.1332908189831389,0.04323831355553134,0.10459116466186164,0.04769897066815923,0.17217416066398641,0.05591261108381424,-0.15844400702443093,0.1557658070317565,0.041219342535667815,0.02587497016483197,-0.01245397671497179,-0.021229951072662807,0.0051504147465311345,0.0357134894659108,-0.005426103356542267,-0.01944953091262928,0.029562339730786445,-0.037686793343361384,0.01704563832748781,0.004612370673258734,-0.08536258964607368,-0.020088888561249164,-0.03489096197777503,-0.003050919931104744,0.26259439797303996,0.0755260209240077,0.03840266748597821,-0.03598055322103931,-0.04516898725280439,0.14752368821143602,-0.09647859252096722,-0.08139142892460738,-0.03182897113181838,-0.026618809538879098,0.04769897066815921,-0.018990926845157404,0.007399876533970072,0.09024816082345599,-0.03946565539394427,-0.0723099238530736,-0.030497997655325446,0.003065179046744684,-0.04160043736409393,-0.10224557948155678,-0.1846348905020665,-0.23625270740679194,-0.20671559791576102,1.0,-0.08918921601532281,-0.06990117072322441,-0.04282133707515343,-0.03339402371785669,-0.010034112259086153,-0.0006820744498301231,0.005365880579370794,-0.025713720568958306,-0.008925128194079599
TotRmsAbvGrd_9,0.14021643471439643,0.07085271733405135,0.1695565264615763,0.033287010589231496,0.08239572039277476,0.09742917272722883,0.09421643469468151,0.08382902225250388,0.12067935064146959,0.30789998845430944,0.024805347144357462,0.13182112073604402,0.05920054978763486,0.11245165765290711,-0.004765136432689707,0.21117276978515415,-0.005100419510950137,-0.024495264859560457,0.052208949749057,-0.05396398539623248,0.014948553390937645,-0.039555463300078524,0.03556775805681863,0.05591395522419087,-0.04840622923494672,0.02442284252593686,0.023022236888244407,-0.03429371778791004,-0.006092255364600984,0.07801533830592595,-0.024862484633015887,-0.012197056993788103,-0.041771023358493246,0.024986903664755672,0.010971860532709965,-0.008618704302437916,-0.02449526485956041,-0.04733100596238535,0.01270596952430572,-0.058305323007453676,0.09091804454068474,-0.03853368167940988,-0.0007984597388743901,-0.03752357055727785,-0.02525788840678472,-0.008909019024584552,-0.04776483346746185,-0.01832708075498509,0.06050435100024925,0.20459500610983694,0.08390787895516134,0.0022665553128209375,-0.006798242049336171,-0.053769994211398865,-0.031998093702031084,-0.005505943171943962,-0.00679824204933615,0.039909296599734884,0.015605858743583566,0.011372499535856442,-0.03362351486982599,0.10881981412763644,0.05541064122381276,-0.020275328288907712,-0.007873708131157594,-0.008618704302437918,-0.01364140963641624,0.03355119761077158,-0.037829393754757704,0.11250364906629842,-0.008618704302437913,-0.006092255364600983,-0.006092255364600984,-0.008618704302437915,0.051817069703649396,0.005504054426707665,-0.04053732134383081,-0.06772291461433337,-0.022897370757551928,-0.15696667144611598,-0.01727298636946607,0.12324941984105728,0.19641741132642665,-0.037523570557277806,-0.03518774268665604,-0.04214589450796541,0.051487045776074714,0.03368046369662271,-0.016151838289756425,-0.00861870430243792,-0.01558672834127111,-0.006092255364600981,-0.00609225536460098,-0.006092255364600983,0.015605858743583513,-0.013641409636416257,0.033551197610771605,-0.006092255364600984,-0.00861870430243792,0.007361909469540774,-0.006092255364600983,0.028942578072020435,0.005149047813472893,-0.006092255364600984,-0.054652511708439294,-0.01835070261303107,-0.008618704302437918,0.017118464919412716,0.029509774445189825,0.0037238479360395967,-0.007873708131157607,-0.010559335684938378,-0.01615183828975642,-0.0067982420493361735,-0.006092255364600983,0.029975253866551664,0.02104901730149809,0.018294427746163838,-0.052575889233811755,-0.006092255364600981,-0.04496868057328299,0.09257970006581163,0.01558672834127117,0.033345642879638,-0.010170152150744323,0.0009343313585221999,0.07509059102654447,-0.06196316795320153,-0.017282844417270668,0.008940878105329779,0.09821050218377728,-0.12494741399092853,0.035328793311484294,-0.046541003233164804,-0.006092255364600983,0.020329879543294446,-0.07867665687017923,0.060983772989904025,0.0187188715206218,0.08205094861248097,-0.010559335684938357,0.02438260752323679,0.020430914574577182,-0.06987479141325767,0.040030565252608716,-0.008618704302437925,-0.03785025989130307,0.011997974229821138,0.02479213131495483,-0.05254303684965687,-0.03703671422448597,0.024211946760596084,0.0028096033011361377,-0.008973450627164758,0.03332926585420172,-0.035387568934788956,0.008940878105329777,0.011314198909299448,-0.012724284909522236,0.005154826168976714,-0.007547597507010591,0.0021184503212080957,-0.016151838289756408,-0.00861870430243792,0.04716195370931404,-0.026137055813847333,0.005180631319089706,-0.006092255364600983,-0.05443538500176938,-0.0015078370205956408,0.03714757051676369,0.05795902031510618,-0.006092255364600984,0.026849627222846114,0.019176888027820305,0.10695697382531681,-0.1163977416046641,-0.01364140963641626,-0.012751569073586587,-0.03593233506363811,0.007060081842809942,-0.006092255364600978,0.026250018960646007,-0.014512477765176059,-0.048847376345129055,-0.027424549157829936,0.052327130747425156,0.01398082749533026,-0.026720867595239606,0.07143582699821668,-0.018327080754985098,-0.04836587834962895,0.02273690346926799,-0.05122448145651973,0.009296107071914944,0.07261737583109303,0.057959020315106226,-0.05163454668687296,0.004098500979689442,0.02131371613727893,0.028765654858899568,-0.021190359965379334,-0.03370531215485199,0.013153774150454257,-0.00861870430243792,0.012197056993788327,-0.04560473795005781,0.004116462560003526,-0.02027532828890773,-0.00861870430243792,0.0136414096364163,-0.0060922553646009835,-0.012197056993788116,-0.008618704302437916,-0.018327080754985077,-0.013641409636416257,-0.013641409636416243,0.05306578057811968,-0.010559335684938354,-0.019105781936564734,-0.012197056993788091,0.013181280580808065,0.025961906536079018,-0.020546570210621704,0.050775037619441625,0.19156785234107257,-0.006080098984583752,0.018718871520621825,-0.02247407810035839,-0.016151838289756384,-0.02675995664325142,-0.13263448672029787,-0.09544379655227794,0.2905720006891358,0.05006535533233644,0.028765654858899474,-0.006092255364600981,-0.032931473877225975,0.007060081842809948,-0.00609225536460098,-0.001494100900717908,-0.008618704302437916,0.12242402159909743,0.035619857188779414,0.03946914521469764,-0.15851409293323576,0.1338965979703636,0.08986297808288832,-0.07821736254606308,-0.045860215968947106,0.1854958937675179,-0.013641409636416243,0.183634929767381,0.047546762095057656,-0.05163454668687292,0.055074226840461586,-0.008618704302437913,-0.0112374444545282,0.018591227870139906,0.039462914760187186,-0.04903707590559446,-0.03276207848241364,0.042113925901642896,-0.014207191616428513,0.04220068912070096,-0.03335344456896415,0.04034570092312198,-0.016241865437287274,-0.05182827152811726,-0.012197056993788126,-0.02118420093344149,-0.02494613884849077,0.21251526415820363,0.061235161470241155,0.0351098796320366,-0.031445197064665156,-0.02742454915782992,0.005504054426707665,-0.05857740153572379,-0.049417163840226014,-0.01932509973186319,0.05377869806040798,-0.013641409636416291,0.01711846491941275,-0.014866800495376647,0.030178904545679015,-0.04881243458908071,-0.004740753678188566,0.004318532345841429,0.047622955589106876,-0.025257888406784716,-0.06207885301853144,-0.11210188535962978,-0.14344186978745482,-0.1255082839250291,-0.08918921601532281,1.0,-0.04244080306604405,-0.025999163033008595,-0.020275328288907716,-0.006092255364600979,0.030442434824368873,0.0029310066228494646,-0.024738376514141264,-0.028559995946741253
TotRmsAbvGrd_10,0.08845558524608814,0.057082684844137956,0.1609185910218837,-0.007272716092092194,0.021492552219674412,0.13517212117471938,0.07408050482229918,0.12244002525054097,0.19449126703238587,0.33914194530768077,0.018683928571757717,0.09791208680639706,0.09097503856864468,0.023315813524808483,-0.015992526509454756,0.26492401778298896,-0.02055402570742501,0.05534720319882306,0.008998813862901254,-0.011081785886481975,0.011715781675507245,-0.007513006154160335,0.03946339206885511,-0.01514585681937411,-0.04652831442098486,0.0296675354189617,-0.02899840451465595,-0.02824467429161181,-0.0047747452142341135,-0.01622193014843715,-0.033262561924982295,-0.00955932343992359,-0.007486677275269979,-0.001739682426647296,-0.01728682592025542,-0.006754824717308888,-0.01919792288077255,-0.017227636204069415,0.031083780206323238,-0.03615336821587183,0.02870530196020568,-0.04945479362135735,-0.026468589399403913,-0.029408729315645196,0.016376603087805128,-0.033986964757686235,-0.03485581449535006,-0.014363669263472854,-0.02403626335750769,0.13341618851488585,0.09585448950995282,0.019782981899186623,0.06566169191815982,-0.024451396998005945,0.001984048349834945,-0.029146984905507482,0.03575028155918526,0.043302040846720374,-0.015890589103831496,0.02360438699040769,-0.0289102150310202,-0.013537533157647046,0.013297018044773184,0.028984188636195535,-0.024557827608050652,-0.006754824717308892,-0.010691320615899917,-0.011715781675507285,0.01858187584577797,-0.004774745214234112,-0.00675482471730889,-0.004774745214234112,-0.0047747452142341135,-0.006754824717308891,0.05389045422688411,0.1115149882101321,-0.031770726849202395,-0.038614184673408006,-0.017945589096350245,-0.11153483586163158,0.09159437327939912,0.028984188636195524,0.1405648528758482,-0.029408729315645223,-0.03936836898820277,-0.0632066513707883,-0.01589058910383151,0.07619541775925592,-0.012658844378587284,-0.006754824717308891,-0.06346450047972527,-0.00477474521423411,-0.004774745214234108,0.14354712739814438,-0.01589058910383148,0.05573135214671233,0.048940392956551684,-0.0047747452142341135,-0.00675482471730889,0.05100477764146639,-0.004774745214234111,0.07827852910721637,-0.012390779660754884,-0.004774745214234112,-0.05512666406714863,-0.03672046637197006,0.09816053791323319,0.0357502815591853,-0.012821280482524386,0.02640113516855779,-0.02455782760805067,-0.008275775473908245,-0.012658844378587273,0.06566169191815965,-0.004774745214234111,0.09907682180664895,0.0037411125501742274,0.03190297500251138,-0.053640229324194655,-0.004774745214234113,-0.04676803678667306,-0.010691320615899934,0.034123724450466436,-0.009995471615251758,-0.003881912548241298,0.01893003636090242,0.0225469603811948,-0.05594755095210355,0.06694941764112047,-0.01794558909635017,0.018840968150009383,-0.0732962970390984,0.0027905638090464655,-0.009054339514690644,-0.00477474521423411,0.008659307877591827,-0.06583744469544857,0.05602356439799129,0.006939612697767161,-0.011715781675507303,-0.008275775473908254,-0.028582778122061614,-0.0462946759561969,-0.03952468358988858,0.0170746608541305,-0.006754824717308893,-0.020333109821744973,0.03610467318947623,-0.009688217704102877,-0.015806387376941854,-0.02268444057799028,0.03900618326709546,-0.02445139699800603,-0.0037963000448748615,0.032998978061498895,-0.02773465905525602,-0.017945589096350176,0.011533087186471978,-0.015181308675917887,0.01642698312360526,-0.02570420348331679,0.0499539528302276,-0.0126588443785873,-0.00675482471730889,-0.009559323439923563,-0.03398696475768626,-0.007925327850116324,-0.004774745214234111,0.001891747928862203,-0.0620150630732395,-0.02503436816966303,-0.008275775473908254,-0.0047747452142341135,0.00033246994771132717,-0.030214340042042126,-0.022675636907880835,-0.0594570428961599,-0.010691320615899905,-0.026862261994037004,0.02329765576116628,0.01989973938093968,-0.004774745214234113,-0.02735797093947439,-0.02773465905525608,-0.0214448994296164,-0.021493720635010302,-0.0007188678998581271,-0.07014680605451314,0.013297018044773188,0.11685823682652648,-0.01436366926347285,0.013555019341788462,-0.08204780319593316,-0.008424690034923674,-0.011864654356950945,-0.017945589096350235,-0.00827577547390825,0.021895538814478394,0.02215382498822405,0.035213061527710025,-0.012658844378587298,-0.026842747398448795,-0.02641620685185871,-0.0019353831853269035,-0.00675482471730889,-0.06467797561480208,-0.015181308675917875,0.013804938629975462,-0.01589058910383151,-0.006754824717308891,0.010691320615899974,-0.004774745214234111,0.06467797561480207,-0.006754824717308892,0.03521306152771004,0.12215402490932478,-0.010691320615899925,0.01504055200976172,-0.008275775473908255,-0.06630073428537489,-0.009559323439923596,0.026376252752488814,0.01189014333000563,-0.036058287671911195,0.013536276442532674,0.13854623887432432,0.0033762074845414295,-0.02357796121410057,0.003813142949906486,0.04351718234705848,-0.03434419124855181,-0.08591122360225473,-0.12389772664763418,0.17745903602202995,0.23869290639286336,0.21204526252399558,-0.004774745214234113,0.016387581758926933,-0.018581875845778105,-0.004774745214234113,-0.009810129479437966,-0.006754824717308888,0.04743560261643347,0.09072388958038395,-0.010691320615899922,-0.1555695242516402,0.11095002319439691,0.1550172529658377,-0.061421143050883496,-0.06672481926141204,0.19043930924618865,-0.010691320615899922,0.07068883809186982,-0.01660290909866483,-0.14383451880202294,0.14877506381957492,-0.006754824717308888,-0.035049206685386095,-0.006166151863282527,-0.020218601306223476,0.016037318963174008,-0.03223839314953988,0.03667321352848891,-0.01300441086923208,0.018560681048728708,0.0021884291226945984,0.059292929737590636,-0.017721465873015388,-0.04061989799029227,-0.00955932343992358,-0.0166029090986648,-0.0212865422879337,0.11899105925933726,0.040434054304875705,0.09261976623862106,-0.0370952103414637,-0.021493720635010243,0.1115149882101321,-0.04590946224449411,-0.01963325035527952,-0.015145856819374108,0.05564264847519174,-0.010691320615899922,-0.024072539158763753,0.043374873638613066,0.020106503179487707,-0.0319583666711153,-0.017863562819638985,0.01222582984853712,0.009293917344845635,-0.019795621584200142,-0.04865369040136882,-0.08785874993645629,-0.1124211544493093,-0.09836588293718306,-0.06990117072322441,-0.04244080306604405,1.0,-0.020376588280796797,-0.01589058910383152,-0.004774745214234113,0.05023574840295793,-0.026628409405866412,-0.026502966026695465,-0.019516313478800007
TotRmsAbvGrd_11,0.06282112766406162,0.0291294479034295,0.11768318397892917,0.003942914791409448,0.05997460684460919,0.12085895248208711,0.04106941751476505,0.07844127828944744,0.13457347258214372,0.2757595598117892,0.04626955085716283,0.12267979232401838,0.07735952700456701,0.13064810835455068,-0.0097969942600283,0.19288101726818,0.005977716758039895,-0.011760614569324115,-0.0028934035611383473,0.005439474124935234,0.00717706772340409,-0.018991285076948347,-0.018991285076948354,-0.009278325862701836,-0.04385203465124014,-0.021039192545871728,-0.017764372778254014,-0.0033424398018983186,-0.002925000713883078,-0.029308406029387633,-0.02037658828079676,-0.00585602511368783,0.00041686539259738514,0.03607242871230966,-0.010589879855113966,-0.004137994015132553,-0.011760614569324108,-0.022724462115164212,-0.015622881154811788,-0.01736287045866429,0.04635585607425954,-0.005722562967978971,-0.026722084237762185,-0.018015737046286465,-0.012126763768029125,-0.020820356211383208,-0.030496931444408123,-0.008799159109975196,0.03132759081320957,-0.018991285076948396,0.08471784058898195,0.03732382164365747,-0.014746796125258095,-0.02581593548551637,0.008592491592525002,-0.0015889901220397587,0.08094352539863887,-0.01826398839253543,-0.009734547580500663,-0.027077838815284336,-0.009644405222674705,-0.008293069551080752,0.15147419075763155,-0.009734547580500678,-0.015044082995429099,-0.004137994015132554,-0.006549484638601038,-0.007177067723403955,-0.05017051112937841,-0.002925000713883076,0.16368065215413174,-0.002925000713883078,-0.002925000713883078,-0.004137994015132553,0.026600554726947424,-0.021471083791061395,-0.019462692676766757,-0.032514982012107674,-0.01099343704484901,-0.09870114172048572,0.07578944117515457,0.06204544973026185,0.10131522615990415,-0.01801573704628646,0.005977716758039893,-0.12117541157900547,-0.009734547580500675,0.1168875913861126,0.08210226146053888,-0.004137994015132556,-0.03188831267407194,-0.0029250007138830764,-0.0029250007138830773,-0.0029250007138830773,-0.009734547580500663,0.09969771060981589,-0.007177067723403973,-0.002925000713883078,-0.004137994015132553,-0.021039192545871725,-0.0029250007138830777,0.06973421545299863,-0.030025728749950402,-0.002925000713883078,-0.029709746278208122,-0.007861877188382127,-0.004137994015132554,0.03309836463669038,0.00845250047357291,-0.009623320639891035,0.03188831267407186,-0.005069725835203668,-0.007754786314863501,-0.014746796125258109,-0.0029250007138830777,0.07067330707654194,-0.027617242574465177,-0.00927832586270183,-0.028752551151114056,-0.002925000713883076,-0.015724968859832288,-0.006549484638601045,0.03188831267407188,-0.0027899183728428436,-0.007789698741479034,0.02072054823480618,-0.006557320927395818,-0.06012336734235795,0.11899529926114141,-0.010993437044848993,-0.013374328149163164,-0.05333800648164385,-0.015622881154811773,0.04551793416645803,-0.002925000713883077,-0.034250941139205335,-0.04779226049379932,0.050271014114043784,-0.014443818526181625,0.08984625520409387,-0.0050697258352036595,-0.017509760764313854,-0.03290400159600095,-0.042999947496227334,0.06616714066657943,-0.0041379940151325565,-0.037763708099896424,0.028978910270563655,0.013753900773152708,-0.02948049104183438,-0.037524728831005966,0.052818518553369755,-0.02581593548551637,-0.013799606787026474,0.016534281809537265,-0.016990204481296112,-0.01099343704484901,-0.020151521092881684,-0.02189564998136053,0.020463658955811637,0.016724937665097417,-0.012482662968099877,-0.007754786314863498,-0.004137994015132555,-0.00585602511368783,0.013644179013808926,-0.016238539797073407,-0.0029250007138830773,-0.031044194748420764,-0.02085635254157033,-0.015336010924641966,-0.005069725835203658,-0.002925000713883076,0.012003629141263248,-0.018509252793011167,-0.028170374040605697,-0.050422356398964426,-0.006549484638601036,0.026600554726947424,0.023904394542550462,-0.011383225214228788,-0.002925000713883077,-0.018850795659224755,-0.01699020448129612,0.01133806473312822,-0.013167016328743087,0.0021340002202007826,-0.08759009459783372,-0.012829166230586898,0.2325092661468881,-0.008799159109975188,-0.02490888538561429,-0.04385314222837368,-0.05543654086874969,0.014209847265877892,-0.010993437044848996,-0.005069725835203665,-0.004761228737691956,-0.0175097607643139,-0.008799159109975198,0.08210226146053884,-0.011501292554144544,-0.016182522926967095,-0.011763909839128783,-0.004137994015132555,0.0058560251136876625,0.010992877768419687,0.011772924149036431,-0.009734547580500663,-0.004137994015132554,0.006549484638601007,-0.0029250007138830777,-0.0058560251136878325,-0.004137994015132554,-0.008799159109975196,-0.0065494846386010466,-0.006549484638601039,0.14570172398869832,-0.005069725835203658,-0.10300200247038753,-0.005856025113687828,-0.010170913585369234,-0.013167016328743085,-0.07715442251691329,0.1432838263317889,0.11553106014847378,-0.027780712812848902,-0.014443818526181651,-0.03282335596265988,-0.007754786314863501,-0.021039192545871763,-0.03482448530580158,-0.08625383526910574,0.14724565228321154,0.09076462530590028,-0.007754786314863492,-0.002925000713883076,-0.0031552632226958593,-0.011383225214228758,-0.002925000713883077,0.00037361695468166386,-0.004137994015132553,0.012318119745568788,0.10558377187474047,-0.0065494846386010405,-0.10008472293274613,0.006607074156488316,0.31709327757516687,-0.05069358060510717,-0.03954378645787945,0.14631747588188232,-0.00654948463860104,0.05673412128923019,-0.010170913585369241,-0.06367134701760933,0.03607242871230964,0.1636806521541318,-0.021471083791061402,-0.007340013631185546,0.005498098626358364,-0.009221234244667715,-0.018353515960419182,0.03578534801578372,-0.01130709287807695,0.006820720283220192,-0.0025232235588221875,0.02815026876805044,0.008592491592524964,-0.024883679712430634,-0.0058560251136878325,-0.010170913585369238,-0.016140550888620375,0.11249140206415474,0.03940572273358704,0.04785916762238829,0.00905495808420341,-0.013167016328743076,-0.021471083791061395,-0.02812405768559386,-0.02372606380727518,-0.009278325862701838,0.027570224245943856,-0.0065494846386010466,-0.014746796125258112,0.009525868531293684,0.010986190737916207,-0.03460459022525016,0.008443673167496791,-0.025446328974679203,0.08808048237484367,-0.012126763768029134,-0.029805167139138673,-0.05382211924500158,-0.06886900604444815,-0.06025877086703401,-0.04282133707515343,-0.025999163033008595,-0.020376588280796797,1.0,-0.009734547580500678,-0.002925000713883076,-0.015690480357474904,0.03442684444981057,-0.01717496770432563,0.03520973926789131
TotRmsAbvGrd_12,0.14923233595688207,0.10977441066632009,0.051033417433825036,-0.011528898405826323,0.0024857039905130194,0.07026516816557417,0.013885678257796736,0.11734826118555702,0.13289856415088483,0.26238163416984867,0.022814811000932713,0.1011066823168905,0.018921447550808875,0.05306626012231404,0.15685992950071811,0.10976812076170046,-0.01880752831638319,-0.009171461441647958,0.025753150878963665,-0.014278522108992837,0.005597003413494384,-0.014810266741067642,0.0810788216933392,0.08880128127359688,-0.032371256450127533,0.02714665342993419,-0.013853464800707323,-0.04912290253900172,-0.002281048418519265,0.009416505996795848,-0.01589058910383149,-0.004566794380933166,-0.016345876180837653,0.019596655378609114,-0.008258469333413766,-0.003226995692431686,-0.009171461441647943,-0.01772156776696377,0.04556920155473531,-0.029483031167092374,-0.016576458143047555,0.007732189893815578,-0.020839095081507258,-0.014049490074597454,-0.009457001218333833,-0.016236659493301567,0.006686590667046479,-0.006861983956736443,0.016354421013568626,-0.014810266741067632,0.014878991187974937,0.004405611315514351,0.04955549974498233,0.015977341123500185,0.022343193435791327,-0.021798068303910456,0.04955549974498225,-0.014243087750683045,-0.007591442374051077,0.1172903483058645,-0.12654458403472427,-0.0064673123306865695,-0.010004766563749575,-0.007591442374051077,0.04815887264632912,-0.003226995692431689,-0.005107585617360077,-0.00559700341349411,-0.06967222499503987,-0.002281048418519267,-0.003226995692431687,0.30047628713040153,-0.002281048418519265,-0.003226995692431689,-0.012832961234597944,0.15420989155440168,-0.015177891800077009,-0.02535665989579837,-0.00857318156068198,-0.08665276601305123,0.20812986955118584,-0.007591442374051069,0.06275900509333403,-0.014049490074597427,-0.018807528316383177,-0.03060367452100799,-0.007591442374051083,0.016868154079757558,-0.0060475346127321665,0.21092817298712568,-0.10804980455743714,-0.0022810484185192665,-0.002281048418519265,-0.0022810484185192643,-0.007591442374051068,-0.005107585617360071,0.11821549633955718,-0.002281048418519265,-0.003226995692431688,-0.01640731800710306,-0.002281048418519264,0.021393049356591986,-0.03689591751717304,-0.0022810484185192647,0.029723733105723307,0.06616557999856255,-0.0032269956924316843,0.04955549974498228,-0.047743686092330415,0.010192127187360688,-0.011732059264778669,-0.0039536024876265655,-0.0060475346127321795,-0.011500221459806026,-0.002281048418519264,-0.018037392558695253,-0.03541373939718086,-0.0072356599556264115,0.03107727979689256,-0.002281048418519267,0.07832643632878368,-0.005107585617360074,0.04815887264632911,-0.04660268978368612,-0.011226750991250483,0.035505496258879755,0.011137513579943765,-0.025353456285164968,0.02900441821583193,-0.008573181560681951,-0.0449449577248934,0.002839776756013688,-0.012183432360120199,-0.002640269202898609,-0.0022810484185192665,0.008257427964180863,0.0035682264827497138,-0.029891440796781302,0.05102908763662428,-0.005597003413494105,-0.003953602487626562,-0.013654906787036588,-0.02655066957446988,0.013196404318674332,-0.018807528316383187,-0.0032269956924316926,0.025114597081538955,0.054606068988237735,0.0041654481168536175,-0.007912128427546922,-0.0030198194027712525,-0.002616398900295255,0.01597734112350021,0.02747057402553594,-0.008805059187891923,0.04004120473280144,-0.008573181560681951,0.029628810670117932,0.024894179484864,-0.04364848511029541,0.013042866085375112,-0.009734547580500661,-0.006047534612732176,-0.0032269956924316856,-0.004566794380933167,-0.016236659493301556,-0.03874082084137799,-0.002281048418519268,0.03089176544955307,0.02298569431731346,-0.011959717924173871,-0.003953602487626554,-0.002281048418519268,-0.0016481348817243338,-0.014434356070779107,-0.05518451303122117,-0.008517780584855054,-0.00510758561736008,-0.012832961234597942,-0.013453703294655667,0.06967222499504012,-0.0022810484185192665,-0.03909051557428997,-0.013249733197818532,-0.019005398075389573,-0.010268237416402008,0.03168718219722564,-0.06923015731184193,0.05988499029306569,0.07777859530001696,-0.006861983956736445,0.01945785828634828,-0.003135565329769493,-0.0026740654550196814,-0.016064433687895285,-0.008573181560681951,-0.003953602487626559,-0.018330545287992692,-0.013654906787036588,-0.006861983956736442,-0.006047534612732178,0.016910367112126328,-0.012619866434564435,-0.0027653778387151736,0.21092817298712568,-0.1469677464409402,-0.017075222418024467,-0.0018682140163782117,-0.007591442374051073,-0.0032269956924316874,-0.26605877806793843,0.3004762871304016,-0.004566794380933168,-0.003226995692431689,-0.006861983956736448,-0.005107585617360083,-0.0051075856173600775,0.030936308613281668,-0.003953602487626559,-0.012766175900938037,-0.004566794380933157,0.07979811559603393,-0.010268237416402017,-0.021178842631636146,0.02995727520310656,0.09986762814192914,-0.012851859513931042,-0.011263945765943844,0.09155592852953241,0.22328754420776062,-0.016407318007103083,-0.04966070331397956,-0.06461071847874063,0.05374549517464902,0.18904833430917745,0.2232875442077606,-0.002281048418519267,-0.00694675852839597,0.06967222499504008,-0.002281048418519267,0.013826521125966168,-0.003226995692431685,-0.014300182255717652,0.0627360907724448,0.13047559622528904,-0.0780506130751002,0.01925304939282182,0.1999140185246615,-0.05067140630643033,-0.0033262193417434587,0.03932883254098118,0.13047559622528912,0.03237125645012753,0.16752797159769792,-0.1310942929865986,0.1348092064635858,-0.003226995692431687,-0.016744126417827965,0.0061468771045296725,-0.028487170073348327,-0.035114170523900166,0.022890774399209824,-0.01647409217992941,0.059559255745975585,-0.01850266226206322,-0.02219925632195057,-0.020839095081507282,-0.017880064784005632,-0.019405423727103025,-0.004566794380933163,-0.007931740405629882,-0.002256222672912166,0.034294795639065054,-0.018037392558695263,0.1429914215675116,-0.017721567766963726,-0.010268237416401996,0.15420989155440168,-0.02193241765773912,-0.0185026622620632,-0.007235659955626415,-0.012619866434564425,-0.005107585617360082,0.04955549974498235,-0.017561869359388544,0.02896872728890213,-0.018835170773566917,-0.03521415061774821,-0.019844203178930656,0.05424078541393981,-0.009457001218333845,-0.023243423170375484,-0.041972933340649415,-0.05370717913915777,-0.046992526646493456,-0.03339402371785669,-0.020275328288907716,-0.01589058910383152,-0.009734547580500678,1.0,-0.002281048418519267,-0.009076478620032894,-0.025172981364022306,0.027293552436597222,0.01661965320284502
TotRmsAbvGrd_14,-0.009684441033505586,0.000994882331148577,-0.0018806812153169335,-0.04965728775840756,0.01285550548520343,-0.014942331805524236,0.03655489342071353,0.022838089133725127,0.018790472263347843,0.09367319771603004,0.02647937084188286,-0.05793573266068849,-0.01969208639692011,0.02503640232913117,-0.0022956812402709064,0.0062895469956486365,-0.005651216278606723,0.2487115530095275,-0.05052784500860815,-0.010968312182333462,0.0016817668047428896,0.15401805101822422,-0.004450133961766877,-0.002174144238404753,0.01991032635418298,-0.004930009996542096,-0.004162637667208243,-0.07765699223413057,-0.0006854009595613451,-0.006867693918983002,-0.0047747452142341,-0.00137221341967078,0.016304014980018187,-0.005651216278606704,-0.002481474202684444,-0.0009696356842476734,-0.002755806681546014,-0.005324910884747067,-0.003660832520073308,-0.008858951738437827,-0.004980832596595438,-0.0070990935604139304,-0.0062616539172487135,-0.004221538613690465,-0.002841604613472633,-0.004878731159947839,-0.011174552347320127,-0.0020618634616685495,-0.006006141416396618,-0.004450133961766882,-0.00617741284186321,-0.007582768162061827,0.19834821672710118,-0.006049320559056108,-0.005372535479949056,-0.0065498026305739025,-0.0034555438454198758,-0.004279710124597743,-0.002281048418519265,0.10802194125744004,-0.06571168880219455,-0.0019432739968373667,-0.003006195110681859,-0.0022810484185192647,-0.0035252056082745176,-0.0009696356842476733,-0.001534708362504996,-0.0016817668047428916,0.002667374899330342,-0.0006854009595613436,-0.000969635684247673,-0.0006854009595613452,-0.0006854009595613451,-0.0009696356842476731,0.17774918639740855,-0.005031212937271013,-0.004560596574554108,-0.007619075019517848,-0.00257603776424854,-0.026037101401181102,0.35270423042598065,-0.002281048418519263,-0.017334820079736787,-0.004221538613690469,-0.005651216278606719,-0.04951306767948116,-0.0022810484185192673,0.053042426827906046,-0.001817140746726353,-0.0009696356842476753,0.0035252056082744534,-0.0006854009595613434,-0.0006854009595613432,-0.0006854009595613451,-0.0022810484185192656,-0.0015347083625049946,-0.0016817668047428929,-0.0006854009595613451,-0.0009696356842476741,-0.004930009996542105,-0.0006854009595613451,-0.005466739938600007,-0.0110863483058297,-0.0006854009595613453,-0.011027392985252953,-0.007399389449496116,-0.0009696356842476752,-0.0034555438454198745,0.03546374894034499,-0.010611021536400802,-0.003525205608274521,-0.0011879637962715496,-0.0018171407467263575,-0.003455543845419885,-0.0006854009595613451,-0.005419808745550284,-0.010640988927468533,-0.0021741442384047524,-0.010849762198506798,-0.0006854009595613438,-0.008593277194535117,-0.0015347083625049968,-0.0035252056082745093,0.03605670460683362,-0.01033960128523322,-0.004279710124597732,-0.01733482007973677,0.021498233451590167,-0.008115685828958833,0.26606790050738405,-0.01855022290488502,-0.03347970098299554,-0.0036608325200732984,-0.00872672115822903,-0.0006854009595613439,0.009755248629354823,0.029882556462816578,-0.023354965043271503,-0.0033845486021890064,-0.0016817668047428935,-0.0011879637962715498,-0.004102975692480469,-0.02242903278982548,0.027808705736221028,-0.005651216278606713,-0.0009696356842476741,-0.09082560278046448,-0.008322484427420757,-0.0076190750195178555,0.018010341519502395,-0.00879298422936345,-0.01658160767671729,0.11330213911961846,-0.008288247534334287,-0.017953791199750976,-0.003981230636748928,-0.0025760377642485327,-0.004722006332554308,-0.005130699434093797,0.009376899469075823,0.003919071974872476,-0.00292500071388307,-0.0018171407467263588,-0.0009696356842476752,-0.001372213419670781,-0.004878731159947837,-0.011640698006801335,-0.000685400959561344,-0.016859876533275718,0.006906656085580716,-0.003593611636982667,-0.0011879637962715457,-0.0006854009595613442,-0.08555747920617539,0.15802910828402073,-0.021437070970360426,-0.026360097987301198,-0.0015347083625049966,-0.0038560005446603607,-0.004042518814132185,-0.0026673748993304206,-0.000685400959561344,0.007099093560413905,-0.003981230636748928,0.015805664849522883,-0.003085361854253944,-0.013676117199022987,0.019153184260460903,-0.0030061951106818566,-0.006630352749378725,-0.0020618634616685464,-0.015722730689834107,-0.0166928273953155,0.02780870573622111,-0.004826981389391317,-0.002576037764248531,-0.0011879637962715478,0.0057863832212505075,-0.004102975692480477,-0.0020618634616685516,-0.0018171407467263566,0.005081164323863779,-0.003791970610339498,-0.08748510758086193,-0.0009696356842476745,0.0013722134196707866,-0.005130699434093788,0.007975904909222762,-0.002281048418519265,-0.0009696356842476739,0.0015347083625051974,-0.0006854009595613451,-0.0013722134196707816,-0.0009696356842476738,-0.002061863461668547,-0.0015347083625049946,-0.0015347083625049955,-0.007905406612684218,-0.0011879637962715506,0.010217924776423633,-0.0013722134196707785,-0.0023832999075658516,-0.0030853618542539454,-0.05598222010393323,-0.00801099992567186,0.030007854108606465,-0.01067091983021945,-0.0033845486021890116,-0.0076913347631168884,-0.0018171407467263581,-0.0049300099965421005,-0.014921863748069008,-0.028983341816930158,-0.010820041563130883,-0.0031626534358412547,-0.0018171407467263573,1.0,-0.021498233451590187,-0.0026673748993304154,-0.000685400959561344,-0.006303442627650209,-0.0009696356842476735,-0.023452358425057687,-0.007655263288873444,-0.0015347083625049944,-0.02345235842505767,0.02485105275311456,-0.003981230636748935,-0.0152255560306322,-0.029799391922127133,-0.00984864241270944,-0.0015347083625049968,-0.01991032635418299,-0.002383299907565853,-0.11845066829383333,0.12128379551779012,-0.000969635684247673,-0.00503121293727101,0.09356830313400953,-0.008559719094491984,-0.010550975584685325,-0.011986129886989721,-0.011437603779197537,-0.007905406612684223,-0.0055596112585325486,-0.006670350116675795,-0.0062616539172487065,-0.005372535479949053,-0.005830869671712118,-0.00137221341967078,-0.0023832999075658473,-0.00866015480747239,-0.013285926280496404,-0.005419808745550282,-0.002755806681546016,-0.0053249108847470495,-0.0030853618542539406,-0.005031212937271013,-0.006590171425590697,-0.005559611258532545,-0.002174144238404755,0.1807505990928495,-0.0015347083625049944,-0.003455543845419877,-0.005276925300178229,-0.02967518967615715,-0.011957466072516333,0.06477647134756098,-0.005962712492266398,-0.0032382043469266287,-0.002841604613472639,-0.006984097494435161,-0.012611871170170184,-0.016137733779981466,-0.014120139929614806,-0.010034112259086153,-0.006092255364600979,-0.004774745214234113,-0.002925000713883076,-0.002281048418519267,1.0,0.04854066340545399,-0.013425492577827748,-0.014369255787343865,-0.009661394471344308
YrSold_2007,0.021941121396119603,0.01874919485060913,0.013429188759339942,0.018074779443027055,0.0301180437118439,0.04059103873770956,0.0844358110174797,0.042459575443029744,0.0448075286606613,0.0424564612218428,0.014635916746263673,0.019938737369353345,-0.04920095355027497,0.01902788359444717,0.054612937692892896,0.03492133784614948,0.0028037171326088604,0.037704968697922635,0.010558401049826565,-0.018972407976879702,-0.01660366859978299,0.007550951510862177,-0.03214081880726124,0.034715780029967516,-0.011710058300193152,0.03364904107977963,0.009383600399205346,-0.05103441479823666,-0.014120139929614839,-0.034613682765223294,0.003797738609163722,-0.028269358583109094,0.0034331035940570586,0.018700521068954267,0.0012311246629387155,-0.019975740260252114,-0.009534093915607434,-0.02576645058589738,-0.0037004850902357077,-0.02052496637592438,0.06703171666535897,-0.03591804209954455,0.008680608567015085,0.03820125410788899,0.002585294817432913,-0.0003803111310802641,0.010433704562485721,-0.0005881656324767348,-0.033472176640506265,0.017473894090393013,0.004757340920328481,-0.008979501991855578,-0.045915591342772864,0.0024263397614059674,-0.010782443818346586,0.03217173579185712,-0.008006017340634271,0.025091989423420346,0.04779759341965807,0.03399711034755409,-0.0044412926036571125,-0.01782666316516078,-0.01853684187052805,0.009881545393197463,-0.010646504338443432,-0.01997574026025211,-0.0035557070934918123,-0.03464655583083628,0.0061799388615242975,-0.014120139929614826,0.024347330833924277,0.04854066340545397,0.048540663405453995,-0.019975740260252103,-0.02257989939580241,0.01134158086796107,-0.03577655929047837,-0.0042101132050842436,0.06468372060327503,0.011152214743548489,-0.017826663165160767,0.028839569406427713,-0.004549216001703068,0.00690866144049532,-0.0051446848355638395,-0.016328067566127386,0.02883956940642774,-0.0018502543412452072,0.05749419282953452,0.024347330833924298,-0.0017489472836677105,-0.014120139929614823,-0.014120139929614816,0.04854066340545395,0.009881545393197438,-0.003555707093491805,-0.009021443615526786,-0.014120139929614839,-0.019975740260252114,-0.03846486714257381,-0.014120139929614835,0.018468212206306688,-0.018380762382081445,-0.014120139929614839,0.04777087740344419,-0.0021107443128084605,-0.019975740260252124,-0.020642542008013826,-0.010468849059363796,0.016856126254084506,0.014144398905778961,0.04793052647303447,-0.0137030264504658,-0.008006017340634292,-0.014120139929614835,0.02047574329099025,-0.03123317048033774,0.03471578002996752,0.049950976939215574,-0.014120139929614828,-0.02212243674001027,-0.003555707093491802,0.001748947283667752,-0.001974389404086556,0.012511772441028956,-0.03668592720085229,0.02394131638429801,-0.031749557443130065,0.0009052082393567175,-0.0026039403021624876,0.017490283649682442,-0.014054861002267292,-0.015653379408253804,0.016939913472979698,-0.014120139929614821,-0.004454422705030798,-0.019405023187373093,0.033672251242152985,-0.01815561723096682,-0.034646555830836326,-0.024473579735584537,-0.009506027419023583,0.005767825105257938,-0.018344628342421697,0.01870052106895426,0.02434733083392435,-0.010851449543206802,0.03295604195058232,-0.022540427159626376,-0.04323276700740813,-0.01276792293012955,-0.04784649474956493,0.032320483657209916,0.022956639537420765,0.016747874096564242,-0.026871113123306162,-0.0026039403021624707,0.00595220821164871,0.01590899008730777,0.002101048179281904,0.0023620134820751286,0.028877810152084158,-0.01370302645046582,-0.019975740260252128,-0.028269358583109083,-0.027687897264385253,-0.010189699707441446,0.048540663405453974,-0.0016082612985547015,0.029294842773133437,0.035478840781320464,-0.024473579735584474,0.04854066340545399,-0.016593982322234822,0.002151790003079077,0.013208115630016577,-0.005333615321612936,-0.0035557070934917963,0.00016356601838973304,-0.028931724675618352,-0.054951348255176766,0.048540663405453974,0.029427900829082285,-0.004812172915250514,-0.007841606327940145,0.006955158013233289,0.013852392808622332,-0.021675155297682762,-0.0040719625915484,0.008058240468318711,-0.000588165632476726,0.014086072799606856,-0.007574488793787285,0.007932690646968209,-0.00750600824139223,-0.019425855528521833,0.047930526473034446,0.010294465361577203,0.0012111926827327317,0.04130070380245112,0.010029379976200948,-0.01802773216653887,0.02588152456691299,-0.005723421914277549,-0.019975740260252124,-0.003093303674747326,0.007222705297678255,-0.0003383264587094271,0.02883956940642769,-0.019975740260252124,-0.024505548887578624,-0.014120139929614835,0.06581862819046069,-0.019975740260252114,-0.04247703506740455,-0.03161696307456233,-0.0316169630745623,0.07409878978681761,0.04793052647303436,-0.03150391419087395,0.0030933036747475234,0.005372539181162934,0.03516218773356832,-0.02119093963562173,0.06932552469567242,-0.010560184698568816,0.014674489839571975,-0.031048224797703933,0.01127643667012723,-0.013703026450465823,-0.04747910567036801,-0.02161591700276655,0.029083155184401285,0.009297721544778774,0.003687291409760457,0.01002937997620092,0.04854066340545399,-0.08523936564195403,-0.03869421179062609,-0.01412013992961483,0.03581977327140445,0.024347330833924246,0.03142669356102161,0.006606781633044732,-0.031616963074562285,-0.008156029026260834,0.0030762610641162456,0.028276237396832916,-0.0005710017823498681,-0.03201143340578165,0.050804590959014205,0.024505548887578634,0.0151123836968662,0.023529731784167236,-0.005264457441634625,0.010752119100781547,-0.0199757402602521,-0.032885737687656465,-0.005599416337204698,-0.04869159713756751,-0.014042683856850976,0.008611997374644138,-0.007731271611705452,0.07409878978681732,-0.025789330726558143,-0.027787666562542883,0.04491185072779846,0.03916689930630495,0.018938445852843478,0.003093303674747518,0.07800130959318026,-0.02446287939014405,0.006591497705762891,0.003959397873948373,-0.02528044812011746,-0.0005863850869615567,0.0069551580132332655,0.01134158086796107,-0.011113430610803596,-0.01772153067068181,-0.024913677433270862,-0.020341137044943853,-0.003555707093491779,-0.02064254200801383,-0.03253864977173941,0.013197503393512286,0.005265028526465305,0.027391238033050855,-0.01684324585174382,-0.03979812421074749,-0.027977704643717214,-0.04514411771233883,0.016900194143056473,-0.035186889515272275,0.019078256055512114,-0.0006820744498301231,0.030442434824368873,0.05023574840295793,-0.015690480357474904,-0.009076478620032894,0.04854066340545399,1.0,-0.27658238754765946,-0.29602512160411476,-0.19903713286000885
YrSold_2008,-0.009525993766825147,0.0036418214814271004,0.0046465852897677636,-0.04008242930696564,-0.001731892500090173,0.008462852971046271,-0.06176385801692508,-0.024011673839862684,-0.03894250446892101,-0.021573184713464578,-0.0007985582443724011,-0.02107271823716582,-8.527908373949179e-05,0.015339236716213922,-0.021124286015427624,-0.02299044061343595,0.0038093372343099862,-0.005371382313919926,-0.03163476029390198,0.03601066301457212,-0.019794157284452805,0.025149007368617086,-0.0054829871459943684,-0.0016810535034069514,0.0013907995046632585,0.04256616609716078,-0.02714916109014469,-0.011007408071966976,-0.013425492577827765,-0.024554584939975258,-0.017071507308382382,0.03766545329483342,0.08252802913329557,0.020167079475758697,-0.012692817821874732,0.02661522402746714,0.010831547806582239,0.016610908693390304,0.026688178852178095,0.026485748658079872,-0.014876171578014368,0.03458092710991179,-0.04808840316801778,-0.00755742931230831,-0.024211571093835264,-0.0018989540469874545,0.01472032453845095,-0.018835623661912805,-0.0015479876160990644,-0.025904316822402056,-0.03043656517127284,0.009287429895301904,0.036336952348768874,-0.01851977399761293,-0.01100707819473683,0.014996677392982393,-0.015674763758292402,-0.00966600286399293,0.013842467459196945,0.03046553995478527,-0.016465696297945403,-0.015213258837857723,0.0006524623774288765,-0.00566525695241264,-0.01803153646412075,0.02661522402746717,-0.0011866401611835826,0.019794157284452912,-0.06485167076979373,0.05105220203937124,0.02661522402746715,-0.013425492577827769,-0.013425492577827765,0.07222347177406567,0.01808116565715031,-0.03483675461026025,-0.009512712546604867,0.026802723090820147,0.0014701370137810167,-0.01743289966457748,0.030489123679163378,0.01384246745919697,-0.0024095863681608994,-0.029024057320032354,0.011988208355034335,0.018051348430675834,0.013842467459196971,-0.019341798292953162,-0.035593778018134854,-0.01899302371913149,-0.020233061264972794,0.051052202039371275,-0.01342549257782774,-0.013425492577827769,0.013842467459196942,-0.001186640161183593,-0.006573971944836541,-0.013425492577827765,-0.018993023719131474,0.014739329156031803,-0.013425492577827765,0.002517659569196335,0.022433904151418372,-0.013425492577827767,0.05277328884410922,-0.009588350220378157,0.026615224027467178,0.04933988137553416,-0.03259527613538115,-0.05763040742494042,0.007478195355274874,-0.023269589730045174,-0.03559377801813488,0.010331094295238251,-0.013425492577827765,0.004307014837108115,0.03819690870329293,-0.02213387112819139,0.04979862177625253,-0.013425492577827748,0.002464333563923459,-0.030061550749983887,0.0074781953552748885,-0.031728549487012245,-0.049469150713665526,0.03271346915231246,0.0012549929000837876,0.008367781719789292,-0.009853817110256954,-0.03314921847202963,-0.030792547500240047,0.029039071473020657,-0.022509726607645122,-0.0022491738614761076,-0.013425492577827745,0.005480522869330415,-0.003440614347550012,-0.002437519847740536,-0.0662958396893213,-0.006573971944836554,-0.023269589730045157,-0.025228376498824298,0.00792277658724018,0.020825776329472964,-0.02890614724858753,-0.018993023719131474,0.04006248825736035,0.02978972502024899,0.00794090960467106,0.009590578643436959,0.012204073896474552,0.025989494251469014,-0.026210010071707066,-0.0040635304805179155,-0.03341171620481619,-0.009887863125080634,0.036089492499591626,0.03304479791435364,-0.002179439154333615,-0.028884494276767224,0.007638719375264744,-0.02672059216420828,-0.011173234829000988,0.0722234717740657,-0.026878633337158078,-0.0018989540469874385,0.003722246212738963,-0.013425492577827748,-0.02637677508154816,-0.015177532552994675,-0.007786910128828689,0.051233921247731094,-0.01342549257782775,0.012223071799549267,-0.01172298604521275,0.003384809308994849,0.00998286883934568,0.02768827042761673,-0.005321761523203823,-0.03444382487362206,0.014666102223557555,-0.013425492577827753,0.025524017628744417,0.0014614137323232359,0.05415877727340809,-0.0023856091342759197,-0.05825495661632942,-0.0035980653126181784,0.015536760362525541,-0.01646727518162462,-0.018835623661912843,0.016889753310819343,0.004210555845810584,-0.0062134708390734796,5.18365764854151e-05,0.053399170242496935,-0.02326958973004518,-0.022743063549370154,-0.003172430577696497,0.002716108741216264,-0.035593778018134854,0.009340090811658203,0.008958768828313682,-0.03693480282110166,-0.018993023719131485,0.026878633337158044,-0.02005573783594679,-0.0010941431515616527,-0.005665256952412659,-0.01899302371913148,0.03006155074998391,-0.013425492577827767,0.005393409978837625,0.02661522402746717,0.06737130595060357,-0.030061550749983977,-0.0011866401611835772,-0.06950857519259128,-0.023269589730045167,0.02084974149603417,0.00539340997883765,-0.009316242111738395,-0.06043543140165654,0.06397691497153837,-0.06045465241398718,0.0157106598099643,0.008158223794240067,0.0398356580589343,0.01151795957783252,0.013247308360132866,0.014739329156031787,0.001794024803129457,-0.025122972657731925,0.03177540029568159,-0.03361414972332215,0.013247308360132916,-0.013425492577827748,0.029466276393897612,0.04812314792104828,-0.013425492577827753,0.024775337335759224,-0.018993023719131474,-0.031710235962343944,0.0003431343656750748,-0.0011866401611835675,0.025991234461803812,-0.01997386294681635,-0.009887863125080625,0.008411921430378631,-0.0019480423984912852,-0.03935114644587333,-0.0011866401611836008,-0.0013907995046632724,0.009367430255209443,0.017282096506175196,-0.012548405007138812,-0.018993023719131457,-0.007530923330206594,-0.02646676291772727,-0.019182393626838882,-0.021781432131342433,-0.007484983742110006,0.001272367280405607,0.021928101688580573,0.03222891276577653,0.024454808000839604,0.00410610409378571,0.014691750426237181,-0.0029185085535862135,0.00539340997883766,-0.00931624211173835,0.017065633352199128,0.007283660491299634,0.02130226257272398,0.027034477927084424,0.01661090869339032,-0.03141052026796626,-0.03483675461026025,0.04193567758130146,-0.017581474642163225,-0.0016810535034069538,0.02084949836407528,-0.030061550749983977,-0.028677692785057714,-0.04239996000541279,-0.037226118407162945,0.02914302221107582,0.03066312537655068,0.015645421787175054,0.06119104449858672,0.022962219560523463,0.03930397213260136,0.02044866044960753,-0.029094020361251215,-0.014147691316327626,0.005365880579370794,0.0029310066228494646,-0.026628409405866412,0.03442684444981057,-0.025172981364022306,-0.013425492577827748,-0.27658238754765946,1.0,-0.2814620175690428,-0.18924540147932245
YrSold_2009,-0.018621760084863,-0.012243635808454369,-0.008889602254832447,0.008900060723986171,0.026623752467901315,-0.0029623161919254204,-0.0036440940778808286,-0.00860199619865221,-0.0037641847691926725,-0.012722849389618016,-0.006425320733816315,0.014942305479180398,0.012860985949987105,-0.01971595788830488,-0.025274484652690995,-0.010291517451967942,-0.00037748480912665303,0.004615145317757141,0.014055500666422993,-0.015803376020345924,0.03525781085494958,0.004995350897757953,0.004995350897757982,-0.0062032466826276375,0.006255568079561941,-0.02299526971433298,0.017442251607314087,0.008016881931920381,0.04769912719940786,0.021425620725543652,0.028695793458290746,-0.028768103322607784,-0.0236855465712758,-0.03187050317054867,0.01712015028272297,0.023575858934605894,0.004615145317757146,0.029702622831527373,-0.029388869861121963,0.022858542402583476,-0.024824275983361184,0.02474640308929733,0.012280817300832523,-0.036842243882201385,0.016111597716346966,0.014932756076173845,-0.03188312143872479,0.03975923051332609,0.030547964223859136,-0.01466290330905238,0.03032433031481399,-0.01312755633850764,0.027691838419569594,-0.04539079820131984,0.011058923030459218,-0.013170291847886957,-0.009859323276317288,-0.008131236731170588,-0.047821596587779666,-0.012428568750288612,0.0014233038610914218,-0.018742922096556064,0.05160086861171238,-0.04782159658777974,0.012042786574051178,-0.020328164081369372,-0.0043788146114423585,0.015507873413518143,0.007610527490915784,-0.014369255787343865,-0.020328164081369372,-0.014369255787343879,-0.014369255787343879,-0.020328164081369376,-0.03578318587590933,0.008425764762664436,0.02924795641348085,-0.026580538764625464,-0.00401735046741902,-0.0034879876571871677,0.0032543980489197046,-0.010264022075591184,-0.0036001323199121777,0.004486742724032994,-0.008250739399482104,-0.028094696842960815,-0.010264022075591222,0.035960233852172924,-0.014587860174442894,-0.020328164081369386,0.02479199358959683,-0.014369255787343865,-0.014369255787343875,-0.014369255787343875,0.008514765180502983,-0.03217476823190273,-0.00987496872071566,-0.014369255787343879,0.06747988195058123,-0.0051372411063934946,0.04769912719940786,0.023357561161691066,-0.0017841480731120105,-0.014369255787343877,-0.06777656149407696,0.012391746417040416,-0.02032816408136938,-0.047410484972204237,0.033216179268831025,0.02010256878978887,-0.012513733535047594,-0.024905357100251012,0.07944426280430605,-0.009859323276317344,0.04769912719940786,0.02543673884810663,-0.013602081236778968,-0.025891812240532663,-0.07135954766390813,-0.014369255787343865,0.006170852379996268,0.023417139009017974,-0.024791993589596904,0.031834300218509096,0.025633378097253676,-0.018330210637965243,-0.04593188953122819,0.007039146898231015,0.06526668433525568,0.06263414592385012,0.006969580002811642,-0.032611449059869145,0.02981056446177821,-0.015155909315103794,-0.014369255787343868,0.001033391276950708,-0.009092430821884222,-0.015641427628433575,0.06952167690768242,0.015507873413518196,0.010954427284725727,-0.0010906741651643785,-0.023240364434040494,0.0006061520625059355,-0.047617012351259716,0.023575858934605905,0.011768575949362382,-0.03386949642813053,-0.020528201491332745,0.06807922257085591,-0.0067952957457553375,0.02238070035561331,-0.0009735291839425143,-0.027033953812018185,0.013530115012637702,0.02578644885634438,-0.037343098663053534,-0.04321986783352317,-0.004313867108095762,0.027777149784165782,-0.03983536598179777,0.012256314981490631,0.03242820131493161,-0.020328164081369386,0.06443033791483474,-0.021133122949820886,-0.020965671918434774,-0.014369255787343872,0.0032642991083281976,-0.013212491271881678,-0.003021491170781905,-0.024905357100250956,-0.014369255787343866,0.005445906104698324,0.009781199337536278,-0.032011509081631064,-0.0005116351631520658,0.02341713900901799,0.020537913066336913,0.07675616781097826,-0.007610527490915867,-0.01436925578734387,-0.056890307457957416,-0.017914323436473787,-0.028304756269936483,-0.008803123706801435,0.02587097365472041,-0.017593498360829414,-0.02003974395304614,0.01792690958626244,0.019012812875922235,0.01621328192382462,-0.009657070655754482,-0.0026474582730036827,0.035403780633674435,-0.037343098663053555,-0.02490535710025099,-0.009690447305005198,0.030757011457635767,-0.04322644003628946,0.03242820131493157,-0.023702684307299028,-0.01081921277057006,0.010528719295029553,-0.020328164081369383,0.028768103322607416,0.030102777579444233,-0.013357235993065134,-0.010264022075591175,0.023575858934605905,0.0043788146114423524,-0.014369255787343875,-0.028768103322607794,-0.020328164081369376,-0.0017336047614816869,0.05121309262947825,0.051213092629478145,-0.060110827391864644,-0.02490535710025099,0.02244156985873139,-0.028768103322607774,0.0399623632358437,-0.022773298284986317,0.04508832492966561,-0.057678903342461244,0.0095690036861947,-0.03787950609626476,0.005668098469574469,0.012880666796042458,-0.03809589091913016,0.05736585902139446,0.008004125008493969,0.02895129323015832,-0.07043320313717157,-0.011751297419252871,0.00892017057024433,-0.014369255787343865,0.0028936699233708153,0.008492907489862618,0.04769912719940781,-0.003714276896956893,-0.020328164081369372,0.004968199286157823,-0.01581371592816839,0.051213092629478194,-0.021170795156330195,0.03318037024345768,-0.039764709582882904,0.002144685826337494,0.0073305254453694315,0.00047924656208112883,0.02341713900901796,-0.012995884977097343,0.0039913087818783805,-0.009690447305005193,-0.0003774848091266345,0.06747988195058123,-0.017859740693510946,-0.03466762572058506,-0.03651702989769318,-0.047901961707105985,0.0018395248496499337,0.030220391546607238,0.010305172601814745,0.04327464896195534,0.04340955764443294,0.026636296291397507,0.011058923030459203,0.0001991776975212003,0.0022980437565396925,-0.013994218445104352,0.019949289340882862,-0.021006923882854824,0.009076545580161393,0.004615145317757155,-0.011867382281614816,0.019137225449568338,0.008425764762664436,-0.028406548549826997,0.011308553599215777,0.013485318875277496,-0.045158453303248934,-0.004378814611442411,0.06524300011545658,0.01512497720085112,-0.01331261606072318,0.020025150503610416,-0.058234335880474386,0.017485328324799515,0.02541696371335571,0.0009745754088395273,0.010066194973714037,0.009700052354432696,-0.00023903450362198328,0.030448511186020516,-0.025713720568958306,-0.024738376514141264,-0.026502966026695465,-0.01717496770432563,0.027293552436597222,-0.014369255787343865,-0.29602512160411476,-0.2814620175690428,1.0,-0.20254866364649693
YrSold_2010,0.020122096012478115,-0.010954431907215286,-0.02651003451709863,-0.0033431865015358204,0.001991759002855186,-0.02395670506110188,-0.027159895416290446,-0.005564120035006053,-0.0003037999326755271,-0.025102694571233077,0.0038521290594300864,-0.03577102951377182,0.02610736072732726,-0.05538462281829233,0.025271153889101287,-0.016392040045442632,0.0021359223936724954,-0.038845780802849096,0.015682169170187284,-0.018520664609249143,-0.04221951012939288,-0.024435886427239505,0.013857202142101838,-0.030646681817125158,0.03556717706557382,-0.03470693722655792,-0.017882341958080625,0.04081830304360853,-0.009661394471344311,0.014888832925564952,0.004377873254154252,-0.019342685418468803,-0.038045994160660374,-0.008088492998989307,0.009917065570438885,-0.013667959912113574,-0.01859048081279207,-0.05346624763259857,0.009899351399297696,-0.03458458313861332,-0.03575384184835512,-0.008234219687853558,-0.03233690692237208,0.02099966197818536,0.018916819060233184,-0.021934371540805332,0.03522362381670985,0.024819711854006613,-0.01693248329025513,0.02662156499854897,-0.011599450398136405,0.0035944135066174653,5.566772348010544e-05,0.06854608676216246,0.0634821183747816,-0.0206736291125511,0.032565618235861765,0.005896593263630378,-0.03215360041756447,-0.0065304802308146365,-0.012434286004933858,0.058306553927702856,-0.0051614965828598236,0.04100628001304985,-0.033746337187695444,0.04334695857841727,0.01446334611061767,0.009256684039064749,0.016686904640181528,-0.009661394471344308,-0.013667959912113574,-0.009661394471344311,-0.009661394471344311,-0.013667959912113581,0.018785974244043446,0.008728596853827772,-0.0019221743473760268,0.010497576968348082,-0.03631176272267448,0.033654178732683976,-0.027392340771404115,-0.03215360041756446,-0.01071536806243544,0.02099966197818532,-0.008088492998989328,0.011412332954425267,-0.007766973607359727,-0.012118715227931827,0.03544192377512569,0.0433469585784173,0.017801465895127534,-0.009661394471344308,-0.00966139447134431,-0.00966139447134431,-0.032153600417564515,0.050559902215748756,-0.023706142051263306,0.07094223940387107,-0.013667959912113578,0.03486577904452855,-0.00966139447134431,-0.0032844831161922606,0.008165610123112852,-0.009661394471344311,-0.002180223360371232,0.04878445451669103,-0.013667959912113576,5.56677234801047e-05,-0.02087245704515629,-0.010248114915486408,-0.03374633718769544,0.02982295130846401,0.004913777042569071,5.566772348009945e-05,-0.00966139447134431,-0.0020372662947934074,0.03136543685801999,-0.00507859298683785,-0.009841936226133233,-0.00966139447134431,0.04255413609667512,-0.02163320999451354,-0.01780146589512738,-0.032870965324513564,-0.009956014832028291,0.019141248901938596,-0.0015531792652724804,0.002061486743217495,0.004902792890076142,0.028604776348882324,-0.029026502252828646,0.01913909523850993,0.009899351399297714,0.03163156436803424,0.07094223940387102,-0.03650740028189404,0.05108303302263937,-0.027811023564769288,0.002044650467335568,0.04221951012939272,0.029822951308464008,-0.01647719907336506,-0.004589641680836904,0.024396327134490633,-0.048986154569636675,-0.013667959912113586,0.05883079762780188,-0.03697002029657511,0.0026378526740977316,0.005490406760140454,0.0157923069439555,0.04150654292286121,0.010864653521380267,-0.0215591333152581,-0.036060840101118825,0.02900713196884311,0.02860477634888239,-0.01827334547026941,0.028240100486508962,-0.03389725280901981,0.040840463292771835,-0.04123073557392487,0.004913777042569031,-0.01366795991211358,-0.019342685418468807,0.03661075176737709,-0.0334398960509252,-0.00966139447134431,0.04492943238985272,0.003308641641314261,-0.019350921038007708,-0.01674550741919103,-0.009661394471344311,0.030018120147466798,0.004254942337701476,0.01617697193123828,-0.004636516137959538,-0.02163320999451358,-0.010470049645346865,0.012928970932028048,0.08787481542275748,-0.009661394471344311,-0.016811531862701044,0.014819389029308452,-0.0012078331458837163,0.010934925791374853,-0.0026571892435726034,0.026596677504537897,0.05065913312806871,-0.004855131610630275,-0.002122131496810983,-0.03529345847164302,0.011247324232967374,-0.0009550163646953839,-0.05621483175855558,-0.03631176272267451,-0.016745507419191008,0.07155761159008284,-0.04404936027349462,-0.029063974847628543,-0.025614369689987565,0.060349463088625606,-0.02372229415107317,0.025978456169608408,-0.013667959912113576,0.01934268541846914,-0.02762784898544641,0.02165666716042524,-0.03215360041756453,0.043346958578417284,-0.01446334611061742,-0.009661394471344311,-0.01934268541846881,0.04334695857841729,-0.029063974847628554,0.014463346110617645,-0.021633209994513555,-0.058092036840159504,-0.016745507419191032,0.05686636521552296,-0.019342685418468796,-0.010238456320974367,-0.007207110180678856,0.05717525773510063,-0.060165294981723766,-0.028238205341022424,0.030579283102087403,-0.014539736656608602,0.0007477024755240724,-0.025614369689987603,-0.011516031802862503,-0.019170489816846548,0.011150149544466508,0.008776749028899251,0.008552212521036561,-0.02561436968998754,-0.009661394471344308,0.062433598508871625,0.004225439372406422,-0.009661394471344311,-0.06105481886949437,-0.01366795991211357,-0.06326866243239707,0.04083092861353365,-0.021633209994513552,0.008864006450106201,-0.004454679623325533,-0.027743839789295517,0.008591409127813844,0.02225515414809274,-0.049241120726802375,-0.021633209994513552,-0.0049311425430147,-0.010238456320974386,-0.01850627885950409,0.02258475317899621,-0.013667959912113576,0.09975539261517472,0.06740797646612226,0.15777170801283863,0.14322716007296862,0.03161608051778382,-0.12673519130012886,-0.11143441029087173,-0.07836813871749843,-0.09402508537546728,-0.08826411415632675,-0.07573112330671501,-0.012626564902294359,0.021000629882908982,-0.03359493480319715,-0.015985792117422758,-0.020061034496478676,-0.023283043369067946,-0.038845780802849145,0.0005176538498314926,0.02907696176342851,0.008728596853827772,0.005094727879855622,0.004655884885257275,-0.005078592986837873,0.02087154635609442,0.05055990221574881,-0.016199307532710757,-0.009060234250297481,-0.018735097407739595,-0.012306981449683741,0.04508791728831665,0.003602153290401894,-0.011026091113902533,-0.0007405160486212527,0.020095501818175664,-0.03215678820063053,0.03217337583114975,0.002852030127824683,-0.008925128194079599,-0.028559995946741253,-0.019516313478800007,0.03520973926789131,0.01661965320284502,-0.009661394471344308,-0.19903713286000885,-0.18924540147932245,-0.20254866364649693,1.0
